itemID,title,brand,rating,number_rating,price,ship,image_url,product_des
14-932-580,"GIGABYTE GeForce RTX 4070 Ti GAMING OC 12G Graphics Card, 3x WINDFORCE Fans, 12GB 192-bit GDDR6X, GV-N407TGAMING OC-12GD Video Card",GIGABYTE,4.9,59.0,859.99,0,https://c1.neweggimages.com/ProductImageCompressAll300/14-932-580-15.jpg,"[[' 2640 MHz', ' 7680 x 4320', ' 3 x DisplayPort 1.4', ' 1 x HDMI 2.1', 'GV-N407TGAMING OC-12GD', 'N82E16814932580']]"
14-932-561,GIGABYTE Gaming GeForce RTX 4080 16GB GDDR6X PCI Express 4.0 x16 ATX Video Card GV-N4080GAMING OC-16GD,GIGABYTE,4.3,109.0,1183.87,0,https://c1.neweggimages.com/ProductImageCompressAll300/14-932-561-23.jpg,"[[' 7680 x 4320', ' 3 x DisplayPort 1.4a', ' 1 x HDMI 2.1', ' DirectX 12', 'GV-N4080GAMING OC-16GD', 'N82E16814932561']]"
9SIAZUEJM11138,Yeston GeForce RTX 4080 16GB GDDR6X PCI Express 4.0 Video Card HDMI 2.1*1 + DP1.4a*3 video cards Desktop computer PC video gaming graphics card,yeston,5,3.0,1199.0,0,https://c1.neweggimages.com/ProductImageCompressAll300/AZUES2302220GA2UU8C.jpg,"[[' 2205MHz', ' 7680 x 4320', ' 1 x DisplayPort', ' 3 x HDMI', 'RTX4080-16G D6X YA', '9SIAZUEJM11138']]"
14-932-562,GIGABYTE EAGLE OC GeForce RTX 4080 16GB GDDR6X PCI Express 4.0 x16 ATX Video Card GV-N4080EAGLE OC-16GD,GIGABYTE,4,41.0,1149.99,0,https://c1.neweggimages.com/ProductImageCompressAll300/14-932-562-21.jpg,"[[' 7680 x 4320', ' 3 x DisplayPort 1.4a', ' 1 x HDMI 2.1', ' DirectX 12', 'GV-N4080EAGLE OC-16GD', 'N82E16814932562']]"
14-932-481,"GIGABYTE Radeon RX 6600 EAGLE 8G Graphics Card, WINDFORCE 3X Cooling System, 8GB 128-bit GDDR6, GV-R66EAGLE-8GD Video Card",GIGABYTE,4.6,111.0,179.99,0,https://c1.neweggimages.com/ProductImageCompressAll300/14-932-481-11.jpg,"[[' 7680 x 4320', ' 2 x DisplayPort 1.4a', ' 2 x HDMI 2.1', ' 11.10"" x 4.45""', 'GV-R66EAGLE-8GD', 'N82E16814932481']]"
9SIB86XH2K2757,51Risc AMD Radeon RX 580 DirectX 12 RX580 8G 256-Bit GDDR5 PCI Express 3.0 x16 HDCP Gaming Video Card Mining GPU,51Risc,4.6,18.0,85.0,0,https://c1.neweggimages.com/ProductImageCompressAll300/B86XS2304260DM71E42.jpg,"[[' 1149 MHz', ' 4096 x 2160', ' 3 x DisplayPort', ' 1 x DVI', '51RISC5808G', '9SIB86XH2K2757']]"
9SIAZUEFY85385,Yeston Radeon RX 6800 XT 16GB D6 GDDR6 256bit 7nm video cards Desktop computer PC Video Graphics Cards support PCI-Express 4.0 3*DP+1*HDMI-compatible  RGB light effect Fragrant graphics card,yeston,4.1,15.0,579.0,0,https://c1.neweggimages.com/ProductImageCompressAll300/AZUES210929t91WJ.jpg,"[[' 7680 x 4320', ' 3 x DisplayPort', ' 1 x HDMI', ' 2 Slots', 'RX6800XT-16G D6', '9SIAZUEFY85385']]"
14-137-632,MSI Ventus GeForce RTX 3060 12GB GDDR6 PCI Express 4.0 Video Card RTX 3060 Ventus 2X 12G OC,MSI,4.8,377.0,289.99,0,https://c1.neweggimages.com/ProductImageCompressAll300/14-137-632-03.jpg,"[[' 7680 x 4320', ' 3 x DisplayPort 1.4a', ' 1 x HDMI 2.1', ' 9.25"" x 4.88""', 'RTX3060Ventus2X12GOC', 'N82E16814137632']]"
9SIAZUEHWN8323,Yeston RTX 3070 8GB GDDR6 256bit LHR Graphics cards Nvidia pci express 4.0 HDMI 2.1*1 + DP1.4a*3 video cards Desktop computer PC video gaming graphics card,yeston,4.2,9.0,459.0,0,https://c1.neweggimages.com/ProductImageCompressAll300/AZUES2302220E9C5Y3C.jpg,"[[' 1500 MHz', ' 3 x DisplayPort 1.4a', ' 1 x HDMI 2.1', ' DirectX 12', 'RTX3070-8G D6 YA', '9SIAZUEHWN8323']]"
14-932-611,GIGABYTE WINDFORCE GeForce RTX 4070 12GB GDDR6X PCI Express 4.0 x16 ATX Video Card GV-N4070WF3OC-12GD,GIGABYTE,4.7,38.0,599.99,0,https://c1.neweggimages.com/ProductImageCompressAll300/14-932-611-V01.jpg,"[[' 7680 x 4320', ' 3 x DisplayPort', ' 1 x HDMI', ' 2.5 Slots', 'GV-N4070WF3OC-12GD', 'N82E16814932611']]"
14-150-877,XFX SPEEDSTER MERC310 Radeon RX 7900 XT 20GB GDDR6 PCI Express 4.0 x16 Video Card RX-79TMERCB9,XFX,4.3,23.0,719.99,0,https://c1.neweggimages.com/ProductImageCompressAll300/14-150-877-15.jpg,"[[' 1500 MHz', ' 7680 x 4320', ' 3 x DisplayPort 1.4', ' 1 x HDMI 2.1', 'RX-79TMERCB9', 'N82E16814150877']]"
14-137-801,MSI Mech Radeon RX 6750 XT 12GB GDDR6 PCI Express 4.0 ATX Video Card RX 6750 XT MECH 2X 12G V1,MSI,,,379.99,0,https://c1.neweggimages.com/ProductImageCompressAll300/14-137-801-16.png,"[[' 7680 x 4320', ' 3 x DisplayPort 1.4', ' 1 x HDMI 2.1', ' DirectX 12', 'RX 6750 XT MECH 2X 12G V1', 'N82E16814137801']]"
14-137-771,MSI Gaming GeForce RTX 4070 Ti 12GB GDDR6X PCI Express 4.0 Video Card RTX 4070 Ti GAMING X TRIO 12G,MSI,4.8,78.0,814.99,0,https://c1.neweggimages.com/ProductImageCompressAll300/14-137-771-02.jpg,"[[' 7680 x 4320', ' 3 x DisplayPort 1.4a', ' 1 x HDMI 2.1a', ' DirectX 12 Ultimate', 'RTX 4070 Ti GAMING X TRIO 12G', 'N82E16814137771']]"
14-930-088,ASRock Phantom Gaming Radeon RX 6950 XT 16GB GDDR6 PCI Express 4.0 Video Card RX6950XT PG 16GO,ASRock,4.8,38.0,579.99,0,https://c1.neweggimages.com/ProductImageCompressAll300/14-930-088-03.jpg,"[[' 1958 MHz', ' 7680 x 4320', ' 3 x DisplayPort 1.4', ' 1 x HDMI 2.1', 'RX6950XT PG 16GO', 'N82E16814930088']]"
14-930-066,ASRock Radeon RX 6600 8GB GDDR6 PCI Express 4.0 Video Card RX6600 CLD 8G,ASRock,4.7,221.0,189.99,0,https://c1.neweggimages.com/ProductImageCompressAll300/14-930-066-07.jpg,"[[' 1626 MHz', ' 7680 x 4320', ' 3 x DisplayPort 1.4', ' 1 x HDMI 2.1', 'RX6600 CLD 8G', 'N82E16814930066']]"
9SIAZUEJM41519,Yeston Radeon RX 7900 XTX 24GD6 GDDR6 384bit 5nm video cards Desktop computer PC Video Graphics Cards support PCI-Express 4.0 3*DP+1*HDMI-compatible RGB light effect Fragrant graphics card,yeston,5,1.0,1049.0,0,https://c1.neweggimages.com/ProductImageCompressAll300/AZUES2302230KD3O3A4.jpg,"[[' 2270MHz', ' 7680 x 4320', ' 1 x DisplayPort', ' 3 x HDMI', 'RX7900XTX-24GD6 sugar YA', '9SIAZUEJM41519']]"
14-126-649,"ASUS Dual GeForce RTX 4060 Ti White OC Edition 8GB GDDR6 (PCIe 4.0, 8GB GDDR6, DLSS 3, HDMI 2.1, DisplayPort 1.4a, Axial-tech fan design, 0dB technology) DUAL-RTX4060TI-O8G-WHITE",ASUS,,,409.99,0,https://c1.neweggimages.com/ProductImageCompressAll300/14-126-649-04.png,"[[' 2310 MHz', ' 7680 x 4320', ' 3 x DisplayPort 1.4a', ' 1 x HDMI 2.1a', 'DUAL-RTX4060TI-O8G-WHITE', 'N82E16814126649']]"
14-930-056,"ASRock Radeon RX 6700 XT Challenger D Gaming Graphic Card, 12GB GDDR6 VRAM, AMD RDNA2 (RX6700XT CLD 12G)",ASRock,4.5,246.0,329.99,0,https://c1.neweggimages.com/ProductImageCompressAll300/14-930-056-01.jpg,"[[' 2321 MHz', ' 7680 x 4320', ' 3 x DisplayPort 1.4', ' 1 x HDMI 2.1', 'RX6700XT CLD 12G', 'N82E16814930056']]"
14-932-587,GIGABYTE Gaming Radeon RX 7900 XTX 24GB GDDR6 PCI Express 4.0 x16 ATX Video Card GV-R79XTXGAMING OC-24GD,GIGABYTE,3.9,20.0,1049.99,$9.99 Shipping,https://c1.neweggimages.com/ProductImageCompressAll300/14-932-587-10.jpg,"[[' 7680 x 4320', ' 2 x DisplayPort 2.1', ' 2 x HDMI 2.1', ' 3 Slots', 'GV-R79XTXGAMING OC-24GD', 'N82E16814932587']]"
14-126-637,"ASUS TUF Gaming NVIDIA GeForce RTX 4070 OC Edition Gaming Graphics Card (PCIe 4.0, 12GB GDDR6X, HDMI 2.1, DisplayPort 1.4a) TUF-RTX4070-O12G-GAMING",ASUS,4.8,19.0,649.0,0,https://c1.neweggimages.com/ProductImageCompressAll300/14-126-637-V01.jpg,"[[' 7680 x 4320', ' 3 x DisplayPort 1.4a', ' 1 x HDMI 2.1', ' 3.25 Slots', 'TUF-RTX4070-O12G-GAMING', 'N82E16814126637']]"
14-137-737,MSI Mech Radeon RX 6650 XT 8GB GDDR6 PCI Express 4.0 Video Card RX 6650 XT MECH 2X 8G OC,MSI,4.6,105.0,259.99,0,https://c1.neweggimages.com/ProductImageCompressAll300/14-137-737-01.jpg,"[[' 7680 x 4320', ' 3 x DisplayPort 1.4a', ' 1 x HDMI 2.1', ' 9.25"" x 4.92""', 'RX 6650 XT MECH 2X 8G OC', 'N82E16814137737']]"
9SIAD2CJ2Z2316,XFX SPEEDSTER SWFT105 Radeon RX 6400 4GB GDDR6 PCI Express 4.0 Low Profile Video Card RX-64XL4SFG2,XFX,4.6,15.0,139.99,0,https://c1.neweggimages.com/ProductImageCompressAll300/14-150-868-V01.jpg,"[[' 1923 MHz', ' 7680 x 4320', ' 1 x DisplayPort 1.4', ' 1 x HDMI 2.1', 'RX-64XL4SFG2', '9SIAD2CJ2Z2316']]"
14-487-052,EVGA GeForce GT 730 2GB GDDR5 PCI Express 2.0 Low Profile Video Card 02G-P3-3733-KR,EVGA,4.5,50.0,49.99,0,https://c1.neweggimages.com/ProductImageCompressAll300/14-487-052-08.jpg,"[[' 902 MHz', ' 4096 x 2160', ' 1 x DL-DVI-D', ' 1 x HDMI', '02G-P3-3733-KR', 'N82E16814487052']]"
14-932-584,"GIGABYTE AORUS GeForce RTX 4070 Ti MASTER 12G Graphics Card, 3x WINDFORCE Fans, 12GB 192-bit GDDR6X, GV-N407TAORUS M-12GD Video Card",GIGABYTE,4.4,5.0,919.99,0,https://c1.neweggimages.com/ProductImageCompressAll300/14-932-584-13.jpg,"[[' 2670 MHz', ' 7680 x 4320', ' 3 x DisplayPort 1.4a', ' 1 x HDMI 2.1', 'GV-N407TAORUS M-12GD', 'N82E16814932584']]"
14-932-585,GIGABYTE Gaming Radeon RX 7900 XT 20GB GDDR6 PCI Express 4.0 x16 ATX Video Card GV-R79XTGAMING OC-20GD,GIGABYTE,4.5,2.0,849.99,0,https://c1.neweggimages.com/ProductImageCompressAll300/14-932-585-10.jpg,"[[' 7680 x 4320', ' 2 x DisplayPort 2.1', ' 2 x HDMI 2.1', ' 3 Slots', 'GV-R79XTGAMING OC-20GD', 'N82E16814932585']]"
14-993-001,"SPARKLE Intel Arc A750 TITAN OC Edition, 8GB GDDR6, ThermalSync, TORN Cooling, Axial Fan, Metal Backplate, SA750T-8GOC",,,,259.99,0,https://c1.neweggimages.com/ProductImageCompressAll300/14-993-001-11.png,"[[' 7680 x 4320', ' 3 x DisplayPort 2.0', ' 1 x HDMI 2.0b', ' 305 mm x 103 mm', 'SA750T-8GOC', 'N82E16814993001']]"
14-126-658,"ASUS TUF Gaming GeForce RTX 4090 OG OC Edition Gaming Graphics Card (PCIe 4.0, 24GB GDDR6X, DLSS 3, HDMI 2.1, DisplayPort 1.4a) TUF-RTX4090-O24G-OG-GAMING",ASUS,,,1799.99,0,https://c1.neweggimages.com/ProductImageCompressAll300/14-126-658-01.jpg,"[[' 2235 MHz', ' 7680 x 4320', ' 3 x DisplayPort 1.4a', ' 2 x HDMI 2.1a', 'TUF-RTX4090-O24G-OG-GAMING', 'N82E16814126658']]"
14-137-735,MSI Mech Radeon RX 6750 XT 12GB GDDR6 PCI Express 4.0 Video Card RX 6750 XT MECH 2X 12G OC,MSI,4.5,102.0,359.99,0,https://c1.neweggimages.com/ProductImageCompressAll300/14-137-735-01.jpg,"[[' 7680 x 4320', ' 3 x DisplayPort 1.4', ' 1 x HDMI 2.1', ' 9.80"" x 5.20""', 'RX 6750 XT MECH 2X 12G OC', 'N82E16814137735']]"
9SIAZUEHWN8323,Yeston RTX 3070 8GB GDDR6 256bit LHR Graphics cards Nvidia pci express 4.0 HDMI 2.1*1 + DP1.4a*3 video cards Desktop computer PC video gaming graphics card,yeston,4.2,9.0,459.0,0,https://c1.neweggimages.com/ProductImageCompressAll300/AZUES2302220E9C5Y3C.jpg,"[[' 1500 MHz', ' 3 x DisplayPort 1.4a', ' 1 x HDMI 2.1', ' DirectX 12', 'RTX3070-8G D6 YA']]"
14-126-606,"ASUS TUF Gaming NVIDIA GeForce RTX 4070 Ti OC Edition Gaming Graphics Card (PCIe 4.0, 12GB GDDR6X, HDMI 2.1a, DisplayPort 1.4a) TUF-RTX4070TI-O12G-GAMING",ASUS,4.7,87.0,818.99,0,https://c1.neweggimages.com/ProductImageCompressAll300/14-126-606-20.jpg,"[[' 2310 MHz', ' 7680 x 4320', ' 3 x DisplayPort 1.4a', ' 2 x HDMI 2.1a', 'TUF-RTX4070TI-O12G-GAMING', 'N82E16814126606']]"
14-202-429,SAPPHIRE PULSE Radeon RX 7900 XTX 24GB GDDR6 PCI Express 4.0 x16 ATX Video Card 11322-02-20G,Sapphire Tech,4.7,31.0,949.99,0,https://c1.neweggimages.com/ProductImageCompressAll300/14-202-429-15.jpg,"[[' 1855 MHz', ' 7680 x 4320', ' 2 x DisplayPort 2.1', ' 2 x HDMI 2.1', '11322-02-20G', 'N82E16814202429']]"
14-930-070,ASRock Challenger D Radeon RX 6650 XT 8GB GDDR6 PCI Express 4.0 Video Card RX6650XT CLD 8GO,ASRock,4.9,43.0,239.99,0,https://c1.neweggimages.com/ProductImageCompressAll300/14-930-070-01.jpg,"[[' 2106 MHz', ' 7680 x 4320', ' 3 x DisplayPort 1.4', ' 1 x HDMI 2.1', 'RX6650XT CLD 8GO', 'N82E16814930070']]"
14-150-878,XFX SPEEDSTER MERC310 Radeon RX 7900 XTX 24GB GDDR6 PCI Express 4.0 x16 Video Card RX-79XMERCB9,XFX,4.6,70.0,919.99,0,https://c1.neweggimages.com/ProductImageCompressAll300/14-150-878-16.jpg,"[[' 1885 MHz', ' 7680 x 4320', ' 3 x DisplayPort 2.1', ' 1 x HDMI 2.1', 'RX-79XMERCB9', 'N82E16814150878']]"
14-137-759,MSI Suprim GeForce RTX 4090 24GB GDDR6X PCI Express 4.0 Video Card RTX 4090 SUPRIM LIQUID X 24G,MSI,4.7,97.0,1749.99,0,https://c1.neweggimages.com/ProductImageCompressAll300/14-137-759-34.png,"[[' 7680 x 4320', ' 3 x DisplayPort 1.4a', ' 1 x HDMI 2.1', ' DirectX 12 Ultimate', 'RTX 4090 SUPRIM LIQUID X 24G', 'N82E16814137759']]"
9SIAZUEFE85514,Yeston RTX 3060 Ti 8GB GDDR6 LHR Graphics cards Nvidia pci express x16 4.0 video cards Desktop computer PC video gaming graphics card,yeston,5,3.0,399.0,0,https://c1.neweggimages.com/ProductImageCompressAll300/AZUES210728hVLAv.jpg,"[[' 1410 MHz', ' DirectX 12', ' NVIDIA', ' NVIDIA GeForce RTX 30 Series', 'RTX3060Ti-8G D6 LA-LHR', '9SIAZUEFE85514']]"
14-137-789,MSI Ventus GeForce RTX 4070 12GB GDDR6X PCI Express 4.0 ATX Video Card RTX 4070 VENTUS 3X 12G OC,MSI,4.6,21.0,609.99,0,https://c1.neweggimages.com/ProductImageCompressAll300/14-137-789-01.jpg,"[[' 7680 x 4320', ' 3 x DisplayPort 1.4a', ' 1 x HDMI 2.1a', ' DirectX 12 Ultimate', 'RTX 4070 VENTUS 3X 12G OC', 'N82E16814137789']]"
14-930-049,"ASRock Radeon RX 6800 XT Phantom Gaming Graphics Card with 16GB GDDR6, AMD RDNA 2 (RX6800XT PG 16GO)",ASRock,4.6,163.0,509.99,0,https://c1.neweggimages.com/ProductImageCompressAll300/14-930-049-02.jpg,"[[' 1875 MHz', ' 7680 x 4320', ' 3 x DisplayPort 1.4 with DSC', ' 1 x HDMI 2.1 VRR', 'RX6800XT PGD 16GO', 'N82E16814930049']]"
14-930-081,ASRock Phantom Gaming Radeon RX 7900 XTX 24GB GDDR6 PCI Express 4.0 ATX Video Card RX7900XTX PG 24GO,ASRock,4.2,35.0,919.99,0,https://c1.neweggimages.com/ProductImageCompressAll300/14-930-081-01.jpg,"[[' 7680 x 4320', ' 3 x DisplayPort 2.1', ' 1 x HDMI 2.1', ' 2.8 Slot', 'RX7900XTX PG 24GO', 'N82E16814930081']]"
14-993-003,"SPARKLE Intel Arc A380 ELF, 6GB GDDR6, Single Fan, SA380E-6G",,,,139.99,0,https://c1.neweggimages.com/ProductImageCompressAll300/14-993-003-01.png,"[[' 2000 MHz', ' 7680 x 4320', ' 3 x DisplayPort 2.0', ' 1 x HDMI 2.0b', 'SA380E-6G', 'N82E16814993003']]"
14-126-619,"ASUS ROG Strix GeForce RTX 4080 White Edition Gaming Graphics Card (PCIe 4.0, 16GB GDDR6X, HDMI 2.1a, DisplayPort 1.4a) ROG-STRIX-RTX4080-16G-WHITE",ASUS,5,1.0,1529.99,0,https://c1.neweggimages.com/ProductImageCompressAll300/14-126-619-02.jpg,"[[' 7680 x 4320', ' 3 x DisplayPort 1.4a', ' 2 x HDMI 2.1a', ' 3.5 Slot', 'ROG-STRIX-RTX4080-16G-WHITE', 'N82E16814126619']]"
14-932-520,GIGABYTE Gaming OC Radeon RX 6650 XT 8GB GDDR6 PCI Express 4.0 ATX Video Card GV-R665XTGAMING OC-8GD,GIGABYTE,4.6,65.0,269.99,0,https://c1.neweggimages.com/ProductImageCompressAll300/14-932-520-11.jpg,"[[' 7680 x 4320', ' 2 x DisplayPort 1.4a', ' 2 x HDMI 2.1', ' 11.10"" x 4.53""', 'GV-R665XTGAMING OC-8GD', 'N82E16814932520']]"
14-126-605,"ASUS ROG Strix NVIDIA GeForce RTX 4070 Ti Gaming Graphics Card (PCIe 4.0, 12GB GDDR6X, HDMI 2.1a, DisplayPort 1.4a) ROG-STRIX-RTX4070TI-12G-GAMING",ASUS,4,2.0,949.99,0,https://c1.neweggimages.com/ProductImageCompressAll300/14-126-605-10.png,"[[' 2310 MHz', ' 7680 x 4320', ' 3 x DisplayPort 1.4a', ' 2 x HDMI 2.1a', 'ROG-STRIX-RTX4070TI-12G-GAMING', 'N82E16814126605']]"
14-930-082,ASRock Taichi Radeon RX 7900 XT 20GB GDDR6 PCI Express 4.0 ATX Video Card RX7900XT TC 20GO,ASRock,4.1,7.0,859.99,0,https://c1.neweggimages.com/ProductImageCompressAll300/14-930-082-01.jpg,"[[' 7680 x 4320', ' 3 x DisplayPort 2.1', ' 1 x HDMI 2.1', ' 3 Slots', 'RX7900XT TC 20GO', 'N82E16814930082']]"
14-930-071,ASRock Challenger Pro Radeon RX 6750 XT 12GB GDDR6 PCI Express 4.0 Video Card RX6750XT CLP 12GO,ASRock,4.6,45.0,359.99,0,https://c1.neweggimages.com/ProductImageCompressAll300/14-930-071-02.jpg,"[[' 2235 MHz', ' 7680 x 4320', ' 3 x DisplayPort 1.4', ' 1 x HDMI 2.1', 'RX6750XT CLP 12GO', 'N82E16814930071']]"
14-202-394,"Sapphire Pulse AMD RADEON RX 6800 GAMING GRAPHICS CARD WITH 16GB GDDR6, AMD RDNA 2 (11305-02-20G)",Sapphire Tech,4.7,47.0,479.99,0,https://c1.neweggimages.com/ProductImageCompressAll300/14-202-394-02.jpg,"[[' 7680 x 4320', ' 3 x DisplayPort 1.4', ' 1 x HDMI 2.1', ' 11.92"" x 5.01""', '11305-02-20G', 'N82E16814202394']]"
14-131-807,PowerColor RED DEVIL Radeon RX 7900 XTX 24GB GDDR6 PCI Express 4.0 ATX Video Card RX7900XTX 24G-E/OC,PowerColor,4.1,12.0,969.99,0,https://c1.neweggimages.com/ProductImageCompressAll300/14-131-807-01.jpg,"[[' 1855 MHz', ' 7680 x 4320', ' 3 x DisplayPort 2.1', ' 1 x HDMI 2.1', 'RX7900XTX 24G-E/OC', 'N82E16814131807']]"
14-930-084,ASRock Radeon RX 7900 XTX 24GB GDDR6 PCI Express 4.0 Video Card RX7900XTX 24G,ASRock,4.7,21.0,979.99,0,https://c1.neweggimages.com/ProductImageCompressAll300/14-930-084-06.jpg,"[[' 7680 x 4320', ' 2 x DisplayPort 2.1', ' 1 x HDMI 2.1', ' 2.5 Slot', 'RADEON RX7900XTX 24G', 'N82E16814930084']]"
14-137-769,MSI Ventus GeForce RTX 3060 8GB GDDR6 PCI Express 4.0 ATX Video Card RTX 3060 VENTUS 2X 8G OC,MSI,5,5.0,259.99,0,https://c1.neweggimages.com/ProductImageCompressAll300/14-137-769-12.jpg,"[[' 7680 x 4320', ' 3 x DisplayPort 1.4a', ' 1 x HDMI 2.1', ' DirectX 12 Ultimate', 'RTX 3060 VENTUS 2X 8G OC', 'N82E16814137769']]"
14-500-518,"ZOTAC GAMING GeForce RTX 3060 Ti Twin Edge OC LHR 8GB GDDR6 256-bit 14 Gbps PCIE 4.0 Gaming Graphics Card, IceStorm 2.0 Advanced Cooling, Active Fan Control, FREEZE Fan Stop ZT-A30610H-10MLHR",ZOTAC,4.7,105.0,329.99,0,https://c1.neweggimages.com/ProductImageCompressAll300/14-500-518-09.jpg,"[[' 7680 x 4320', ' 3 x DisplayPort 1.4a', ' 1 x HDMI 2.1', ' 8.74"" x 4.55""', 'ZT-A30610H-10MLHR', 'N82E16814500518']]"
14-137-631,MSI Ventus GeForce RTX 3060 12GB GDDR6 PCI Express 4.0 Video Card RTX 3060 Ventus 3X 12G OC,MSI,4.8,184.0,298.99,0,https://c1.neweggimages.com/ProductImageCompressAll300/14-137-631-03.jpg,"[[' 7680 x 4320', ' 3 x DisplayPort 1.4a', ' 1 x HDMI 2.1', ' 12.44"" x 4.72""', 'RTX3060Ventus3X12GOC', 'N82E16814137631']]"
14-202-428,SAPPHIRE NITRO Radeon RX 7900 XTX 24GB GDDR6 PCI Express 4.0 x16 ATX Video Card 11322-01-40G,Sapphire Tech,4.5,58.0,1049.99,0,https://c1.neweggimages.com/ProductImageCompressAll300/14-202-428-V02.jpg,"[[' 7680 x 4320', ' 2 x DisplayPort 2.1', ' 2 x HDMI 2.1', ' 4 Slots', '11322-01-40G', 'N82E16814202428']]"
14-883-002,Intel Arc A750 Limited Edition 8GB PCI Express 4.0 Graphics Card 21P02J00BA,Intel,4.4,70.0,249.99,0,https://c1.neweggimages.com/ProductImageCompressAll300/14-883-002-07.jpg,"[[' 2050', ' 7680 x 4320', ' 3 x DisplayPort 2.0', ' 1 x HDMI 2.1', '21P02J00BA', 'N82E16814883002']]"
14-932-452,GIGABYTE Eagle GeForce RTX 3070 8GB GDDR6 PCI Express 4.0 ATX Video Card GV-N3070EAGLE-8GD (rev. 2.0) (LHR),GIGABYTE,4.8,5.0,409.99,0,https://c1.neweggimages.com/ProductImageCompressAll300/14-932-452-V07.jpg,"[[' 1725 MHz', ' 7680 x 4320', ' 2 x DisplayPort 1.4a', ' 2 x HDMI 2.1', 'GV-N3070EAGLE-8GD', 'N82E16814932452']]"
14-150-848,"XFX SPEEDSTER MERC319 AMD Radeon RX 6800 XT CORE Gaming Graphics Card with 16GB GDDR6 HDMI 3 x DP, AMD RDNA 2 (RX-68XTALFD9)",XFX,4.4,38.0,499.99,0,https://c1.neweggimages.com/ProductImageCompressAll300/14-150-848-02.jpg,"[[' 1825 MHz', ' 3 x DisplayPort 1.4', ' 1 x HDMI 2.1', ' 13.39"" x 5.43""', 'RX-68XTALFD9', 'N82E16814150848']]"
14-932-625,"GIGABYTE GeForce RTX 4090 WINDFORCE V2 24G Graphics Card, 3x WINDFORCE Fans, 24GB 384-bit GDDR6X, GV-N4090WF3V2-24GD Video Card",GIGABYTE,,,1699.99,0,https://c1.neweggimages.com/ProductImageCompressAll300/14-932-632-23.jpg,"[[' 2520 MHz', ' 7680 x 4320', ' 3 x DisplayPort', ' 1 x HDMI', 'GV-N4090WF3V2-24GD', 'N82E16814932625']]"
14-137-770,MSI Suprim GeForce RTX 4070 Ti 12GB GDDR6X PCI Express 4.0 Video Card RTX 4070 Ti SUPRIM X 12G,MSI,4.7,13.0,949.0,0,https://c1.neweggimages.com/ProductImageCompressAll300/14-137-770-03.jpg,"[[' 2310 MHz', ' 7680 x 4320', ' 3 x DisplayPort 1.4a', ' 1 x HDMI 2.1a', 'RTX 4070 Ti SUPRIM X 12G', 'N82E16814137770']]"
14-150-880,XFX SPEEDSTER QICK308 RADEON RX 7600 BLACK Gaming Graphics Card RX-76PQICKBY,XFX,,,269.99,0,https://c1.neweggimages.com/ProductImageCompressAll300/14-150-880-09.jpg,"[[' 1875MHz', ' 7680 x 4320', ' 3 x DisplayPort 2.1', ' 1 x HDMI 2.1', 'RX-76PQICKBY', 'N82E16814150880']]"
14-993-002,"SPARKLE Intel Arc A750 ORC OC Edition, 8GB GDDR6, ThermalSync, TORN Cooling, Axial Fan, Metal Backplate, SA750C-8GOC",,,,239.99,0,https://c1.neweggimages.com/ProductImageCompressAll300/14-993-002-10.png,"[[' 7680 x 4320', ' 3 x DisplayPort 2.0', ' 1 x HDMI 2.0b', ' 2.2 Slots', 'SA750C-8GOC', 'N82E16814993002']]"
9SIBMWJJVZ9016,ASUS ROG Strix GeForce RTX 3080 V2 OC Edition 10GB GDDR6X PCI Express 4.0 x16 Video Card ROG-STRIX-RTX3080-O10G-V2-GAMING (LHR),ASUS,4.7,62.0,878.0,$49.99 Shipping,https://c1.neweggimages.com/ProductImageCompressAll300/14-126-534-V19.jpg,"[[' 1440 MHz', ' 7680 x 4320', ' 3 x DisplayPort 1.4a', ' 2 x HDMI 2.1', 'ROG-STRIX-RTX3080-O10G-V2-GAMING']]"
9SIAYTVFCS4332,GIGABYTE Gaming GeForce RTX 3060 12GB GDDR6 PCI Express 4.0 x16 ATX Video Card GV-N3060GAMING OC-12GD (rev. 2.0),GIGABYTE,,,369.99,$49.99 Shipping,https://c1.neweggimages.com/ProductImageCompressAll300/APBUD210706R4SVW.jpg,[['B-GV-N3060GAMING OC-']]
14-932-519,GIGABYTE Gaming OC Radeon RX 6750 XT 12GB GDDR6 PCI Express 4.0 ATX Video Card GV-R675XTGAMING OC-12GD,GIGABYTE,4.4,85.0,379.99,0,https://c1.neweggimages.com/ProductImageCompressAll300/14-932-519-12.jpg,"[[' 7680 x 4320', ' 2 x DisplayPort 1.4a', ' 2 x HDMI 2.1', ' 11.06"" x 4.53""', 'GV-R675XTGAMING OC-12GD', 'N82E16814932519']]"
14-126-599,"ASUS TUF Gaming GeForce RTX 4080 Gaming Graphics Card (PCIe 4.0, 16GB GDDR6X, HDMI 2.1a, DisplayPort 1.4a) TUF-RTX4080-16G-GAMING",ASUS,4.7,37.0,1199.0,0,https://c1.neweggimages.com/ProductImageCompressAll300/14-126-599-61.jpg,"[[' 7680 x 4320', ' 3 x DisplayPort 1.4a', ' 2 x HDMI 2.1', ' 348.2 x 72.6mm', 'TUF-RTX4080-16G-GAMING', 'N82E16814126599']]"
14-137-766,MSI Gaming GeForce RTX 4080 16GB GDDR6X PCI Express 4.0 Video Card RTX 4080 16GB GAMING X TRIO,MSI,4.9,35.0,1209.99,0,https://c1.neweggimages.com/ProductImageCompressAll300/14-137-766-01.jpg,"[[' 7680 x 4320', ' 3 x DisplayPort 1.4a', ' 1 x HDMI 2.1', ' DirectX 12 Ultimate', 'RTX 4080 16GB GAMING X TRIO', 'N82E16814137766']]"
14-930-090,ASRock Taichi White Radeon RX 7900 XTX 24GB GDDR6 PCI Express 4.0 x16 ATX Video Card RX7900XTX TCW 24GO,ASRock,4.8,12.0,1059.99,0,https://c1.neweggimages.com/ProductImageCompressAll300/14-930-090-03.jpg,"[[' 7680 x 4320', ' 3 x DisplayPort 2.1', ' 1 x HDMI 2.1', ' 3 Slots', 'RX7900XTX TCW 24GO', 'N82E16814930090']]"
14-930-076,ASRock Challenger Arc A380 6GB GDDR6 PCI Express 4.0 ITX Video Card A380 CLI 6G OC,ASRock,3.9,77.0,119.99,0,https://c1.neweggimages.com/ProductImageCompressAll300/14-930-076-01.jpg,"[[' 2250 MHz', ' 7680 x 4320', ' 3 x DisplayPort 2.0', ' 1 x HDMI 2.0b', 'A380 CLI 6G OC', 'N82E16814930076']]"
14-932-620,"GIGABYTE GeForce RTX 4060 Ti EAGLE 8G Graphics Card, 3x WINDFORCE Fans, 8GB 128-bit GDDR6, GV-N406TEAGLE-8GD Video Card",GIGABYTE,4.9,7.0,399.99,0,https://c1.neweggimages.com/ProductImageCompressAll300/14-932-620-10.jpg,"[[' 2535 MHz', ' 7680 x 4320', ' 2 x DisplayPort', ' 2 x HDMI', 'GV-N406TEAGLE-8GD', 'N82E16814932620']]"
14-137-768,MSI Ventus GeForce RTX 4080 16GB GDDR6X PCI Express 4.0 Video Card RTX 4080 16GB VENTUS 3X,MSI,,,1189.99,0,https://c1.neweggimages.com/ProductImageCompressAll300/14-137-768-02.jpg,"[[' 7680 x 4320', ' 3 x DisplayPort 1.4a', ' 1 x HDMI 2.1', ' DirectX 12 Ultimate', 'RTX 4080 16GB VENTUS 3X', 'N82E16814137768']]"
14-932-630,"GIGABYTE GeForce RTX 4060 WINDFORCE OC 8G Graphics Card, 2x WINDFORCE Fans, 8GB 128-bit GDDR6, GV-N4060WF2OC-8GD  Video Card",GIGABYTE,,,299.99,0,https://c1.neweggimages.com/ProductImageCompressAll300/14-932-630-17.jpg,"[[' 7680 x 4320', ' 2 x DisplayPort', ' 2 x HDMI', ' 2 Slots', 'GV-N4060WF2OC-8GD', 'N82E16814932630']]"
14-126-665,"ASUS Dual GeForce RTX 4060 OC Edition 8GB GDDR6 (PCIe 4.0, 8GB GDDR6, DLSS 3, HDMI 2.1a, DisplayPort 1.4a, 2.5-slot design, Axial-tech fan design, 0dB technology) DUAL-RTX4060-O8G",ASUS,5,1.0,299.99,0,https://c1.neweggimages.com/ProductImageCompressAll300/14-126-665-02.png,"[[' 7680 x 4320', ' 3 x DisplayPort 1.4a', ' 1 x HDMI 2.1a', ' 2.5 Slots', 'DUAL-RTX4060-O8G', 'N82E16814126665']]"
14-137-791,MSI Gaming GeForce RTX 4070 12GB GDDR6X PCI Express 4.0 ATX Video Card RTX 4070 GAMING X TRIO 12G,MSI,4.8,13.0,639.99,0,https://c1.neweggimages.com/ProductImageCompressAll300/14-137-791-01.jpg,"[[' 7680 x 4320', ' 3 x DisplayPort 1.4a', ' 1 x HDMI 2.1a', ' DirectX 12 Ultimate', 'RTX 4070 GAMING X TRIO 12G', 'N82E16814137791']]"
14-126-644,"ASUS ROG Strix GeForce RTX 4070 Gaming Graphics Card (PCIe 4.0, 12GB GDDR6X, DLSS 3, HDMI 2.1, DisplayPort 1.4a) ROG-STRIX-RTX4070-12G-GAMING",ASUS,,,719.99,0,https://c1.neweggimages.com/ProductImageCompressAll300/14-126-644-08.png,"[[' 2505 MHz', ' 7680 x 4320', ' 3 x DisplayPort 1.4a', ' 2 x HDMI 2.1', 'ROG-STRIX-RTX4070-12G-GAMING', 'N82E16814126644']]"
9SIBG5RK0C0072,Nvidia Geforce RTX 3060 Ti 8GB Graphics Card,NVIDIA,,,549.0,0,https://c1.neweggimages.com/ProductImageCompressAll300/B1TYS23011316BFMGF4.jpg,"[[' 1410 MHz', ' 3 x DisplayPort 1.4', ' 1 x HDMI 2.1', ' 1665 MHz', 'NGRTX3060Ti8']]"
14-930-085,ASRock Radeon RX 7900 XT 20GB GDDR6 PCI Express 4.0 Video Card RX7900XT 20G,ASRock,4.8,17.0,829.99,0,https://c1.neweggimages.com/ProductImageCompressAll300/14-930-085-V01.jpg,"[[' 7680 x 4320', ' 2 x DisplayPort 2.1', ' 1 x HDMI 2.1', ' 2.5 Slot', 'RADEON RX7900XT 20G', 'N82E16814930085']]"
14-137-803,MSI Gaming Radeon RX 6800 16GB GDDR6 PCI Express 4.0 ATX Video Card RX 6800 GAMING Z TRIO V1,MSI,,,499.99,0,https://c1.neweggimages.com/ProductImageCompressAll300/14-137-803-02.png,"[[' 7680 x 4320', ' 3 x DisplayPort 1.4a', ' 1 x HDMI 2.1', ' DirectX 12 Ultimate', 'RX 6800 Gaming Z TRIO V1', 'N82E16814137803']]"
14-133-849,PNY GeForce RTX 4090 24GB VERTO Triple Fan Graphics Card DLSS 3,"PNY Technologies, Inc.",5,4.0,1599.99,0,https://c1.neweggimages.com/ProductImageCompressAll300/14-133-849-24.jpg,"[[' 2235 MHz', ' 7680 x 4320', ' 3 x DisplayPort 1.4a', ' 1 x HDMI 2.1', 'VCG409024TFXPB1', 'N82E16814133849']]"
9SIAD2CHH37623,XFX SPEEDSTER SWFT 210 Radeon RX 6600 8GB GDDR6 PCI Express 4.0 Video Card RX-66XL8LFDQ,XFX,4.4,83.0,219.99,0,https://c1.neweggimages.com/ProductImageCompressAll300/14-150-864-01.jpg,"[[' 1626 MHz', ' 7680 x 4320', ' 3 x DisplayPort 1.4', ' 1 x HDMI 2.1', 'RX-66XL8LFDQ']]"
14-137-778,MSI Gaming GeForce RTX 4070 Ti 12GB GDDR6X PCI Express 4.0 Video Card RTX 4070 Ti GAMING TRIO 12G,MSI,4.5,19.0,859.99,0,https://c1.neweggimages.com/ProductImageCompressAll300/14-137-778-04.jpg,"[[' 7680 x 4320', ' 3 x DisplayPort 1.4a', ' 1 x HDMI 2.1a', ' DirectX 12 Ultimate', 'RTX 4070 Ti GAMING TRIO 12G', 'N82E16814137778']]"
9SIAZUEHCK6637,Yeston RTX 3060 12GB GDDR6 LHR Graphics cards Nvidia pci express x16 4.0 video cards Desktop computer PC video gaming graphics card,yeston,4.5,4.0,299.0,0,https://c1.neweggimages.com/ProductImageCompressAll300/AZUES220410o0J6n.jpg,"[[' 1320MHz', ' 7680 x 4320', ' 3 x DisplayPort', ' 1 x HDMI', 'RTX3060-12G D6 GA', '9SIAZUEHCK6637']]"
14-137-680,MSI Ventus GeForce RTX 3060 Ti 8GB GDDR6 PCI Express 4.0 Video Card RTX 3060 Ti VENTUS 3X 8G OC LHR,MSI,4.6,106.0,354.99,0,https://c1.neweggimages.com/ProductImageCompressAll300/14-137-680-02.png,"[[' 7680 x 4320', ' 3 x DisplayPort 1.4a', ' 1 x HDMI 2.1', ' 12.44"" x 4.72""', 'RTX 3060 Ti VENTUS 3X 8G OC LHR', 'N82E16814137680']]"
14-932-608,GIGABYTE AERO GeForce RTX 4070 12GB GDDR6X PCI Express 4.0 x16 ATX Video Card GV-N4070AERO OC-12GD,GIGABYTE,5,6.0,659.99,0,https://c1.neweggimages.com/ProductImageCompressAll300/14-932-608-V01.jpg,"[[' 7680 x 4320', ' 3 x DisplayPort', ' 1 x HDMI', ' 3 Slots', 'GV-N4070AERO OC-12GD', 'N82E16814932608']]"
14-930-072,ASRock Phantom Gaming D Radeon RX 6750 XT 12GB GDDR6 PCI Express 4.0 Video Card RX6750XT PGD 12GO,ASRock,4.5,16.0,369.99,0,https://c1.neweggimages.com/ProductImageCompressAll300/14-930-072-01.jpg,"[[' 2324 MHz', ' 7680 x 4320', ' 3 x DisplayPort 1.4', ' 1 x HDMI 2.1', 'RX6750XT PGD 12GO', 'N82E16814930072']]"
14-137-798,MSI Ventus GeForce RTX 4060 Ti 8GB GDDR6 PCI Express 4.0 x8 ATX Video Card RTX 4060 Ti VENTUS 3X 8G OC,MSI,5,1.0,409.99,0,https://c1.neweggimages.com/ProductImageCompressAll300/14-137-798-03.jpg,"[[' 7680 x 4320', ' 3 x DisplayPort 1.4a', ' 1 x HDMI 2.1a', ' DirectX 12 Ultimate', 'RTX 4060 Ti VENTUS 3X 8G OC', 'N82E16814137798']]"
14-932-610,GIGABYTE Eagle GeForce RTX 4070 12GB GDDR6X PCI Express 4.0 x16 ATX Video Card GV-N4070EAGLE OC-12GD,GIGABYTE,4.8,6.0,609.99,0,https://c1.neweggimages.com/ProductImageCompressAll300/14-932-610-V01.jpg,"[[' 7680 x 4320', ' 3 x DisplayPort', ' 1 x HDMI', ' 2.5 Slots', 'GV-N4070EAGLE OC-12G', 'N82E16814932610']]"
14-930-083,ASRock Phantom Gaming Radeon RX 7900 XT 20GB GDDR6 PCI Express 4.0 ATX Video Card RX7900XT PG 20GO,ASRock,4.8,33.0,749.99,0,https://c1.neweggimages.com/ProductImageCompressAll300/14-930-083-01.jpg,"[[' 7680 x 4320', ' 3 x DisplayPort 2.1', ' 1 x HDMI 2.1', ' 2.8 Slot', 'RX7900XT PG 20GO', 'N82E16814930083']]"
14-137-786,MSI Gaming GeForce RTX 4070 Ti 12GB GDDR6X PCI Express 4.0 ATX Video Card RTX 4070 Ti GAMING X TRIO WHITE 12G,MSI,5,4.0,869.99,0,https://c1.neweggimages.com/ProductImageCompressAll300/14-137-786-01.jpg,"[[' 7680 x 4320', ' 3 x DisplayPort 1.4a', ' 1 x HDMI 2.1a', ' DirectX 12 Ultimate', 'RTX 4070 Ti GAMING X TRIO WHITE 12G', 'N82E16814137786']]"
14-137-774,MSI Ventus GeForce RTX 3060 Ti 8GB GDDR6X PCI Express 4.0 ATX Video Card RTX 3060 Ti VENTUS 3X 8GD6X OC,MSI,4.6,5.0,339.99,0,https://c1.neweggimages.com/ProductImageCompressAll300/14-137-774-07.jpg,"[[' 7680 x 4320', ' 3 x DisplayPort 1.4a', ' 1 x HDMI 2.1', ' DirectX 12', 'RTX 3060 Ti VENTUS 3X 8GD6X OC', 'N82E16814137774']]"
14-202-431,SAPPHIRE PULSE Radeon RX 7900 XT 20GB GDDR6 PCI Express 4.0 x16 ATX Video Card 11323-02-20G,Sapphire Tech,4.8,26.0,769.99,0,https://c1.neweggimages.com/ProductImageCompressAll300/14-202-431-12.jpg,"[[' 1500 MHz', ' 7680 x 4320', ' 2 x DisplayPort 2.1', ' 2 x HDMI 2.1', '11323-02-20G', 'N82E16814202431']]"
14-932-618,"GIGABYTE GeForce RTX 4060 Ti GAMING OC 8G Graphics Card, 3x WINDFORCE Fans, 8GB 128-bit GDDR6, GV-N406TGAMING OC-8GD Video Card",GIGABYTE,5,1.0,419.99,0,https://c1.neweggimages.com/ProductImageCompressAll300/14-932-618-01.jpg,"[[' 2580 MHz', ' 7680 x 4320', ' 2 x DisplayPort', ' 2 x HDMI', 'GV-N406TGAMING OC-8GD', 'N82E16814932618']]"
14-932-616,"GIGABYTE AORUS GeForce RTX 4060 Ti ELITE 8G Graphics Card, 3x WINDFORCE Fans, 8GB 128-bit GDDR6, GV-N406TAORUS E-8GD Video Card",GIGABYTE,3.3,3.0,449.99,0,https://c1.neweggimages.com/ProductImageCompressAll300/14-932-616-01.jpg,"[[' 2655 MHz', ' 7680 x 4320', ' 2 x DisplayPort', ' 2 x HDMI', 'GV-N406TAORUS E-8GD', 'N82E16814932616']]"
14-126-653,"ASUS ROG Strix GeForce RTX 4060 Ti OC Edition Gaming Graphics Card (PCIe 4.0, 8GB GDDR6, DLSS 3, HDMI 2.1, DisplayPort 1.4a) ROG-STRIX-RTX4060TI-O8G-GAMING",ASUS,,,489.99,0,https://c1.neweggimages.com/ProductImageCompressAll300/14-126-653-05.png,"[[' 7680 x 4320', ' 3 x DisplayPort 1.4a', ' 1 x HDMI 2.1', ' 3.1 Slots', 'ROG-STRIX-RTX4060TI-O8G-GAMING', 'N82E16814126653']]"
14-932-615,GIGABYTE AERO GeForce RTX 4070 Ti 12GB GDDR6X PCI Express 4.0 x16 ATX Video Card GV-N407TAERO OCV2-12GD,GIGABYTE,,,899.99,0,https://c1.neweggimages.com/ProductImageCompressAll300/14-932-615-05.jpg,"[[' 2640 MHz', ' 7680 x 4320', ' 3 x DisplayPort', ' 1 x HDMI', 'GV-N407TAERO OCV2-12GD', 'N82E16814932615']]"
14-202-416,SAPPHIRE PULSE Radeon RX 6400 4GB GDDR6 PCI Express 4.0 Low Profile Video Card 11315-01-20G,Sapphire Tech,4.5,26.0,143.99,0,https://c1.neweggimages.com/ProductImageCompressAll300/14-202-416-01.jpg,"[[' 7680 x 4320', ' 1 x DisplayPort 1.4', ' 1 x HDMI', ' 6.69"" x 2.21""', '11315-01-20G', 'N82E16814202416']]"
14-932-623,"GIGABYTE GeForce RTX 4070 Ti WINDFORCE OC 12G Graphics Card, 3x WINDFORCE Fans, 12GB 192-bit GDDR6X, GV-N407TWF3OC-12GD Video Card",GIGABYTE,4.5,2.0,799.99,0,https://c1.neweggimages.com/ProductImageCompressAll300/14-932-623-07.jpg,"[[' 2625 MHz', ' 7680 x 4320', ' 3 x DisplayPort', ' 1 x HDMI', 'GV-N407TWF3OC-12GD', 'N82E16814932623']]"
14-137-799,MSI Ventus GeForce RTX 4060 Ti 8GB GDDR6 PCI Express 4.0 x8 ATX Video Card RTX 4060 Ti VENTUS 2X BLACK 8G OC,MSI,5,2.0,379.99,0,https://c1.neweggimages.com/ProductImageCompressAll300/14-137-799-23.jpg,"[[' 7680 x 4320', ' 3 x DisplayPort 1.4a', ' 1 x HDMI 2.1a', ' DirectX 12 Ultimate', 'RTX 4060 Ti VENTUS 2X BLACK 8G OC', 'N82E16814137799']]"
14-137-795,MSI Mech Radeon RX 7600 8GB GDDR6 PCI Express 4.0 x8 ATX Video Card RX 7600 MECH 2X CLASSIC 8G OC,MSI,4.9,7.0,269.99,0,https://c1.neweggimages.com/ProductImageCompressAll300/14-137-795-10.jpg,"[[' 7680 x 4320', ' 3 x DisplayPort 1.4', ' 1 x HDMI 2.1', ' DirectX 12 Ultimate', 'RX 7600 MECH 2X CLASSIC 8G OC', 'N82E16814137795']]"
14-500-559,"ZOTAC GAMING GeForce RTX 4060 8GB OC Spider-Man: Across the Spider-Verse Inspired Graphics Card Bundle, ZT-D40600P-10SMP",ZOTAC,,,299.99,0,https://c1.neweggimages.com/ProductImageCompressAll300/14-500-559-11.jpg,"[[' 7680 x 4320', ' 3 x DisplayPort 1.4a', ' 1 x HDMI 2.1a', ' 2 Slots', 'ZT-D40600P-10SMP', 'N82E16814500559']]"
14-553-001,Acer Predator BiFrost Arc A770 Video Card Predator BiFrost Intel Arc A770 OC DP.BKCWW.P02,Acer America,4.3,35.0,319.99,0,https://c1.neweggimages.com/ProductImageCompressAll300/14-553-001-15.jpg,"[[' 2200 MHz', ' 7680 x 4320', ' 3 x DisplayPort 2.0', ' 1 x HDMI 2.1', 'DP.BKCWW.P02', 'N82E16814553001']]"
14-930-064,ASRock Phantom Gaming D Radeon RX 6600 XT 8GB GDDR6 PCI Express 4.0 Video Card RX6600XT PGD 8GO,ASRock,4.8,26.0,279.99,0,https://c1.neweggimages.com/ProductImageCompressAll300/14-930-064-V01.jpg,"[[' 7680 x 4320', ' 3 x DisplayPort 1.4 with DSC', ' 1 x HDMI 2.1 VRR', ' 12.01"" x 5.16""', 'RX6600XT PGD 8GO', 'N82E16814930064']]"
14-126-650,"ASUS ROG Strix Radeon RX 7600 OC Edition 8GB GDDR6 Graphics Card (PCIe 4.0, 8GB GDDR6, HDMI 2.1, DisplayPort 1.4a, Axial-tech Fans, Dual BIOS, GPU Tweak III) ROG-STRIX-RX7600-O8G-GAMING",ASUS,5,1.0,339.99,0,https://c1.neweggimages.com/ProductImageCompressAll300/14-126-650-08.jpg,"[[' 7680 x 4320', ' 3 x DisplayPort 1.4', ' 1 x HDMI 2.1', ' 2.9 Slots', 'ROG-STRIX-RX7600-O8G-GAMING', 'N82E16814126650']]"
9SIAMFBJRH3999,"ZOTAC GAMING GeForce RTX 4080 16GB Trinity OC DLSS 3 16GB GDDR6X 256-bit 22.4 Gbps PCIE 4.0 Gaming Graphics Card, IceStorm 2.0 Advanced Cooling, SPECTRA 2.0 RGB Lighting, ZT-D40810J-10P",ZOTAC,4.7,7.0,1199.99,0,https://c1.neweggimages.com/ProductImageCompressAll300/14-500-543-03.jpg,"[[' 7680 x 4320', ' 3 x DisplayPort 1.4a', ' 1 x HDMI 2.1', ' DirectX 12 Ultimate', 'ZT-D40810J-10P']]"
9SIAPMXJ0X7771,"ASUS TUF Gaming NVIDIA GeForce RTX 3080 V2 OC Edition Graphics Card (PCIe 4.0, 10GB GDDR6X, LHR, HDMI 2.1, DisplayPort 1.4a, Dual Ball Fan Bearings, Military-grade Certification, GPU Tweak II)",ASUS,4.7,105.0,699.99,0,https://c1.neweggimages.com/ProductImageCompressAll300/14-126-525-V01.jpg,"[[' 1440 MHz', ' 7680 x 4320', ' 3 x DisplayPort 1.4a', ' 2 x HDMI 2.1', 'TUF-RTX3080-O10G-V2-']]"
14-202-423,SAPPHIRE PULSE Radeon RX 6650 XT 8GB GDDR6 PCI Express 4.0 ATX Video Card 11319-03-20G,Sapphire Tech,4.8,13.0,254.99,0,https://c1.neweggimages.com/ProductImageCompressAll300/14-202-423-09.jpg,"[[' 7680 x 4320', ' 3 x DisplayPort 1.4', ' 1 x HDMI', ' 9.45"" x 4.72""', '11319-03-20G', 'N82E16814202423']]"
14-930-067,ASRock Phantom Gaming D Radeon RX 6500 XT 4GB GDDR6 PCI Express 4.0 Video Card RX6500XT PGD 4GO,ASRock,4.5,66.0,169.99,0,https://c1.neweggimages.com/ProductImageCompressAll300/14-930-067-02.jpg,"[[' 2365 MHz', ' 7680 x 4320', ' 1 x DisplayPort 1.4', ' 1 x HDMI 2.1', 'RX6500XT PGD 4GO', 'N82E16814930067']]"
14-932-599,GIGABYTE Gaming GeForce RTX 3060 Ti 8GB GDDR6X PCI Express 4.0 x16 ATX Video Card GV-N306TXGAMING OC-8GD,GIGABYTE,5,1.0,339.99,0,https://c1.neweggimages.com/ProductImageCompressAll300/14-932-599-11.jpg,"[[' 1755 MHz', ' 7680 x 4320', ' 2 x DisplayPort 1.4a', ' 2 x HDMI 2.1', 'GV-N306TXGAMING OC-8GD', 'N82E16814932599']]"
14-137-708,MSI Ventus GeForce RTX 3050 8GB GDDR6 PCI Express 4.0 Video Card RTX 3050 Ventus 2X 8G OC,MSI,4.8,111.0,219.99,0,https://c1.neweggimages.com/ProductImageCompressAll300/14-137-708-01.jpg,"[[' 7680 x 4320', ' 3 x DisplayPort 1.4', ' 1 x HDMI 2.1', ' 9.25"" x 4.88""', 'RTX 3050 Ventus 2X 8G OC', 'N82E16814137708']]"
14-137-787,MSI Ventus GeForce RTX 4070 12GB GDDR6X PCI Express 4.0 ATX Video Card RTX 4070 VENTUS 2X 12G OC,MSI,5,1.0,599.99,0,https://c1.neweggimages.com/ProductImageCompressAll300/14-137-787-02.jpg,"[[' 7680 x 4320', ' 3 x DisplayPort 1.4a', ' 1 x HDMI 2.1a', ' DirectX 12 Ultimate', 'RTX 4070 VENTUS 2X 12G OC', 'N82E16814137787']]"
14-932-433,GIGABYTE Gaming OC GeForce RTX 3060 12GB GDDR6 PCI Express 4.0 ATX Video Card GV-N3060GAMING OC-12GD (rev. 2.0) (LHR),GIGABYTE,4.7,152.0,309.99,0,https://c1.neweggimages.com/ProductImageCompressAll300/14-932-433-01.jpg,"[[' 1837 MHz', ' 7680 x 4320', ' 2 x DisplayPort 1.4a', ' 2 x HDMI 2.1', 'GV-N3060GAM OC-12GD', 'N82E16814932433']]"
14-126-618,"ASUS ROG Strix GeForce RTX 4080 White OC Edition Gaming Graphics Card (PCIe 4.0, 16GB GDDR6X, HDMI 2.1a, DisplayPort 1.4a) ROG-STRIX-RTX4080-O16G-WHITE",ASUS,4.3,8.0,1549.99,0,https://c1.neweggimages.com/ProductImageCompressAll300/14-126-618-32.jpg,"[[' 7680 x 4320', ' 3 x DisplayPort 1.4a', ' 2 x HDMI 2.1a', ' 3.5 Slot', 'ROG-STRIX-RTX4080-O16G-WHITE', 'N82E16814126618']]"
14-500-560,"ZOTAC GAMING GeForce RTX 4060 8GB Twin Edge OC White Edition DLSS 3 8GB GDDR6 128-bit 17 Gbps PCIE 4.0 Compact Gaming Graphics Card, ZT-D40600Q-10M",ZOTAC,,,329.99,0,https://c1.neweggimages.com/ProductImageCompressAll300/14-500-560-09.jpg,"[[' 7680 x 4320', ' 3 x DisplayPort 1.4a', ' 1 x HDMI 2.1a', ' 2 Slots', 'ZT-D40600Q-10M', 'N82E16814500560']]"
14-202-432,SAPPHIRE PULSE Radeon RX 7600 8GB GDDR6 PCI Express 4.0 x8 ATX Video Card 11324-01-20G,Sapphire Tech,5,2.0,269.99,0,https://c1.neweggimages.com/ProductImageCompressAll300/14-202-432-16.jpg,"[[' 7680 x 4320', ' 3 x DisplayPort 1.4', ' 1 x HDMI 2.1', ' 2 Slots', '11324-01-20G', 'N82E16814202432']]"
14-932-627,"GIGABYTE GeForce RTX 4060 AERO OC 8G Graphics Card, 3x WINDFORCE Fans, 8GB 128-bit GDDR6, GV-N4060AERO OC-8GD Video Card",GIGABYTE,,,329.99,0,https://c1.neweggimages.com/ProductImageCompressAll300/14-932-627-04.jpg,"[[' 7680 x 4320', ' 2 x DisplayPort', ' 2 x HDMI', ' 2 Slots', 'GV-N4060AERO OC-8GD', 'N82E16814932627']]"
14-930-080,ASRock Taichi Radeon RX 7900 XTX 24GB GDDR6 PCI Express 4.0 ATX Video Card RX7900XTX TC 24GO,ASRock,4.3,35.0,1079.99,0,https://c1.neweggimages.com/ProductImageCompressAll300/14-930-080-01.jpg,"[[' 7680 x 4320', ' 3 x DisplayPort 2.1', ' 1 x HDMI 2.1', ' 3 Slots', 'RX7900XTX TC 24GO', 'N82E16814930080']]"
9SIBMWJJX67425,ASUS ROG Strix GeForce RTX 2070 8GB GDDR6 PCI Express 3.0 Video Card ROG-STRIX-RTX2070-O8G-GAMING,ASUS,3.3,87.0,490.75,$49.99 Shipping,https://c1.neweggimages.com/ProductImageCompressAll300/14-126-266-V50.jpg,"[[' 1410 MHz', ' 7680 x 4320', ' 2 x DisplayPort 1.4', ' 2 x HDMI 2.0b', 'RTX2070-O8G-GAMING']]"
9SIARPHJT86177,ASUS ROG STRIX GeForce RTX 2070 SUPER Advanced Overclocked 8G GDDR6 HDMI DisplayPort USB Type-C Gaming Graphics Card (ROG-STRIX-RTX2070S-A8G-GAMING),ASUS,4.6,109.0,571.19,$49.99 Shipping,https://c1.neweggimages.com/ProductImageCompressAll300/14-126-330-V02.jpg,"[[' OC mode: 1635 MHz\nGaming mode: 1605 MHz', ' 7680 x 4320', ' 2 x DisplayPort 1.4', ' 2 x HDMI 2.0b', 'RTX2070S-A8G-GAMING']]"
9SIB1PGFBZ5542,"EVGA GeForce GTX TITAN X 12G-P4-2992-KR 12GB SC GAMING, Play 4k with Ease Graphics Card",EVGA,4.8,59.0,630.0,0,https://c1.neweggimages.com/ProductImageCompressAll300/14-487-130-09.jpg,"[[' 1127 MHz', ' 4096 x 2160', ' 3 x DisplayPort', ' 1 x DVI-I', '12G-P4-2992-KR']]"
9SIB1PGFBZ2243,EVGA 03G-P4-2781-KR G-SYNC Support GeForce GTX 780 3GB 384-Bit GDDR5 PCI Express 3.0 SLI Support Video Card,EVGA,5,49.0,385.0,0,https://c1.neweggimages.com/ProductImageCompressAll300/14-130-916-11.jpg,"[[' 863MHz', ' 1 x DisplayPort', ' 1 x DVI-I\n1 x DVI-D', ' 1 x HDMI', '03G-P4-2781-KR', '9SIB1PGFBZ2243']]"
9SIAY2WJZW1621,"EVGA GeForce RTX 2070 XC ULTRA GAMING, 08G-P4-2173-KR, 8GB GDDR6, Dual HDB Fans & RGB LED",EVGA,4.2,33.0,670.99,0,https://c1.neweggimages.com/ProductImageCompressAll300/14-487-411-V31.jpg,"[[' 7680 x 4320', ' 3 x DisplayPort 1.4', ' 1 x HDMI 2.0b', ' 10.60"" x 4.50""', '08G-P4-2173-KR']]"
9SIB1PGFBY4151,"EVGA GeForce RTX 2080 Ti XC HYBRID GAMING, 11G-P4-2384-KR, 11GB GDDR6, HYBRID, RGB LED Logo, Metal Backplate",EVGA,4,13.0,1210.0,0,https://c1.neweggimages.com/ProductImageCompressAll300/14-487-432-V10.jpg,"[[' 7680 x 4320', ' 3 x DisplayPort 1.4', ' 1 x HDMI 2.0b', ' 10.46"" x 4.47""', '11G-P4-2384-KR']]"
9SIBMWJJWB4919,"GIGABYTE GeForce RTX 3060 EAGLE 12G Graphics Card, 2 x WINDFORCE Fans, 12GB 192-bit GDDR6, GV-N3060EAGLE-12GD Video Card",GIGABYTE,5,1.0,384.98,$49.99 Shipping,https://c1.neweggimages.com/ProductImageCompressAll300/14-932-399-V01.jpg,"[[' 1777 MHz', ' 7680 x 4320', ' 2 x DisplayPort 1.4a', ' 2 x HDMI 2.1', 'GV-N3060EAGLE-12GD']]"
9SIAYTVFD56800,GIGABYTE Vision GeForce RTX 3060 12GB GDDR6 PCI Express 4.0 x16 ATX Video Card GV-N3060VISION OC-12GD (rev. 2.0),GIGABYTE,5,1.0,373.24,$49.99 Shipping,https://c1.neweggimages.com/ProductImageCompressAll300/AYTVD210722JT0C3.jpg,[['zxsj-20']]
9SIASGMH4V7114,ASUS GeForce GT 730 2GB GDDR5 PCI Express 2.0 Low Profile Video Card for Silent HTPC Builds (with I/O Port Brackets) GT730-SL-2GD5-BRK,ASUS,4.6,7.0,63.57,0,https://c1.neweggimages.com/ProductImageCompressAll300/14-126-537-V01.jpg,"[[' 3840 x 2160', ' 1 x DVI-D', ' 1 x HDMI 1.4a', ' 6.50"" x 2.72""', 'GT730-SL-2GD5-BRK']]"
9SIAY2WK0A4998,"GIGABYTE GeForce RTX 2080 GAMING OC 8G Graphics Card, 3 x WINDFORCE Fans, 8GB 256-Bit GDDR6, GV-N2080GAMING OC-8GC Video Card",GIGABYTE,4.3,42.0,556.57,$49.99 Shipping,https://c1.neweggimages.com/ProductImageCompressAll300/14-932-066-V07.jpg,"[[' 1830 MHz in OC mode\n1815 MHz in Gaming mode', ' 7680 x 4320 @ 60 Hz', ' 3 x DisplayPort 1.4', ' 1 x HDMI 2.0b', 'GV-N2080GAMING OC-8G']]"
9SIB1PGFBY7007,MSI GeForce GTX 980 Ti GAMING 6G,MSI,4.7,191.0,465.0,0,https://c1.neweggimages.com/ProductImageCompressAll300/14-127-889-20.jpg,"[[' 1178 MHz (OC Mode)\n1140 MHz (Gaming Mode)\n1000 MHz (Silent Mode)', ' 4096 x 2160', ' 3 x DisplayPort', ' 1 x Dual-link DVI-I', 'GTX 980TI GAMING 6G']]"
9SIB1PGG1Y2678,"EVGA GeForce RTX 3090 XC3 ULTRA GAMING Video Card, 24G-P5-3975-KR, 24GB GDDR6X, iCX3 Cooling, ARGB LED, Metal Backplate",,,,1699.0,0,https://c1.neweggimages.com/ProductImageCompressAll300/B0P1D21071217PMM.jpg,"[['6556', '9SIB1PGG1Y2678']]"
9SIB4KCJ552280,GIGABYTE GeForce GTX 1650 4GB GDDR6 PCI Express 3.0 x16 Low Profile Ready Video Card GV-N1656D6-4GL,GIGABYTE,5,6.0,215.74,0,https://c1.neweggimages.com/ProductImageCompressAll300/14-932-332-V02.jpg,"[[' 7680 x 4320 @ 60 Hz', ' 1 x DisplayPort 1.4', ' 1 x Dual-link DVI-D', ' 2 x HDMI 2.0b', 'GV-N1656D6-4GL']]"
9SIABT1GHC6090,MSI Mech Radeon RX 6600 XT 8GB GDDR6 PCI Express 4.0 ATX Video Card RX 6600 XT MECH 2X 8G OCV1,MSI,4.2,33.0,379.99,0,https://c1.neweggimages.com/ProductImageCompressAll300/14-137-691-01.jpg,"[[' 7680 x 4320', ' 3 x DisplayPort 1.4', ' 1 x HDMI 2.1', ' 8.46"" x 5.04""', 'RX6600XTMECH2X8GOCV1']]"
9SIBMWJJXU6594,GIGABYTE Radeon RX 5600 XT 6GB GDDR6 PCI Express 4.0 x16 ATX Video Card GV-R56XTGAMING OC-6GD rev. 2.0,GIGABYTE,4.2,83.0,388.05,$49.99 Shipping,https://c1.neweggimages.com/ProductImageCompressAll300/14-932-307-S01.jpg,"[[' 7680 x 4320 @ 60 Hz', ' 3 x DisplayPort 1.4', ' 1 x HDMI 2.0b', ' 11.02"" x 4.57""', 'GV-R56XTGAMINGOC6GV2']]"
9SIAZUEG080320,Yeston Radeon R7 350-4G 6HDMI 4GB 128bit GDDR5 800MHz 512processors PCIExpress 3.0*16 video cards 6 Screen Graphics Card  DirectX12 6*HDMI compatible graphics card of Desktop,yeston,5,1.0,179.0,0,https://c1.neweggimages.com/ProductImageCompressAll300/AZUES211009qrp8O.jpg,"[[' 800 MHz', ' 4096 x 2160', ' 6 x HDMI', ' DirectX 12', 'Yeston R7 350-4G 6HDMI  GA', '9SIAZUEG080320']]"
9SIAVH0JU46264,MSI GeForce GTX 960 4GB GDDR5 PCI Express 3.0 x16 SLI Support ATX Video Card GTX 960 GAMING 4G,MSI,4.4,86.0,419.0,0,https://c1.neweggimages.com/ProductImageCompressAll300/14-127-860-01.jpg,"[[' 1241 MHz (OC Mode)\n1216 MHz (Gaming Mode)\n1127 MHz (Silent Mode)', ' 4096 x 2160', ' 3 x DisplayPort 1.2', ' 1 x Dual-link DVI-I', 'GTX 960 GAMING 4G']]"
9SIB1PGFBZ2312,MSI GeForce GTX 1080 8GB GDDR5X PCI Express 3.0 x16 SLI Support ATX Video Card GTX 1080 AERO 8G OC,MSI,4.2,26.0,598.0,0,https://c1.neweggimages.com/ProductImageCompressAll300/14-127-944-S99.jpg,"[[' 1632 MHz', ' 7680 x 4320', ' 3 x DisplayPort 1.4', ' 1 x DL-DVI-D', 'GTX 1080 AERO 8G OC']]"
9SIBMWJJWP5704,"GIGABYTE GeForce RTX 2060 SUPER GAMING OC 3X 8G Graphics Card, 3 x WINDFORCE Fans, 8GB 256-Bit GDDR6, GV-N206SGAMING OC-8GD Video Card",GIGABYTE,4.8,5.0,365.17,$49.99 Shipping,https://c1.neweggimages.com/ProductImageCompressAll300/14-932-220-V01.jpg,"[[' 1710 MHz', ' 7680 x 4320 @ 60 Hz', ' 3 x DisplayPort 1.4', ' 1 x HDMI 2.0b', 'GVN206SGAMINGOC8GD']]"
9SIB1PGFBX6813,"EVGA GeForce RTX 2080 SUPER XC ULTRA GAMING Video Card, 08G-P4-3183-KR, 8GB GDDR6, RGB LED, Metal Backplate",EVGA,4.7,47.0,849.0,0,https://c1.neweggimages.com/ProductImageCompressAll300/14-487-465-V01.jpg,"[[' 7680 x 4320', ' 3 x DisplayPort 1.4', ' 1 x HDMI 2.0b', ' 10.62"" x 4.38""', '08G-P4-3183-KR']]"
9SIAYTVENZ2357,"ASUS ROG STRIX Radeon RX 6700 XT OC Edition Gaming Graphics Card (AMD RDNA 2, PCIe 4.0, 12GB GDDR6, HDMI 2.1, DisplayPort 1.4a, Axial-tech Fan Design, 2.9-slot) - ROG-STRIX-RX6700XT-O12G-GAMING",ASUS,3,1.0,500.99,$49.99 Shipping,https://c1.neweggimages.com/ProductImageCompressAll300/APBUD2104059K8IN.jpg,[['AMDXK-9']]
9SIAYTVFCK4095,"Colorful iGame GeForce RTX 3070 Ultra OC 8G 1725-1770Mhz GDDR6 256bit Video Gaming Computer Graphics Card Support DirectX 12 Ultimate/OpenGL4.6, Display Ports HDMI/DP",Colorful,,,906.83,$49.99 Shipping,https://c1.neweggimages.com/ProductImageCompressAll300/AZ7RS210623LRJyu.jpg,"[['iGame GeForce RTX 3070 Ultra OC', '9SIAYTVFCK4095']]"
9SIASGMJSN0418,MSI GeForce GT 730 2GB DDR3 PCI Express 2.0 x16 ATX Video Card N730-2GD3V3,MSI,3.9,42.0,62.82,0,https://c1.neweggimages.com/ProductImageCompressAll300/14-127-906-01.jpg,"[[' 700 MHz', ' 4096 x 2160', ' 1 x DL-DVI-I', ' 1 x HDMI', 'N730-2GD3V3']]"
9SIB1PGJJF8123,MSI GeForce RTX 2070 SUPER 8GB GDDR6 PCI Express 3.0 x16 SLI Support Video Card RTX 2070 Super Armor OC,MSI,4.8,13.0,675.0,0,https://c1.neweggimages.com/ProductImageCompressAll300/14-137-446-S09.jpg,"[[' 7680 x 4320', ' 3 x DisplayPort 1.4', ' 1 x HDMI 2.0b', ' 11.69"" x 5.63""', '2070 Super Armor OC']]"
9SIBMWJJX67353,MSI GeForce GTX 1050 Ti 4GB GDDR5 PCI Express 3.0 x16 Video Card GTX 1050 Ti GAMING 4G,MSI,4.4,7.0,169.6,$49.99 Shipping,https://c1.neweggimages.com/ProductImageCompressAll300/14-137-060-01.jpg,"[[' OC Mode: 1316 MHz\nGaming Mode: 1303 MHz\nSilent Mode: 1290 MHz', ' 7680 x 4320', ' 1 x DisplayPort 1.4', ' 1 x DL DVI-D', 'GTX1050 Ti GAMING 4G']]"
9SIB1PGJEK6359,NVIDIA GeForce RTX 3060 Ti Founders Edition 8GB GDDR6 3060 TI FE Video Graphic Card GPU,NVIDIA,,,610.0,0,https://c1.neweggimages.com/ProductImageCompressAll300/ADFRD2203300ZKVMP32.jpg,"[[' 1 x DisplayPort', ' 1 x HDMI', ' NVIDIA', ' NVIDIA GeForce GTX 30 Series', '3060 TI FE-R']]"
9SIASGMDAB3042,"ASUS Cerberus GeForce GTX 1050 Ti 4GB GDDR5 Gaming Graphics Card, CERBERUS-GTX1050TI-A4G",ASUS,4.7,15.0,179.89,0,https://c1.neweggimages.com/ProductImageCompressAll300/APBUD201025ATP70.jpg,[['xianka-34']]
9SIBMWJJX97863,ASUS GeForce GTX 1060 6GB GDDR5 PCI Express 3.0 Video Card DUAL-GTX1060-O6G,ASUS,4,84.0,270.43,$49.99 Shipping,https://c1.neweggimages.com/ProductImageCompressAll300/14-126-122-V02.jpg,"[[' OC Mode: 1594 MHz\nGaming Mode: 1569 MHz', ' 7680 x 4320', ' 2 x Native DisplayPort 1.4', ' 1 x Native DVI-D', 'DUAL-GTX1060-O6G']]"
14-932-633,"GIGABYTE GeForce RTX 4060 Ti WINDFORCE OC 8G Graphics Card, 2x WINDFORCE Fans, 8GB 128-bit GDDR6, GV-N406TWF2OC-8GD Video Card",GIGABYTE,,,399.99,0,https://c1.neweggimages.com/ProductImageCompressAll300/14-932-633-06.jpg,"[[' 2550 MHz', ' 7680 x 4320', ' 2 x DisplayPort', ' 2 x HDMI', 'GV-N406TWF2OC-8GD', 'N82E16814932633']]"
9SIAZUEFD27444,Yeston GeForce GT 730 4GB DDR3 Graphics cards Nvidia PCI Express 2.0 Desktop computer PC DVI-D +VGA+ HDMI-compatible video gaming graphics card,yeston,3.3,9.0,109.0,0,https://c1.neweggimages.com/ProductImageCompressAll300/AZUES210721LWK3Q.jpg,"[[' 902 MHz', ' 1 x DVI', ' 1 x HDMI', ' NVIDIA', 'GT730-4G D3 TA', '9SIAZUEFD27444']]"
9SIB1PGFBZ1276,"EVGA GeForce GTX 1080 Ti FTW3 HYBRID GAMING, 11G-P4-6698-KR, 11GB GDDR5X, HYBRID & RGB LED, iCX Technology - 9 Thermal Sensors",EVGA,4.6,63.0,935.0,0,https://c1.neweggimages.com/ProductImageCompressAll300/14-487-377-V01.jpg,"[[' 1569 MHz', ' 7680 x 4320', ' 3 x DisplayPort 1.4', ' 1 x Dual-Link DVI', '11G-P4-6698-KR']]"
9SIB1PGFBY7536,ASUS GTX780-DC2OC-3GD5 G-SYNC Support GeForce GTX 780 3GB 384-Bit GDDR5 PCI Express 3.0 HDCP Ready SLI Support Video Card,ASUS,4.6,169.0,385.0,0,https://c1.neweggimages.com/ProductImageCompressAll300/14-121-779-14.jpg,"[[' 889MHz', ' 4096 x 2160', ' 1 x DisplayPort', ' 2 x DVI', 'GTX780-DC2OC-3GD5', '9SIB1PGFBY7536']]"
9SIB1PGFBZ2424,"EVGA GeForce GTX TITAN X 12G-P4-1999-KR 12GB HYBRID GAMING, ""All in One"" No Hassle Water Cooling, Just Plug and Play Graphics Card",EVGA,4.9,12.0,630.0,0,https://c1.neweggimages.com/ProductImageCompressAll300/14-487-143-09.jpg,"[[' 1152 MHz', ' Analog: 2048 x 1536\r\nDigital: 4096 x 2160', ' 3 x DisplayPort', ' 1 x DVI-I', '12G-P4-1999-KR']]"
9SIA1K6FHB7106,"GIGABYTE GeForce RTX 3060 Ti VISION OC 8G Graphics Card, WINDFORCE 3X Cooling System, 8GB 256-bit GDDR6, GV-N306TVISION OC-8GD Video Card",GIGABYTE,1.7,3.0,502.09,0,https://c1.neweggimages.com/ProductImageCompressAll300/14-932-410-V01.jpg,"[[' 1755 MHz', ' 7680 x 4320', ' 2 x DisplayPort 1.4a', ' 2 x HDMI 2.1', 'GV-N306TVISION OC-8G']]"
9SIAPMXFVP9775,ASUS ROG Strix GeForce RTX 3090 24GB GDDR6X PCI Express 4.0 SLI Support Video Card ROG-STRIX-RTX3090-O24G-WHITE,ASUS,,,1898.0,0,https://c1.neweggimages.com/ProductImageCompressAll300/APMXS2109229aeH8.jpg,[['XRL-67']]
9SIBMWJJX13519,"GIGABYTE GeForce GTX 1650 SUPER WINDFORCE OC 4G Graphics Card, 2 x WINDFORCE Fans, 4GB 128-Bit GDDR6, GV-N165SWF2OC-4GD Video Card",GIGABYTE,4.5,106.0,211.17,$49.99 Shipping,https://c1.neweggimages.com/ProductImageCompressAll300/14-932-231-V02.jpg,"[[' 1755 MHz', ' 7680 x 4320 @ 60 Hz', ' 1 x DisplayPort 1.4', ' 1 x DVI-D', 'GV-N165SWF2OC-4GD']]"
9SIARPHJJP1013,Sapphire Radeon PULSE RX 590 8GB GDDR5 PCI-E Dual HDMI / DVI-D / Dual DP w/ Backplate,Sapphire Tech,4.2,65.0,350.47,$49.99 Shipping,https://c1.neweggimages.com/ProductImageCompressAll300/14-202-333-V01.jpg,"[[' HDMI: 4096 x 2160 @ 60 Hz\nDisplayPort 1.4: 5120 x 2880 @ 60 Hz\nDL-DVI-D: 2560 x 1600 @ 60 Hz', ' 2 x DisplayPort 1.4', ' 1 x DL-DVI-D', ' 2 x HDMI', '100415P8GL']]"
9SIBMWJJWP6768,"GIGABYTE GeForce GTX 1660 Ti GAMING OC 6G Graphics Card, 3 x WINDFORCE Fans, 6GB 192-Bit GDDR6, GV-N166TGAMING OC-6GD Video Card",GIGABYTE,5,5.0,289.35,$49.99 Shipping,https://c1.neweggimages.com/ProductImageCompressAll300/14-932-129-V06.jpg,"[[' 1860 MHz', ' 7680 x 4320 @ 60 Hz', ' 3 x DisplayPort 1.4', ' 1 x HDMI 2.0b', 'GV-N166TGAMING OC-6G']]"
9SIAUNCK0W0849,ASUS ROG STRIX GeForce RTX 3080 Ti 12GB GDDR6X PCI Express 4.0 x16 Video Card ROG-STRIX-LC-RTX3080TI-O12G-GAMING,ASUS,4.5,21.0,1599.99,$49.99 Shipping,https://c1.neweggimages.com/ProductImageCompressAll300/14-126-517-V06.jpg,"[[' 7680 x 4320', ' 3 x DisplayPort 1.4a', ' 2 x HDMI 2.1', ' Card: 11.54"" x 5.24"" \nRadiator: 10.71"" x 4.76"" (including fan)', 'STX-LC-RTX3080TI-O12']]"
9SIBGFDJPZ6976,MSI Ventus GeForce GTX 1660 Ti 6GB GDDR6 PCI Express 3.0 x16 Video Card GTX 1660 TI VENTUS XS 6G OC,MSI,4.6,120.0,215.99,$40.00 Shipping,https://c1.neweggimages.com/ProductImageCompressAll300/14-137-392-V08.jpg,"[[' 7680 x 4320', ' 3 x DisplayPort 1.4a', ' 1 x HDMI 2.0b', ' 8.03"" x 5.04""', 'GTX1660TiVENTUS XSOC']]"
9SIAZUEETK3644,Yeston GeForce GT 1030 4GB DDR4 Graphics cards Nvidia pci express 3.0 video cards Desktop computer PC video gaming graphics card,yeston,3.5,2.0,95.0,0,https://c1.neweggimages.com/ProductImageCompressAll300/AZUES210531HNRK6.jpg,"[[' 1152 MHz', ' Single Slot', ' DirectX 12', ' NVIDIA', 'GT1030-4G D4 TA', '9SIAZUEETK3644']]"
14-137-794,MSI Ventus GeForce RTX 3070 8GB GDDR6 PCI Express 4.0 ATX Video Card RTX 3070 VENTUS 2X 8G LHR,MSI,,,549.99,0,https://c1.neweggimages.com/ProductImageCompressAll300/14-137-794-V01.jpg,"[[' 1725 MHz', ' 7680 x 4320', ' 3 x DisplayPort 1.4a', ' 1 x HDMI 2.1', 'RTX 3070 VENTUS 2X 8G LHR', 'N82E16814137794']]"
9SIB1PGH892216,ASUS GTX760-DC2OC-2GD5 G-SYNC Support GeForce GTX 760 2GB 256-Bit GDDR5 PCI Express 3.0 x16 HDCP Ready SLI Support Video Card,ASUS,3.9,193.0,320.0,0,https://c1.neweggimages.com/ProductImageCompressAll300/14-121-775-04.jpg,"[[' 1006 MHz', ' 1 x DisplayPort', ' 2 x DVI', ' 1 x HDMI', 'GTX760-DC2OC-2GD5']]"
9SIB1PGFBY5688,ASUS GeForce GTX 960 2GB GDDR5 PCI Express 3.0 SLI Support Video Card TURBO-GTX960-OC-2GD5,ASUS,3.8,22.0,329.0,0,https://c1.neweggimages.com/ProductImageCompressAll300/14-121-929-02.jpg,"[[' 1190 MHz', ' 4096 x 2160', ' 3 x DisplayPort', ' 1 x DVI-I', 'TURBO-GTX960-OC-2GD5']]"
9SIB1PGFBY4003,"EVGA GeForce GTX 1070 GAMING, 8GB GDDR5, DX12 OSD Support, Graphics Cards (08G-P4-5170-KR)",EVGA,4.8,6.0,579.0,0,https://c1.neweggimages.com/ProductImageCompressAll300/14-487-277-S99.jpg,"[[' 1506 MHz', ' 7680 x 4320', ' 3 x DisplayPort 1.4', ' 1 x Dual Link DVI-D', '08G-P4-5170-KR']]"
9SIB1PGJHV2208,"EVGA GeForce RTX 3080 Ti XC3 Ultra Hybrid Gaming, 12G-P5-3958-KR, 12GB GDDR6X, ARGB LED, Metal Backplate",EVGA,,,1630.0,0,https://c1.neweggimages.com/ProductImageCompressAll300/B56DS21110609MNYE0E.jpg,"[[' Hybrid Cooler', '12G-P5-3958-KR', '9SIB1PGJHV2208']]"
9SIASGMFFM3200,MSI GeForce GTX 1650 DirectX 12 GTX 1650 VENTUS XS 4G OCV1 4GB 128-Bit GDDR5 PCI Express 3.0 x16 HDCP Ready Video Card,MSI,5,2.0,233.99,0,https://c1.neweggimages.com/ProductImageCompressAll300/APBUS210331mw8Uw.jpg,"[[' Double Fans', 'MSI GTX 1650 VENTUS']]"
14-133-860,PNY GeForce RTX 4060 8GB XLR8 Gaming VERTO RGB Triple Fan Graphics Card DLSS 3,"PNY Technologies, Inc.",,,339.99,0,https://c1.neweggimages.com/ProductImageCompressAll300/14-133-860-11.jpg,"[[' 1830 MHz', ' 7680 x 4320', ' 3 x DisplayPort 1.4a', ' 1 x HDMI 2.1a', 'VCG40608TFXXPB1-O', 'N82E16814133860']]"
14-129-326,VisionTek Radeon HD 5570 1GB DDR3 PCI Express 2.0 x16 Small Form Factor (SFF) Video Cards 900901,VisionTek,3.5,4.0,179.99,0,https://c1.neweggimages.com/ProductImageCompressAll300/14-129-326-Z03.jpg,"[[' 650 MHz', ' 1900 x 1200', ' 4 x HDMI', ' 6.70"" x 2.40""', '900901', 'N82E16814129326']]"
9SIAPNMEUJ7688,GIGABYTE GeForce GTX 1650 4GB GDDR6 PCI Express 3.0 x16 Low Profile Ready Video Card GV-N1656OC-4GL,GIGABYTE,4.4,86.0,225.0,0,https://c1.neweggimages.com/ProductImageCompressAll300/14-932-298-V03.jpg,"[[' 1620 MHz', ' 7680 x 4320 @ 60 Hz', ' 1 x DisplayPort 1.4', ' 1 x Dual-link DVI-D', 'GV-N1656OC-4GL']]"
9SIB1PGFBY3325,ASUS GeForce GTX 970 4GB GDDR5 PCI Express 3.0 SLI Support G-SYNC Support Video Card STRIX-GTX970-DC2OC-4GD5,ASUS,4.2,478.0,469.0,0,https://c1.neweggimages.com/ProductImageCompressAll300/14-121-899-S99.jpg,"[[' 1114 MHz', ' 4096 x 2160', ' 1 x DisplayPort', ' 1 x DVI-I\n1 x DVI-D', 'STRIXGTX970DC2OC4GD5']]"
9SIAUNCK0W1004,"ASUS ROG STRIX Radeon RX 6700 XT OC Edition Gaming Graphics Card (AMD RDNA 2, PCIe 4.0, 12GB GDDR6, HDMI 2.1, DisplayPort 1.4a, Axial-tech Fan Design, 2.9-slot, Super Alloy Power II, GPU Tweak II)",ASUS,4.6,42.0,482.8,$49.99 Shipping,https://c1.neweggimages.com/ProductImageCompressAll300/14-126-498-14.jpg,"[[' 7680 x 4320', ' 3 x DisplayPort 1.4a', ' 1 x HDMI 2.1', ' 12.68"" x 5.55""', 'STRIXRX6700XT-O12G-G']]"
9SIAWKTJE75794,"ASUS TUF Gaming NVIDIA GeForce RTX 3060 V2 OC Edition Graphics Card (PCIe 4.0, 12GB GDDR6, HDMI 2.1, DisplayPort 1.4a, Dual Ball Fan Bearings, Military-Grade Certification, GPU Tweak II),LHR",ASUS,4,2.0,471.97,0,https://c1.neweggimages.com/ProductImageCompressAll300/AYTVS210726cVhEc.jpg,"[[' Triple Fans', 'zxsj-15']]"
9SIBMWJJXM9647,SAPPHIRE PULSE Radeon RX 580 8GB GDDR5 PCI Express 3.0 CrossFireX Support Video Cards 11265-05-20G,Sapphire Tech,4.4,37.0,314.7,$49.99 Shipping,https://c1.neweggimages.com/ProductImageCompressAll300/14-202-362-S01.jpg,"[[' DisplayPort: 5120x2880@60Hz\nHDMI: 4096x2160@60Hz\nDVI: 2560x1600@60Hz', ' 2 x DisplayPort 1.4', ' 1 x DVI-D', ' 2 x HDMI', '11265-05-20G']]"
14-196-114,"NVIDIA T1000 Other PCI Express 8GB Graphics Card, Black (5Z7D8AT)",HP,,,468.99,0,https://c1.neweggimages.com/ProductImageCompressAll300/14-196-114-01.jpg,"[[' 128-Bit', ' 50W', ' 156 mm', '5Z7D8AT', 'N82E16814196114']]"
9SIBMWJJX13559,"GIGABYTE GeForce GTX 1650 OC 4G Graphics Card, 2 x WINDFORCE Fans, 4GB 128-Bit GDDR5, GV-N1650OC-4GD Video Card",GIGABYTE,4.4,53.0,143.15,$49.99 Shipping,https://c1.neweggimages.com/ProductImageCompressAll300/14-932-150-S04.jpg,"[[' 1710 MHz', ' 7680 x 4320 @ 60 Hz', ' 1 x DisplayPort 1.4', ' 2 x HDMI 2.0b', 'GV-N1650OC-4GD']]"
9SIBFVPJYZ2105,MSI Ventus GeForce RTX 3060 12GB GDDR6 PCI Express 4.0 Video Card RTX 3060 VENTUS 2X 12G,MSI,,,379.56,0,https://c1.neweggimages.com/ProductImageCompressAll300/14-137-638-V06.jpg,"[[' 7680 x 4320', ' 3 x DisplayPort 1.4', ' 1 x HDMI 2.1', ' 9.25"" x 4.88""', 'RTX 3060 Ventus 2X 12G']]"
9SIB1PGFBY5647,"EVGA GeForce GTX 1080 Ti SC Black Edition GAMING, 11G-P4-6393-KR, 11GB GDDR5X, iCX Cooler & LED",EVGA,4.6,126.0,749.0,0,https://c1.neweggimages.com/ProductImageCompressAll300/14-487-336-V09.jpg,"[[' 1556 MHz', ' 7680 x 4320', ' 3 x DisplayPort 1.4', ' 1 x Dual-Link DVI-D', '11G-P4-6393-KR']]"
9SIASGMFVJ7810,GIGABYTE GeForce GT 710 2GB DDR3 PCI Express 2.0 Low Profile Video Card GV-N710D3-2GL REV2.0,GIGABYTE,3.4,7.0,45.34,0,https://c1.neweggimages.com/ProductImageCompressAll300/14-125-899-06.jpg,"[[' 954 MHz', ' Digital: 4096 x 2160\nAnalog: 2048 x 1536', ' 1 x Dual-link DVI-D', ' 1 x HDMI', 'GV-N710D3-2GL REV2.0']]"
9SIBMWJJX98099,MSI GeForce GTX 1070 8GB GDDR5 PCI Express 3.0 x16 SLI Support ATX Video Card GTX 1070 GAMING X 8G,MSI,4.6,304.0,388.0,$49.99 Shipping,https://c1.neweggimages.com/ProductImageCompressAll300/14-127-947-S99.jpg,"[[' 1607 MHz (OC Mode)\n1582 MHz (Gaming Mode)\n1506 MHz (Silent Mode)', ' 7680 x 4320', ' 3 x DisplayPort 1.4', ' 1 x DL-DVI-D', 'GTX 1070 GAMING X 8G']]"
9SIB1PGFBZ1232,Nvidia GeForce GTX 1070 Founders Edition,NVIDIA,,,579.0,0,https://c1.neweggimages.com/ProductImageCompressAll300/A6V6_131588572997824515TAjdrWpChp.jpg,"[[' 1506 MHz', ' 1683 MHz', ' 1920 Cores', ' OpenGL 4.5', 'B01H1BLHYS']]"
9SIARPHJT86280,MSI GeForce RTX 2080 SUPER 8GB GDDR6 PCI Express 3.0 x16 SLI Support Video Card RTX 2080 Super Gaming X TRIO,MSI,4.4,139.0,651.1,$49.99 Shipping,https://c1.neweggimages.com/ProductImageCompressAll300/14-137-442-V01.jpg,"[[' 7680 x 4320', ' 3 x DisplayPort 1.4', ' 1 x HDMI 2.0b', ' 12.91"" x 5.51""', '2080SuperGamingXTrio']]"
9SIBMWJJX67556,MSI GeForce RTX 2070 SUPER 8GB GDDR6 PCI Express 3.0 x16 SLI Support Video Card RTX 2070 SUPER VENTUS OC,MSI,4.5,41.0,507.18,$49.99 Shipping,https://c1.neweggimages.com/ProductImageCompressAll300/14-137-438-V08.jpg,"[[' 7680 x 4320', ' 3 x DisplayPort 1.4', ' 1 x HDMI 2.0b', ' 10.12"" x 5.00""', '2070 SUPER VENTUS OC']]"
14-502-022,Lenovo Nvidia T400 Graphic Card - 4GB GDDR6 4X61J52234,Lenovo,,,185.99,0,https://c1.neweggimages.com/ProductImageCompressAll300/14-502-022-01.png,"[[' 7680 x 4320', ' 3 x Mini DisplayPort', ' NVIDIA', ' 4X61J52234', '4X61J52234', 'N82E16814502022']]"
9SIARPHJT25845,ASUS ROG Strix GeForce RTX 2080 Ti 11GB GDDR6 PCI Express 3.0 SLI Support Video Card ROG-STRIX-RTX2080TI-11G-GAMING,ASUS,4.7,24.0,687.18,$49.99 Shipping,https://c1.neweggimages.com/ProductImageCompressAll300/14-126-080-V50.jpg,"[[' 1350 MHz', ' 7680 x 4320', ' 2 x DisplayPort 1.4', ' 2 x HDMI 2.0b', 'RTX2080TI-11G-GAMING']]"
9SIB11NJT73756,"GIGABYTE AORUS GeForce RTX 2060 Super 8G Graphics Card, WINDFORCE Stack, 8GB 256-Bit GDDR6, GV-N206SAORUS-8GC Video Card",GIGABYTE,4.2,26.0,549.99,$8.99 Shipping,https://c1.neweggimages.com/ProductImageCompressAll300/14-932-172-V09.jpg,"[[' 1845 MHz', ' 7680 x 4320 @ 60 Hz', ' 3 x DisplayPort 1.4', ' 3 x HDMI 2.0b', 'GV-N206SAORUS-8GC']]"
9SIARPHJJS3518,GIGABYTE GeForce GTX 1060 6GB GDDR5 PCI Express 3.0 x16 ATX Video Card GV-N1060WF2OC-6GD,GIGABYTE,4.5,182.0,269.96,$49.99 Shipping,https://c1.neweggimages.com/ProductImageCompressAll300/14-125-901-S99.jpg,"[[' OC Mode: 1582 MHz\nGaming Mode: 1556 MHz', ' 7680 x 4320', ' 1 x DisplayPort 1.4', ' 2 x Dual-link DVI-D', 'GV-N1060WF2OC-6GD']]"
9SIB1PGH758810,"GIGABYTE AORUS GeForce RTX 2080 Ti XTREME WATERFORCE WB 11G Graphics Card, Pre-Installed Waterblock, 11GB 352-Bit GDDR6, GV-N208TAORUSX WB-11GC Video Card",GIGABYTE,4.7,12.0,1210.0,0,https://c1.neweggimages.com/ProductImageCompressAll300/14-932-074-V10.jpg,"[[' 1770 MHz', ' 7680 x 4320', ' 3 x DisplayPort 1.4', ' 3 x HDMI 2.0b', 'GVN208TAORUSXWB11GC']]"
9SIB11NFTK3828,GIGABYTE GeForce GTX 1650 4GB GDDR6 PCI Express 3.0 x16 mini-ITX Video Card GV-N1656OC-4GD,GIGABYTE,4.4,12.0,149.99,$6.99 Shipping,https://c1.neweggimages.com/ProductImageCompressAll300/14-932-287-V03.jpg,"[[' 1635 MHz', ' 7680 x 4320 @ 60 Hz', ' 1 x DisplayPort 1.4', ' 1 x DVI-D', 'GV-N1656OC-4GD']]"
9SIB1PGJ9U1382,SAPPHIRE Radeon RX Vega 64 8GB HBM2 PCI Express 3.0 CrossFireX Support Video Card 21275-03-20G,Sapphire Tech,4,124.0,659.0,0,https://c1.neweggimages.com/ProductImageCompressAll300/14-202-326-S01.jpg,"[[' 5120 x 2880', ' 3 x DisplayPort 1.4', ' 1 x HDMI 2.0b', ' 10.70"" x 4.40""', '21275-03-20G']]"
9SIARPHJJP0776,MSI GeForce RTX 2060 6GB GDDR6 PCI Express 3.0 x16 Video Card RTX 2060 VENTUS XS 6G OC,MSI,4.3,168.0,248.99,$49.99 Shipping,https://c1.neweggimages.com/ProductImageCompressAll300/14-137-396-01.jpg,"[[' 7680 x 4320', ' 3 x DisplayPort 1.4', ' 1 x HDMI 2.0b', ' 8.07"" x 5.04""', 'RTX2060VENTUSXS6OC']]"
9SIAPNMFE45762,GIGABYTE GeForce GTX 1650 4GB GDDR5 PCI Express 3.0 x16 Low Profile Video Card GV-N1650OC-4GL,GIGABYTE,4.2,9.0,193.99,0,https://c1.neweggimages.com/ProductImageCompressAll300/14-932-241-V06.jpg,"[[' 1695 MHz', ' 7680 x 4320 @ 60 Hz', ' 1 x DisplayPort 1.4', ' 1 x Dual-link DVI-D', 'GV-N1650OC-4GL']]"
14-129-314,VisionTek Radeon 7750 SFF 2GB GDDR5 4M (4 x miniDP) (900798),VisionTek,2.3,4.0,207.99,0,https://c1.neweggimages.com/ProductImageCompressAll300/14-129-314-10.jpg,"[[' 800 MHz', ' 4 x Mini DisplayPort', ' 7.00"" x 4.80""', ' Single Slot', '900798', 'N82E16814129314']]"
14-196-023,HP RTX A4000 16GB GDDR6 PCI Express 4.0 x16 Video Card 20X24AT,HP,,,1219.99,0,https://c1.neweggimages.com/ProductImageCompressAll300/A6ZPD22031805AUT028.jpg,"[[' 4 x DisplayPort', ' NVIDIA', ' 140W', ' 242 mm', '20X24AT', 'N82E16814196023']]"
9SIB1PGFBZ8466,NVIDIA 900-1G611-2550-000 GeForce GTX 1080 Ti Founders Edition DirectX 12 11GB 352-Bit GDDR5X PCI Express 3.0 x16 HDCP Ready SLI Support Video Card,NVIDIA,5,1.0,865.0,0,https://c1.neweggimages.com/ProductImageCompressAll300/ADRA_131605276756152675NsYuqJUn0p.jpg,"[[' 1480 MHz', ' 7680 x 4320', ' 3 x DisplayPort 1.4', ' 1 x HDMI 2.0', '900-1G611-2550-000']]"
9SIAYTVESH8534,GIGABYTE AORUS Radeon RX 6900 XT 16GB GDDR6 PCI Express 4.0 ATX Video Card GV-R69XTAORUS M-16GD,GIGABYTE,4.8,4.0,1140.99,$49.99 Shipping,https://c1.neweggimages.com/ProductImageCompressAll300/14-932-413-01.jpg,"[[' 7680 x 4320', ' 2 x DisplayPort 1.4a', ' 2 x HDMI 2.1', ' 12.68"" x 5.51""', 'GV-R69XTAORUS M-16GD']]"
9SIARPHJJP0697,"GIGABYTE GeForce GTX 1660 OC 6G Graphics Card, 2 x WINDFORCE Fans, 6GB 192-Bit GDDR5, GV-N1660OC-6GD Video Card",GIGABYTE,4,3.0,185.0,$49.99 Shipping,https://c1.neweggimages.com/ProductImageCompressAll300/AWZTS210327QIic7.jpg,"[[' 1830 MHz', ' 7680 x 4320', ' 3 x DisplayPort 1.4', ' 1 x HDMI 2.0b', 'SEWY1VOOM23486OY']]"
9SIAYTVH1X5541,"GIGABYTE GeForce RTX 3060 VISION OC 12G (LHR) Video Card,12GB 192-bit GDDR6 PCI Express 4.0 x16,1837MHz Core Frequency,2×HDMI 2.1 interface, 2×DisplayPort 1.4 interface",GIGABYTE,3.7,3.0,347.69,$49.99 Shipping,https://c1.neweggimages.com/ProductImageCompressAll300/A4RES2111090FHB357A.jpg,"[[' 1837 MHz', ' 7680 x 4320', ' 2 x DisplayPort 1.4a', ' 2 x HDMI 2.1', 'GIGABYTE RTX 3060 VISION OC 12G LHR']]"
9SIB1PGJJF6806,MSI GeForce RTX 2070 8GB GDDR6 PCI Express 3.0 x16 Video Card RTX 2070 ARMOR 8G,MSI,4.2,95.0,675.0,0,https://c1.neweggimages.com/ProductImageCompressAll300/14-137-366-V35.jpg,"[[' 1410 MHz', ' 7680 x 4320', ' 3 x DisplayPort 1.4', ' 1 x HDMI 2.0b', 'RTX 2070 ARMOR 8G']]"
9SIAY2WJZY7091,"EVGA GeForce GTX 1070 FTW GAMING ACX 3.0, 08G-P4-6276-KR, 8GB GDDR5, RGB LED, 10CM FAN, 10 Power Phases, Double BIOS, DX12 OSD Support (PXOC)",EVGA,4.5,352.0,575.99,0,https://c1.neweggimages.com/ProductImageCompressAll300/14-487-259-S99.jpg,"[[' 1607 MHz', ' 7680 x 4320', ' 3 x DisplayPort 1.4', ' 1 x Dual-Link DVI-D', '08G-P4-6276-KR']]"
9SIARPHJJP0979,"Sapphire PULSE Radeon RX 580 8GB GDDR5 PCI-E Dual HDMI / DVI-D / Dual DP OC w/ Backplate (UEFI), 100411P8GOCL",Sapphire Tech,4.3,185.0,313.46,$49.99 Shipping,https://c1.neweggimages.com/ProductImageCompressAll300/14-202-278-V05.jpg,"[[' DisplayPort 1.4: 5120 x 2880 @ 60 Hz\nHDMI: 4096 x 2160 @ 60 Hz\nDL-DVI-D: 2560 x 1600 @ 60 Hz', ' 2 x DisplayPort 1.4', ' 1 x DL-DVI-D', ' 2 x HDMI', '100411P8GOCL']]"
9SIAYTVFFA2355,MSI Suprim GeForce RTX 3080 10GB GDDR6X Video Card RTX 3080 SUPRIM X 10G LHR,MSI,5,8.0,759.99,$49.99 Shipping,https://c1.neweggimages.com/ProductImageCompressAll300/APMXS210724XkPTH.jpg,[['3080 SUPRIM X 10G LHR']]
14-129-271,"Visiontek Radeon HD 7750 SFF 1GB DDR3 3M (2 x HDMI, Mini DP), 900574",VisionTek,4.6,5.0,151.99,0,https://c1.neweggimages.com/ProductImageCompressAll300/14-129-271-02.jpg,"[[' 800 MHz', ' 2560 x 1600', ' 1 x Mini DisplayPort', ' 1 x DVI-D (via HDMI to DVI Adpater)', '900574', 'N82E16814129271']]"
9SIB4KCJ694773,ASUS GeForce GT 730 2GB GDDR5 PCI Express 2.0 Video Card GT730-4H-SL-2GD5,ASUS,5,1.0,94.0,0,https://c1.neweggimages.com/ProductImageCompressAll300/14-126-570-V07.jpg,"[[' 3840 x 2160', ' 4 x HDMI 1.4b', ' 5.80"" x 4.10""', ' Single Slot', 'GT730-4H-SL-2GD5']]"
9SIARPHJJP0685,"GIGABYTE GeForce GTX 1660 Ti OC 6G Graphics Card, 2 x WINDFORCE Fans, 6GB 192-Bit GDDR6, GV-N166TOC-6GD Video Card",GIGABYTE,5,3.0,208.99,$49.99 Shipping,https://c1.neweggimages.com/ProductImageCompressAll300/AWZTS210327MdnS0.jpg,"[[' 1800 MHz', ' 7680x4320@60Hz', ' 3 x DisplayPort 1.4', ' 1 x HDMI 2.0b', 'UNIDII2N4J8MFD8B']]"
9SIB601J5V4522,"GAMING GeForce GTX 1660 6GB GDDR5 192-bit Gaming Graphics Card, Super Compact",Mannajue,5,1.0,169.99,$8.29 Shipping,https://c1.neweggimages.com/ProductImageCompressAll300/B601S2208310XX0S763.jpg,"[['GTX16666G', '9SIB601J5V4522']]"
9SIB1PGFBY6108,"EVGA GeForce GTX 980 Ti 06G-P4-1996-KR 6GB HYBRID GAMING, ""All in One"" No Hassle Water Cooling, Just Plug and Play Graphics Card",EVGA,4.6,120.0,465.0,0,https://c1.neweggimages.com/ProductImageCompressAll300/14-487-144-18.jpg,"[[' 1140 MHz', ' Analog: 2048 x 1536\r\nDigital: 4096 x 2160', ' 3 x DisplayPort 1.2', ' 1 x Dual-link DVI', '06G-P4-1996-KR', '9SIB1PGFBY6108']]"
14-932-621,"GIGABYTE Radeon RX 7600 GAMING OC 8G Graphics Card, 3x WINDFORCE Fans 8GB 128-bit GDDR6, GV-R76GAMING OC-8GD Video Card",GIGABYTE,,,269.99,0,https://c1.neweggimages.com/ProductImageCompressAll300/14-932-621-02.jpg,"[[' 7680 x 4320', ' 2 x DisplayPort', ' 2 x HDMI', ' 2.5 Slots', 'GV-R76GAMING OC-8GD', 'N82E16814932621']]"
9SIBMWJJVZ9114,GIGABYTE Vision OC GeForce RTX 3080 10GB GDDR6X PCI Express 4.0 ATX Video Card GV-N3080VISION OC-10GD (rev. 2.0) (LHR),GIGABYTE,4.9,82.0,793.8,$49.99 Shipping,https://c1.neweggimages.com/ProductImageCompressAll300/14-932-460-01.jpg,"[[' 1800 MHz', ' 7680 x 4320', ' 3 x DisplayPort 1.4a', ' 2 x HDMI 2.1', 'GV-N3080VISION OC-10GD REV2']]"
9SIB1PGFBY7000,MSI GeForce GTX 970 4GD5T OC,MSI,4.1,160.0,469.0,0,https://c1.neweggimages.com/ProductImageCompressAll300/14-127-833-S99.jpg,"[[' 1102 MHz', ' 4096 x 2160', ' 1 x DisplayPort 1.2', ' 1 x Dual-link DVI-I\n1 x Dual-link DVI-D', 'GTX 970 4GD5T OC']]"
9SIB1PGJ9P5865,"EVGA GeForce RTX 3080 12GB FTW3 Ultra Gaming, 12G-P5-4877-KL, 12GB GDDR6X, iCX3 Technology, ARGB LED, Metal Backplate, LHR",EVGA,,,1410.0,0,https://c1.neweggimages.com/ProductImageCompressAll300/AG7RS2204190IHXLNC9.jpg,"[[' Triple Fans', 'EVGA ##12G-P5-4877-KL', '9SIB1PGJ9P5865']]"
9SIAZUEEV65926,"Yeston Nvidia GeForce GTX 1050 Ti Graphics Card  4GB 128-Bit GDDR5 PCI Express 3.0 x16 video cards DVI-D/HDMI/DP Tri-Ports, G-Sync, GPU Boost, DirectX 12, Gaming GPU, Desktop Video Card",yeston,4.7,3.0,149.0,0,https://c1.neweggimages.com/ProductImageCompressAll300/ASJ7S2103052sKcy.jpg,"[[' 1291 MHz', ' 7680 x 4320', ' 1 x DisplayPort', ' 1 x DVI', 'gtx1050ti 4g d5 td', '9SIAZUEEV65926']]"
9SIB86XJ816221,51RISC GTX1660Super 6GB Gaming Video Card GTX1660 6GB Graphics Cards GPU Desktop Computer Game 1060,51Risc,5,1.0,159.0,0,https://c1.neweggimages.com/ProductImageCompressAll300/B86XS230417040T2M2F.jpg,"[[' 1530 MHz', ' 4096 x 2160', ' 1 x DisplayPort', ' 1 x DVI', 'HTM1660S6G', '9SIB86XJ816221']]"
9SIB1PGJHJ5822,MSI Radeon RX 580 8GB GDDR5 PCI Express x16 CrossFireX Support Video Card RX 580 GAMING X 8G,MSI,4.2,46.0,580.0,0,https://c1.neweggimages.com/ProductImageCompressAll300/14-137-117-Z01.jpg,"[[' 2 x DisplayPort', ' 1 x DL-DVI-D', ' 2 x HDMI', ' 10.87"" x 5.51""', 'RX 580 GAMING X 8G']]"
14-932-579,GIGABYTE WINDFORCE OC GeForce RTX 3060 12GB GDDR6 PCI Express 4.0 x16 ATX Video Card GV-N3060WF2OC-12GD,GIGABYTE,4.9,14.0,289.99,0,https://c1.neweggimages.com/ProductImageCompressAll300/14-932-579-10.jpg,"[[' 1792 MHz', ' 7680 x 4320', ' 2 x DisplayPort 1.4a', ' 2 x HDMI 2.1', 'GV-N3060WF2OC-12GD', 'N82E16814932579']]"
14-932-434,GIGABYTE Eagle OC GeForce RTX 3060 12GB GDDR6 PCI Express 4.0 ATX Video Card GV-N3060EAGLE OC-12GD (rev. 2.0) (LHR),GIGABYTE,4.6,100.0,289.99,0,https://c1.neweggimages.com/ProductImageCompressAll300/14-932-434-V10.jpg,"[[' 1807 MHz', ' 7680 x 4320', ' 2 x DisplayPort 1.4a', ' 2 x HDMI 2.1', 'GV-N3060EAGLE OC-12GD REV2.0', 'N82E16814932434']]"
14-932-449,GIGABYTE Gaming OC GeForce RTX 3070 8GB GDDR6 PCI Express 4.0 ATX Video Card GV-N3070GAMING OC-8GD (rev. 2.0) (LHR),GIGABYTE,4.7,167.0,499.99,0,https://c1.neweggimages.com/ProductImageCompressAll300/14-932-449-01.jpg,"[[' 1815 MHz', ' 7680 x 4320', ' 2 x DisplayPort 1.4a', ' 2 x HDMI 2.1', 'GV-N3070GAMING OC-8G', 'N82E16814932449']]"
14-137-758,MSI GeForce RTX 3060 12GB GDDR6 PCI Express 4.0 Video Card RTX 3060 AERO ITX 12G OC,MSI,5,8.0,,0,https://c1.neweggimages.com/ProductImageCompressAll300/14-137-758-06.jpg,"[[' 7680 x 4320', ' 3 x DisplayPort 1.4a', ' 1 x HDMI 2.1', ' DirectX 12', 'RTX 3060 AERO ITX 12G OC', 'N82E16814137758']]"
14-500-508,"ZOTAC GAMING GeForce RTX 3060 Twin Edge OC 12GB GDDR6 192-bit 15 Gbps PCIE 4.0 Gaming Graphics Card, IceStorm 2.0 Cooling, Active Fan Control, FREEZE Fan Stop ZT-A30600H-10M",ZOTAC,4.5,57.0,289.99,0,https://c1.neweggimages.com/ProductImageCompressAll300/14-500-508-01.jpg,"[[' 7680 x 4320', ' 3 x DisplayPort 1.4a', ' 1 x HDMI 2.1', ' 8.82"" x 4.58""', 'ZT-A30600H-10M', 'N82E16814500508']]"
14-126-620,"ASUS TUF Gaming NVIDIA GeForce RTX 3060 Ti OC Edition Graphics Card (PCIe 4.0, 8GB GDDR6X, HDMI 2.1, DisplayPort 1.4a, Dual Ball Fan Bearings, Military-grade Certification) TUF-RTX3060TI-O8GD6X-GAMING",ASUS,5,10.0,389.99,0,https://c1.neweggimages.com/ProductImageCompressAll300/14-126-620-01.jpg,"[[' 7680 x 4320', ' 3 x DisplayPort 1.4a', ' 2 x HDMI 2.1', ' 2.7 Slot', 'TUF-RTX3060TI-O8GD6X-GAMING', 'N82E16814126620']]"
14-137-784,MSI Gaming GeForce RTX 4080 16GB GDDR6X PCI Express 4.0 ATX Video Card RTX 4080 16GB GAMING X TRIO WHITE,MSI,4.7,3.0,1339.99,0,https://c1.neweggimages.com/ProductImageCompressAll300/14-137-784-01.jpg,"[[' 7680 x 4320', ' 3 x DisplayPort 1.4a', ' 1 x HDMI 2.1a', ' DirectX 12 Ultimate', 'RTX 4080 16GB GAMING X TRIO WHITE', 'N82E16814137784']]"
9SIB601J6Z3595,RX580 8G 2048SP 256-Bit GDDR5 PCI Express 3.0 x16 DirectX 12 Gaming Video Card Gaming GPU,Mannajue,2.3,3.0,94.99,0,https://c1.neweggimages.com/ProductImageCompressAll300/B601S2209240Q9ZVGBE.jpg,"[['WHITE-580', '9SIB601J6Z3595']]"
14-137-738,MSI Radeon RX 6400 4GB GDDR6 PCI Express 4.0 Video Card RX 6400 AERO ITX 4G,MSI,4,4.0,139.99,0,https://c1.neweggimages.com/ProductImageCompressAll300/14-137-738-01.jpg,"[[' 7680 x 4320', ' 1 x DisplayPort 1.4a', ' 1 x HDMI 2.1', ' 6.77"" x 4.41""', 'RX 6400 AERO ITX 4G', 'N82E16814137738']]"
9SIARPHJNC3029,MSI GeForce RTX 2070 SUPER 8GB GDDR6 PCI Express 3.0 x16 SLI Support Video Card RTX 2070 Super GAMING X,MSI,4.6,258.0,516.08,$49.99 Shipping,https://c1.neweggimages.com/ProductImageCompressAll300/14-137-445-V21.jpg,"[[' 7680 x 4320', ' 3 x DisplayPort 1.4', ' 1 x HDMI 2.0b', ' 11.69"" x 5.63""', '2070 Super GAMING X']]"
14-500-551,"ZOTAC GAMING GeForce RTX 4070 AMP AIRO DLSS 3 12GB GDDR6X 192-bit 21 Gbps PCIE 4.0 Gaming Graphics Card, IceStorm 2.0 Advanced Cooling, SPECTRA 2.0 RGB Lighting, ZT-D40700F-10P",ZOTAC,,,639.99,0,https://c1.neweggimages.com/ProductImageCompressAll300/14-500-551-V01.jpg,"[[' 7680 x 4320', ' 3 x DisplayPort 1.4a', ' 1 x HDMI 2.1a', ' 2.5 Slots', 'ZT-D40700F-10P', 'N82E16814500551']]"
14-126-628,"ASUS TUF Gaming Radeon RX 7900 XT OC Edition 20GB GDDR6 Graphics Card (PCIe 4.0, 20GB GDDR6, HDMI 2.1a, DisplayPort 2.1) TUF-RX7900XT-O20G-GAMING",ASUS,,,849.99,0,https://c1.neweggimages.com/ProductImageCompressAll300/14-126-628-01.jpg,"[[' 7680 x 4320', ' 3 x DisplayPort 2.1', ' 1 x HDMI 2.1', ' 3.63 Slot', 'TUF-RX7900XT-O20G-GAMING', 'N82E16814126628']]"
9SIB1PGJ9U5765,ASUS ROG Radeon RX Vega 64 8GB HBM2 PCI Express 3.0 Video Card STRIX-RXVEGA64-O8G-GAMING,ASUS,4,21.0,659.0,0,https://c1.neweggimages.com/ProductImageCompressAll300/14-126-232-V01.jpg,"[[' 2 x DisplayPort', ' 1 x DVI-D', ' 2 x HDMI 2.0', ' 11.73"" x 5.47""', 'ROGSTRIXRXVEGA64O8G']]"
9SIB1PGJ9P5826,"EVGA GeForce RTX 3090 FTW3 Ultra Gaming, 24GB GDDR6X, iCX3 Technology, ARGB LED, Metal Backplate, 24G-P5-3987-KR",EVGA,,,1699.0,0,https://c1.neweggimages.com/ProductImageCompressAll300/AKEXS210926A816A.jpg,"[[' 7680×4320', ' 3 x DisplayPort', ' 1 x HDMI', ' DirectX 12', '3090 FTW3 ULTRA GAMING']]"
9SIAYTVEMG5270,"GIGABYTE GeForce GTX 1650 MINI ITX OC 4G Graphics Card, Mini ITX Form Factor, 4GB 128-Bit GDDR5, GV-N1650IXOC-4GD Video Card",GIGABYTE,4.4,8.0,136.78,$49.99 Shipping,https://c1.neweggimages.com/ProductImageCompressAll300/14-932-151-Z01.jpg,"[[' 1680 MHz', ' 7680 x 4320 @ 60 Hz', ' 1 x DisplayPort 1.4', ' 2 x HDMI 2.0b', 'GV-N1650IXOC-4GD']]"
9SIB1PGFBZ6298,SAPPHIRE  Radeon HD 6850 1GB 256-bit GDDR5 PCI Express 2.1 x16 HDCP Ready CrossFireX Support Video Card with Eyefinity   (100315L),Sapphire Tech,4.3,746.0,255.0,0,https://c1.neweggimages.com/ProductImageCompressAll300/14-102-908-15.jpg,"[[' 775 MHz', ' 2560 x 1600', ' 1 x DisplayPort', ' 2 x DVI', '100315L']]"
9SIB1PGJJF8289,GIGABYTE GeForce RTX 2070 SUPER 8GB GDDR6 PCI Express 3.0 x16 SLI Support ATX Video Card GV-N207SWF3-8GC,GIGABYTE,5,7.0,675.0,0,https://c1.neweggimages.com/ProductImageCompressAll300/14-932-285-V02.jpg,"[[' 1770 MHz', ' 7680 x 4320 @ 60 Hz', ' 3 x DisplayPort 1.4', ' 1 x HDMI 2.0b', 'GV-N207SWF3-8GC']]"
14-930-079,ASRock AQUA Radeon RX 7900 XTX 24GB GDDR6 PCI Express 4.0 ATX Video Card RX7900XTX AQ 24GO,ASRock,3.5,11.0,1449.99,0,https://c1.neweggimages.com/ProductImageCompressAll300/14-930-079-01.jpg,"[[' 7680 x 4320', ' 3 x DisplayPort 2.1', ' 1 x HDMI 2.1', ' 2 Slots', 'RX7900XTX AQ 24GO', 'N82E16814930079']]"
14-932-628,"GIGABYTE GeForce RTX 4060 GAMING OC 8G Graphics Card, 3x WINDFORCE Fans, 8GB 128-bit GDDR6, GV-N4060GAMING OC-8GD Video Card",GIGABYTE,5,1.0,319.99,0,https://c1.neweggimages.com/ProductImageCompressAll300/14-932-628-16.jpg,"[[' 7680 x 4320', ' 2 x DisplayPort', ' 2 x HDMI', ' 2 Slots', 'GV-N4060GAMING OC-8GD', 'N82E16814932628']]"
9SIBMWJJVZ8940,"ASUS ROG Strix NVIDIA GeForce RTX 3080 Ti OC Edition Gaming Graphics Card (PCIe 4.0, 12GB GDDR6X, HDMI 2.1, Axial-tech Fan Design, 2.9-Slot, Super Alloy Power II, ASUS Auto-Extreme Technology)",ASUS,4.6,86.0,1269.0,$49.99 Shipping,https://c1.neweggimages.com/ProductImageCompressAll300/14-126-508-V19.jpg,"[[' 7680 x 4320', ' 3 x DisplayPort 1.4a', ' 2 x HDMI 2.1', ' 12.53"" x 5.51""', 'STRIX-RTX3080TI-O12G']]"
14-930-093,ASRock Challenger Radeon RX 7600 8GB GDDR6 PCI Express 4.0 x8 ATX Video Card RX7600 CL 8GO,ASRock,,,269.99,0,https://c1.neweggimages.com/ProductImageCompressAll300/14-930-093-03.jpg,"[[' 7680 x 4320', ' 3 x DisplayPort 1.4a', ' 1 x HDMI 2.1', ' 2 Slots', 'RX7600 CL 8GO', 'N82E16814930093']]"
14-137-797,MSI Gaming GeForce RTX 4060 Ti 8GB GDDR6 PCI Express 4.0 x8 ATX Video Card RTX 4060 Ti GAMING X 8G,MSI,5,2.0,429.99,0,https://c1.neweggimages.com/ProductImageCompressAll300/14-137-797-01.jpg,"[[' 7680 x 4320', ' 3 x DisplayPort 1.4a', ' 1 x HDMI 2.1a', ' DirectX 12 Ultimate', 'RTX 4060 Ti GAMING X 8G', 'N82E16814137797']]"
14-932-418,"GIGABYTE Radeon RX 6700 XT EAGLE 12G Graphics Card, WINDFORCE 3X Cooling System, 12GB 192-bit GDDR6, GV-R67XTEAGLE-12GD Video Card",GIGABYTE,4.5,64.0,379.99,0,https://c1.neweggimages.com/ProductImageCompressAll300/14-932-418-02.jpg,"[[' 7680 x 4320', ' 2 x DisplayPort 1.4a', ' 2 x HDMI 2.1', ' 11.10"" x 4.45""', 'GV-R67XTEAGLE-12GD', 'N82E16814932418']]"
14-500-557,"ZOTAC GAMING GeForce RTX 4060 Ti 8GB Twin Edge OC Spider-Man: Across the Spider-Verse Inspired Graphics Card Bundle, ZT-D40610H-10SMP",ZOTAC,,,429.99,0,https://c1.neweggimages.com/ProductImageCompressAll300/14-500-557-14.jpg,"[[' 7680 x 4320', ' 3 x DisplayPort 1.4a', ' 1 x HDMI 2.1a', ' 2.2 Slots', 'ZT-D40610H-10SMP', 'N82E16814500557']]"
14-131-793,PowerColor AMD Radeon RX 6500XT ITX Gaming Graphics Card 4GB GDDR6,PowerColor,4.1,18.0,159.99,0,https://c1.neweggimages.com/ProductImageCompressAll300/14-131-793-01.jpg,"[[' 1 x DisplayPort 1.4', ' 1 x HDMI 2.1', ' 6.50"" x 4.92""', ' 2 Slots', 'AXRX 6500XT 4GBD6-DH', 'N82E16814131793']]"
9SIB86XH2J4279,51Risc AMD Radeon RX550 4GB GDDR5 1183MHz 512processors PCI Express 3.0 DirectX12 Single Slot 1*HDMI 1*DP 1*DVI compatible graphics card Mining GPU of Desktop,51Risc,3,6.0,79.0,0,https://c1.neweggimages.com/ProductImageCompressAll300/B86XS2203040PSS1L2C.jpg,"[[' 1183 MHz', ' 3 x DisplayPort', ' 1 x DVI', ' 1 x HDMI', '51RISC5504G', '9SIB86XH2J4279']]"
9SIAZUEFT99073,Yeston GeForce GTX 1660  Super-6G  GDDR6  6GB 192Bit Graphics cards Nvidia pci express x16 3.0 video cards Desktop computer PC video gaming graphics card,yeston,,,199.0,0,https://c1.neweggimages.com/ProductImageCompressAll300/AZUES210908pQyVH.jpg,"[[' 1530 MHz', ' 12', ' NVIDIA', ' NVIDIA GeForce GTX 16 Series', 'Yeston GTX1660 Super-6G D6', '9SIAZUEFT99073']]"
9SIB1PGJNB4221,"EVGA GeForce RTX 3090 FTW3 Ultra Gaming, 24GB GDDR6X, iCX3 Technology, ARGB LED, Metal Backplate, 24G-P5-3987-KR",EVGA,5,1.0,1699.0,0,https://c1.neweggimages.com/ProductImageCompressAll300/A73MS2205230GXRNZ99.jpg,"[[' NVIDIA', ' NVIDIA GeForce RTX 30 Series', ' 1800 MHz', ' 10496 Cores', '(24G-P5-3987-KR)', '9SIB1PGJNB4221']]"
9SIARPHJRH2089,"GIGABYTE AORUS GeForce RTX 3060 Elite 12G (REV2.0) Graphics Card, 3X WINDFORCE Fans, 12GB 192-bit GDDR6, GV-N3060AORUS E-12GD REV2.0 Video Card,GV-N3060AORUS E-12GD (rev. 2.0) (LHR)",GIGABYTE,3.5,2.0,410.0,$49.99 Shipping,https://c1.neweggimages.com/ProductImageCompressAll300/APBUD210706WY01E.jpg,[['B-GV-N3060AORUSE-12']]
9SIARPHJPA6835,ASUS ROG Strix GeForce RTX 2070 8GB GDDR6 PCI Express 3.0 Video Card ROG-STRIX-RTX2070-8G-GAMING,ASUS,4.1,42.0,486.6,$49.99 Shipping,https://c1.neweggimages.com/ProductImageCompressAll300/14-126-270-V06.jpg,"[[' 1410 MHz', ' 7680 x 4320', ' 2 x DisplayPort 1.4', ' 2 x HDMI 2.0b', 'RTX2070-8G-GAMING']]"
9SIAPMXG6N3781,ASUS Dual GeForce RTX 2060 DirectX 12 DUAL-RTX2060-O6G-EVO 6GB 192-Bit GDDR6 PCI Express 3.0 x16 HDCP Ready Video Card,ASUS,5,1.0,295.0,0,https://c1.neweggimages.com/ProductImageCompressAll300/AFYUD2304280U1UBO58.jpg,"[[' OC Mode: 1395 MHz\nGaming Mode (Default): 1365 MHz', ' 7680 x 4320', ' 1 x DisplayPort 1.4', ' 1 x DVI-D', '90YV0CH2-M0NA00']]"
9SIAY2WJZW1624,EVGA GeForce GTX 1070 Ti SC GAMING 08G-P4-5671-KR 8GB GDDR5 ACX 3.0 & Black Edition,EVGA,4.3,29.0,714.99,0,https://c1.neweggimages.com/ProductImageCompressAll300/14-487-387-V01.jpg,"[[' 1607+ MHz', ' 7680 x 4320', ' 3 x DisplayPort 1.4', ' 1 x DL-DVI-D', '08G-P4-5671-KR']]"
9SIARPHJK31116,MSI GeForce GTX 1650 4GB GDDR5 PCI Express 3.0 x16 Video Card GTX 1650 GAMING X 4G,MSI,4.6,29.0,190.42,$49.99 Shipping,https://c1.neweggimages.com/ProductImageCompressAll300/14-137-417-V01.jpg,"[[' 7680 x 4320', ' 2 x DisplayPort 1.4a', ' 1 x HDMI 2.0b', ' 9.65"" x 5.00""', 'GTX 1650 GAMING X 4G']]"
9SIBMWJJWP6757,ASUS TUF Gaming GeForce GTX 1660 Ti EVO TOP Edition 6GB GDDR6 PCI Express 3.0 ATX Video Card TUF-GTX1660TI-T6G-EVO-GAMING,ASUS,4.4,7.0,214.6,$49.99 Shipping,https://c1.neweggimages.com/ProductImageCompressAll300/14-126-539-V01.jpg,"[[' 7680 x 4320', ' 1 x DisplayPort 1.4a', ' 1 x DVI-D', ' 2 x HDMI 2.0b', 'TUF-GTX1660TI-T6G-EV']]"
9SIA4REHXD8140,ASUS GT501 TUF GAMING Demon Slayer Limited Edition ARGB Chassis Computer Desktop Tempered Glass Micro ATX / ATX / ITX / E-ATX Mid Tower Case,ASUS,,,486.09,0,https://c1.neweggimages.com/ProductImageCompressAll300/A4RES22082506NT9S66.jpg,"[[' Triple Fans', 'ASUS TUF GAMING GT501-Demon Slayer-A', '9SIA4REHXD8140']]"
14-500-558,"ZOTAC GAMING GeForce RTX 4060 8GB Solo DLSS 3 8GB GDDR6 128-bit 17 Gbps PCIE 4.0 Super Compact Gaming Graphics Card, ZT-D40600G-10L",ZOTAC,,,299.99,0,https://c1.neweggimages.com/ProductImageCompressAll300/14-500-558-09.jpg,"[[' 7680 x 4320', ' 3 x DisplayPort 1.4a', ' 1 x HDMI 2.1a', ' 2 Slots', 'ZT-D40600G-10L', 'N82E16814500558']]"
14-930-092,ASRock Steel Legend Radeon RX 7600 8GB GDDR6 PCI Express 4.0 x8 ATX Video Card RX7600 SL 8GO,ASRock,5,5.0,289.99,0,https://c1.neweggimages.com/ProductImageCompressAll300/14-930-092-12.jpg,"[[' 7680 x 4320', ' 3 x DisplayPort 1.4', ' 1 x HDMI 2.1', ' 2.25 Slots', 'RX7600 SL 8GO', 'N82E16814930092']]"
14-500-552,"ZOTAC GAMING GeForce RTX 4070 Twin Edge OC DLSS 3 12GB GDDR6X 192-bit 21 Gbps PCIE 4.0 Compact Gaming Graphics Card, IceStorm 2.0 Advanced Cooling, SPECTRA RGB Lighting, ZT-D40700H-10M",ZOTAC,4.3,3.0,599.99,0,https://c1.neweggimages.com/ProductImageCompressAll300/14-500-552-V01.jpg,"[[' 7680 x 4320', ' 3 x DisplayPort 1.4a', ' 1 x HDMI 2.1a', ' 2.2 Slots', 'ZT-D40700H-10M', 'N82E16814500552']]"
14-932-560,GIGABYTE AERO OC GeForce RTX 4080 16GB GDDR6X PCI Express 4.0 ATX Video Card GV-N4080AERO OC-16GD,GIGABYTE,4.7,35.0,1259.99,0,https://c1.neweggimages.com/ProductImageCompressAll300/14-932-560-19.jpg,"[[' 2535 MHz', ' 7680 x 4320', ' 3 x DisplayPort 1.4a', ' 1 x HDMI 2.1', 'GV-N4080AERO OC-16GD', 'N82E16814932560']]"
14-137-779,MSI Suprim GeForce RTX 4090 24GB GDDR6X PCI Express 4.0 Video Card RTX 4090 SUPRIM LIQUID 24G,MSI,4.7,25.0,1799.99,$9.99 Shipping,https://c1.neweggimages.com/ProductImageCompressAll300/14-137-779-01.jpg,"[[' 7680 x 4320', ' 3 x DisplayPort 1.4a', ' 1 x HDMI 2.1a', ' DirectX 12 Ultimate', 'RTX 4090 SUPRIM LIQUID 24G', 'N82E16814137779']]"
14-133-848,PNY GeForce RTX 4070 Ti 12GB XLR8 Gaming VERTO EPIC-X RGB Overclocked Triple Fan Graphics Card DLSS 3,"PNY Technologies, Inc.",4.9,12.0,849.99,0,https://c1.neweggimages.com/ProductImageCompressAll300/14-133-848-15.jpg,"[[' 2310', ' 7680 x 4320', ' 3 x DisplayPort 1.4a', ' 1 x HDMI 2.1', 'VCG4070T12TFXXPB1-O', 'N82E16814133848']]"
14-127-515,MSI GeForce 210 1GB DDR3 PCI Express 2.0 x16 Low Profile Ready Video Card N210-MD1G/D3,MSI,4,90.0,44.99,0,https://c1.neweggimages.com/ProductImageCompressAll300/14-127-515-04.jpg,"[[' 589MHz', ' 1 x DVI', ' 1 x HDMI', ' 5.71"" x 3.31""', 'N210-MD1G/D3', 'N82E16814127515']]"
14-487-435,"EVGA GeForce RTX 2060 GAMING, 06G-P4-2060-KR, 6GB GDDR6, HDB Fan",EVGA,4,6.0,239.99,0,https://c1.neweggimages.com/ProductImageCompressAll300/14-487-435-01.jpg,"[[' 7680 x 4320', ' 1 x DisplayPort 1.4', ' 1 x Dual-Link DVI-D', ' 1 x HDMI 2.0b', '06G-P4-2060-KR', 'N82E16814487435']]"
14-500-548,"ZOTAC GAMING GeForce RTX 3060 8GB Twin Edge GDDR6 128-bit 15 Gbps PCIE 4.0 Gaming Graphics Card, IceStorm 2.0 Cooling, Active Fan Control, FREEZE fan stop, ZT-A30630E-10M",ZOTAC,5,5.0,259.99,0,https://c1.neweggimages.com/ProductImageCompressAll300/14-500-548-10.jpg,"[[' 7680 x 4320', ' 3 x DisplayPort 1.4a', ' 1 x HDMI 2.1', ' 2 Slots', 'ZT-A30630E-10M', 'N82E16814500548']]"
14-126-634,"ASUS Dual GeForce RTX 3060 White OC Edition 12GB GDDR6 (PCIe 4.0, 12GB GDDR6, HDMI 2.1, DisplayPort 1.4a, 2-slot design, Axial-tech fan design, 0dB technology) DUAL-RTX3060-O12G-WHITE",ASUS,,,349.99,0,https://c1.neweggimages.com/ProductImageCompressAll300/14-126-634-V01.jpg,"[[' 1320 MHz', ' 7680 x 4320', ' 3 x DisplayPort 1.4a', ' 1 x HDMI 2.1', 'DUAL-RTX3060-O12G-WHITE', 'N82E16814126634']]"
14-930-068,ASRock Challenger Radeon RX 6400 4GB GDDR6 PCI Express 4.0 ITX Video Card RX6400 CLI 4G,ASRock,4.8,5.0,149.99,0,https://c1.neweggimages.com/ProductImageCompressAll300/14-930-068-01.png,"[[' 1923 MHz', ' 7680 x 4320', ' 1 x DisplayPort 1.4', ' 1 x HDMI 2.1', 'RX6400 CLI 4G', 'N82E16814930068']]"
9SIBMWJJX67583,MSI GeForce RTX 2070 8GB GDDR6 PCI Express 3.0 x16 Video Card RTX 2070 VENTUS GP,MSI,4.4,105.0,420.18,$49.99 Shipping,https://c1.neweggimages.com/ProductImageCompressAll300/14-137-504-V03.jpg,"[[' 7680 x 4320', ' 3 x DisplayPort 1.4', ' 1 x HDMI 2.0b', ' 9.13"" x 5.00""', 'RTX 2070 VENTUS GP']]"
9SIBJR8JY71256,GIGABYTE GeForce GTX 1650 4GB GDDR6 PCI Express 3.0 x16 Video Card GV-N1656OC-4GD rev. 2.0,GIGABYTE,4.8,12.0,164.98,0,https://c1.neweggimages.com/ProductImageCompressAll300/14-932-309-S07.jpg,"[[' 1635 MHz', ' 7680 x 4320 @ 60 Hz', ' 1 x DisplayPort 1.4', ' 1 x DVI-D', 'GV-N1656OC-4GDV2']]"
9SIBMWJJX98097,GIGABYTE GeForce GTX 1070 DirectX 12 GV-N1070G1 GAMING-8GD R2 256-Bit GDDR5 PCI Express 3.0 x16 SLI Support ATX Video Card,GIGABYTE,4.4,314.0,381.48,$49.99 Shipping,https://c1.neweggimages.com/ProductImageCompressAll300/14-125-871-S99.jpg,"[[' 1620 MHz in OC Mode\n1594 MHz in Gaming Mode', ' 7680 x 4320', ' 3 x DisplayPort 1.4', ' 1 x Dual-link DVI-D', 'GV-N1070G1 GAMING-8G']]"
9SIB1PGFBY4827,"EVGA GeForce GTX 1060 6GB SSC GAMING ACX 3.0, 6GB GDDR5, LED, DX12 OSD Support (PXOC), 06G-P4-6267-KR",EVGA,4.6,134.0,489.0,0,https://c1.neweggimages.com/ProductImageCompressAll300/14-487-275-01.jpg,"[[' 1607 MHz', ' 7680 x 4320', ' 3 x DisplayPort 1.4', ' 1 x Dual-Link DVI-D', '06G-P4-6267-KR']]"
9SIAN0MJ9E1126,PNY NVIDIA RTX A2000 Graphic Card 12 GB GDDR6 Low-profile 192 bit Bus Width PCI Express 4.0 x16 Mini DisplayPort VCNRTXA200012GBPB,"PNY Technologies, Inc.",,,634.49,0,https://c1.neweggimages.com/ProductImageCompressAll300/A6ZPD2212300IXJBTB9.jpg,"[[' 70W', ' 3 Year', 'VCNRTXA200012GBPB']]"
9SIBMWJJWP4447,ASUS ROG STRIX GeForce RTX 2060 SUPER 8GB GDDR6 PCI Express 3.0 Video Card ROG-STRIX-RTX2060S-A8G-GAMING,ASUS,4.8,12.0,380.86,$49.99 Shipping,https://c1.neweggimages.com/ProductImageCompressAll300/14-126-333-V02.jpg,"[[' OC mode: 1500 MHz\nGaming mode: 1470 MHz', ' 7680 x 4320', ' 2 x DisplayPort 1.4', ' 2 x HDMI 2.0b', 'ROGSTRIXRTX2060SA8GA']]"
14-137-772,MSI Ventus GeForce RTX 4070 Ti 12GB GDDR6X PCI Express 4.0 Video Card RTX 4070 Ti VENTUS 3X 12G OC,MSI,4.2,47.0,829.99,0,https://c1.neweggimages.com/ProductImageCompressAll300/14-137-772-03.jpg,"[[' 7680 x 4320', ' 3 x DisplayPort 1.4a', ' 1 x HDMI 2.1a', ' DirectX 12 Ultimate', 'RTX 4070 Ti VENTUS 3X 12G OC', 'N82E16814137772']]"
14-126-647,"ASUS Dual GeForce RTX 4060 Ti OC Edition 8GB GDDR6 (PCIe 4.0, 8GB GDDR6, DLSS 3, HDMI 2.1, DisplayPort 1.4a, Axial-tech fan design, 0dB technology) DUAL-RTX4060TI-O8G",ASUS,4.3,6.0,399.99,0,https://c1.neweggimages.com/ProductImageCompressAll300/14-126-647-18.png,"[[' 7680 x 4320', ' 3 x DisplayPort 1.4a', ' 1 x HDMI 2.1a', ' 2.5 Slots', 'DUAL-RTX4060TI-O8G', 'N82E16814126647']]"
14-932-558,GIGABYTE AORUS GeForce RTX 4080 16GB GDDR6X PCI Express 4.0 ATX Video Card GV-N4080AORUSX W-16GD,GIGABYTE,4.8,15.0,1349.99,0,https://c1.neweggimages.com/ProductImageCompressAll300/14-932-558-09.jpg,"[[' 2565 MHz', ' 7680 x 4320', ' 3 x DisplayPort 1.4a', ' 1 x HDMI 2.1', 'GV-N4080AORUSX W-16GD', 'N82E16814932558']]"
14-932-609,GIGABYTE Gaming GeForce RTX 4070 12GB GDDR6X PCI Express 4.0 x16 ATX Video Card GV-N4070GAMING OC-12GD,GIGABYTE,4,1.0,639.99,0,https://c1.neweggimages.com/ProductImageCompressAll300/14-932-609-V01.jpg,"[[' 7680 x 4320', ' 3 x DisplayPort', ' 1 x HDMI', ' 3 Slots', 'GV-N4070GAMING OC-12GD', 'N82E16814932609']]"
14-932-432,GIGABYTE Vision OC GeForce RTX 3060 12GB GDDR6 PCI Express 4.0 ATX Video Card GV-N3060VISION OC-12GD (rev. 2.0) (LHR),GIGABYTE,4.7,70.0,349.95,0,https://c1.neweggimages.com/ProductImageCompressAll300/14-932-432-01.jpg,"[[' 1837 MHz', ' 7680 x 4320', ' 2 x DisplayPort 1.4a', ' 2 x HDMI 2.1', 'GV-N3060VISION OC-12GD REV 2.0', 'N82E16814932432']]"
14-930-030,ASRock Challenger D Radeon RX 5600 XT RX5600XT CLD 6GO 6GB (14Gbps) 192-Bit GDDR6 PCI Express 4.0 x16 HDCP Ready Video Card,ASRock,3.5,70.0,199.99,0,https://c1.neweggimages.com/ProductImageCompressAll300/14-930-030-01.jpg,"[[' 1420 MHz', ' 8K HDR 60Hz', ' 3 x DisplayPort 1.4', ' 1 x HDMI 2.0b', 'RX5600XT CLD 6GO', 'N82E16814930030']]"
9SIBKMGJZA6587,SAPPHIRE Toxic Radeon RX 6900 XT 16GB GDDR6 PCI Express 4.0 ATX Video Card 11308-13-20G,Sapphire Tech,4.8,30.0,1198.99,0,https://c1.neweggimages.com/ProductImageCompressAll300/14-202-411-V07.jpg,"[[' 7680 x 4320', ' 3 x DisplayPort 1.4', ' 1 x HDMI 2.1', ' Board: 10.63"" x 5.12""\nHex / Radiator: 15.51"" x 4.72""\nStandard Rubber Tubing: 18.50""', '11308-13-20G']]"
14-930-075,ASRock Phantom Gaming Elite Radeon RX 560 4GB GDDR5 PCI Express 3.0 Video Card RX 560 PGE 4G,ASRock,4.4,10.0,99.99,0,https://c1.neweggimages.com/ProductImageCompressAll300/14-930-075-06.jpg,"[[' 1199 MHz', ' 7680 x 4320', ' 2 x DisplayPort 1.4', ' 1 x HDMI 2.0', 'RX 560 PGE 4G', 'N82E16814930075']]"
14-127-931,MSI GeForce GT 710 1GB DDR3 PCI Express 2.0 x16 Low Profile Video Card GT 710 1GD3H LP,MSI,4.4,44.0,49.99,$4.99 Shipping,https://c1.neweggimages.com/ProductImageCompressAll300/14-127-931-07.jpg,"[[' 954 MHz', ' 4096 x 2160', ' 1 x DL-DVI-D', ' 1 x HDMI', 'GT 710 1GD3H LP', 'N82E16814127931']]"
9SIAZUEETK3030,Yeston GeForce GTX 1050 Ti 4GB GDDR5 Graphics cards Nvidia pci express x16 3.0 video cards Desktop computer PC video gaming graphics card,yeston,5,3.0,159.0,0,https://c1.neweggimages.com/ProductImageCompressAll300/AZUES211220CICSL.jpg,"[[' 1291 MHz', ' DirectX 12', ' NVIDIA', ' NVIDIA GeForce GTX 10 Series', 'GTX1050TI-4G D5', '9SIAZUEETK3030']]"
9SIAPMXGEF8875,ASUS ROG Strix GeForce RTX 3090 24GB GDDR6X PCI Express 4.0 SLI Support Video Card ROG-STRIX-RTX3090-O24G-GAMING,ASUS,4.6,194.0,1303.98,0,https://c1.neweggimages.com/ProductImageCompressAll300/14-126-456-V01.jpg,"[[' 1890 MHz', ' 7680 x 4320', ' 3 x DisplayPort 1.4a', ' 2 x HDMI 2.1', 'STRIX-RTX3090-O24G-G']]"
14-131-816,PowerColor Fighter Radeon RX 7600 8GB GDDR6 PCI Express 4.0 x8 ATX Video Card RX7600 8G-F,PowerColor,,,309.99,0,https://c1.neweggimages.com/ProductImageCompressAll300/14-131-816-03.jpg,"[[' 7680 x 4320', ' 3 x DisplayPort 1.4', ' 1 x HDMI 2.1', ' 2 Slots', 'RX7600 8G-F', 'N82E16814131816']]"
9SIAXZZJ2C1679,MAXSUN Nvidia GeForce RTX 3060 Ti iCraft OC Edition 8G GDDR6 Computer Graphics Cards GPU For Gaming PC PCI Express 4.0 x16 RGB Lighting HDMI 2.1,MAXSUN,,,389.99,0,https://c1.neweggimages.com/ProductImageCompressAll300/AXZZS2204140779SB99.jpg,"[[' 1410 MHz', ' 7680 x 4320', ' 3 x DisplayPort', ' 1 x HDMI 2.1', 'MS-GEFORCERTX3060TIICraftOC8G']]"
14-932-060,GIGABYTE GeForce GT 1030 Low Profile D4 2G DirectX 12 GV-N1030D4-2GL Video Card,GIGABYTE,4.1,14.0,69.99,$6.99 Shipping,https://c1.neweggimages.com/ProductImageCompressAll300/14-932-060-V01.jpg,"[[' OC mode: 1177 MHz\nGaming mode: 1151 MHz', ' 4096 x 2160', ' 1 x DVI-D', ' 1 x HDMI 2.0b', 'GV-N1030D4-2GL', 'N82E16814932060']]"
9SIAXZZHS13843,MAXSUN Nvidia GeForce RTX 3060 iCraft OC Edition 12G GDDR6 Computer Video Graphics Cards GPU For Gaming PC PCI Express 4.0 x16 RGB HDMI 2.1,MAXSUN,,,339.99,0,https://c1.neweggimages.com/ProductImageCompressAll300/AXZZS2202090H2EIDF6.jpg,"[[' 1320 MHz', ' 7680 x 4320', ' 3 x DisplayPort', ' 1 x HDMI 2.1', 'MS-GEFORCERTX3060ICraftOC12G']]"
9SIAZUEGTF0011,Yeston GeForce GTX 1650  4GB GDDR6 Graphics cards Nvidia pci express x16 3.0 video cards DirectX 12 Desktop computer PC video gaming graphics card,yeston,,,169.0,0,https://c1.neweggimages.com/ProductImageCompressAll300/AZUES220105WIjYY.jpg,"[[' 1410 MHz', ' DirectX 12', ' NVIDIA', ' NVIDIA GeForce GTX 16 Series', 'Yeston GTX1650-4G D6 GA', '9SIAZUEGTF0011']]"
9SIASGMJHN2556,MSI GeForce GT 1030 DirectX 12 GT 1030 AERO ITX 2GD4 OCV1 2GB 64-Bit GDDR4 PCI Express 3.0 x16 (uses x4)  ITX Video Card,MSI,5,3.0,99.99,0,https://c1.neweggimages.com/ProductImageCompressAll300/APBUD210321F3NIA.jpg,[['XK-6']]
9SIAWKTGXY5393,ASUS Dual Radeon RX 6600 XT 8GB GDDR6 PCI Express 4.0 CrossFireX Support ATX Video Card DUAL-RX6600XT-O8G,ASUS,4.8,28.0,409.79,0,https://c1.neweggimages.com/ProductImageCompressAll300/14-126-528-V01.jpg,"[[' 7680 x 4320', ' 3 x DisplayPort 1.4a', ' 1 x HDMI 2.1', ' 9.60"" x 5.30""', 'DUAL-RX6600XT-O8G']]"
9SIB1PGFBY4782,MSI GeForce GTX 1070 8GB GDDR5 PCI Express 3.0 x16 SLI Support ATX Video Card GTX 1070 AERO 8G OC,MSI,4.5,11.0,579.0,0,https://c1.neweggimages.com/ProductImageCompressAll300/14-127-948-S99.jpg,"[[' 1531 MHz', ' 7680 x 4320', ' 3 x DisplayPort 1.4', ' 1 x DL-DVI-D', 'GTX 1070 AERO 8G OC']]"
9SIB1PGFBZ3131,EVGA GeForce GT 730 1GB DDR3 PCI Express 2.0 Video Card 01G-P3-2731-KR,EVGA,3.3,3.0,189.0,0,https://c1.neweggimages.com/ProductImageCompressAll300/14-487-054-02.jpg,"[[' 700 MHz', ' 2560 x 1600', ' 2 x DL-DVI-I', ' 1 x mini HDMI', '01G-P3-2731-KR']]"
9SIARPHJT25848,ASUS ROG STRIX GeForce RTX 2080 SUPER Advanced Overclocked 8G GDDR6 HDMI DP 1.4 USB Type-C Gaming Graphics Card (ROG-STRIX-RTX2080S-A8G-GAMING),ASUS,4.6,60.0,632.18,$49.99 Shipping,https://c1.neweggimages.com/ProductImageCompressAll300/14-126-336-V01.jpg,"[[' OC mode: 1680 MHz\nGaming mode: 1650 MHz', ' 7680 x 4320', ' 2 x DisplayPort 1.4', ' 2 x HDMI 2.0b', 'ROGRTX2080S-A8GGAMIN']]"
9SIB601J783645,GeForce GTX 1660 SUPER 6GB GDDR6 PCI Express 3.0 x16 Video Card GTX 1660 SUPER,Mannajue,5,2.0,179.99,0,https://c1.neweggimages.com/ProductImageCompressAll300/B601S2210120HQ3ZC43.jpg,"[[' 7680 x 4320', ' 1 x DisplayPort', ' 1 x DVI', ' 1 x HDMI', 'GTX 1660S', '9SIB601J783645']]"
14-137-781,MSI Gaming Radeon RX 7900 XTX 24GB GDDR6 PCI Express 4.0 ATX Video Card RX 7900 XTX GAMING TRIO CLASSIC 24G,MSI,4.9,27.0,999.99,0,https://c1.neweggimages.com/ProductImageCompressAll300/14-137-781-08.jpg,"[[' 7680 x 4320', ' 3 x DisplayPort 2.1', ' 1 x HDMI 2.1', ' DirectX 12 Ultimate', 'RX 7900 XTX GAMING TRIO CLASSIC 24G', 'N82E16814137781']]"
14-126-614,"ASUS Dual NVIDIA GeForce RTX 3060 Ti White OC Edition Graphics Card (PCIe 4.0, 8GB GDDR6X memory, HDMI 2.1, DisplayPort 1.4a, 2-slot design, Axial-tech fan design) DUAL-RTX3060TI-O8GD6X-WHITE",ASUS,5,4.0,369.99,0,https://c1.neweggimages.com/ProductImageCompressAll300/14-126-614-21.jpg,"[[' 1410 MHz', ' 7680 x 4320', ' 3 x DisplayPort 1.4a', ' 1 x HDMI 2.1', 'DUAL-RTX3060TI-O8GD6X-WHITE', 'N82E16814126614']]"
14-137-792,MSI Ventus GeForce RTX 3060 Ti 8GB GDDR6X PCI Express 4.0 Video Card RTX 3060 TI VENTUS 2X 8GD6X OC,MSI,5,2.0,354.99,0,https://c1.neweggimages.com/ProductImageCompressAll300/14-137-792-01.png,"[[' 1695 MHz', ' 3 x DisplayPort 1.4a', ' 1 x HDMI 2.1', ' 3 Slots', 'RTX 3060 TI VENTUS 2X 8GD6X OC', 'N82E16814137792']]"
14-126-648,"ASUS TUF Gaming GeForce RTX 4060 Ti OC Edition Gaming Graphics Card (PCIe 4.0, 8GB GDDR6, DLSS 3, HDMI 2.1a, DisplayPort 1.4a) TUF-RTX4060TI-O8G-GAMING",ASUS,5,2.0,449.99,0,https://c1.neweggimages.com/ProductImageCompressAll300/14-126-648-08.png,"[[' 2625 MHz', ' 7680 x 4320', ' 3 x DisplayPort 1.4a', ' 1 x HDMI 2.1a', 'TUF-RTX4060TI-O8G-GAMING', 'N82E16814126648']]"
9SIAD2CHJ22055,"XFX SPEEDSTER SWFT309 AMD Radeon RX 6700 XT CORE Gaming Graphics Card with 12GB GDDR6 HDMI 3xDP, AMD RDNA 2 (RX-67XTYJFDV)",XFX,4.7,49.0,329.99,$8.37 Shipping,https://c1.neweggimages.com/ProductImageCompressAll300/14-150-852-V08.jpg,"[[' 2321 MHz', ' 3 x DisplayPort 1.4', ' 1 x HDMI 2.1', ' 11.97"" x 4.84""', 'RX-67XTYJFDV']]"
14-932-600,GIGABYTE Eagle GeForce RTX 3060 Ti 8GB GDDR6X PCI Express 4.0 x16 ATX Video Card GV-N306TXEAGLE OC-8GD,GIGABYTE,5,1.0,359.99,0,https://c1.neweggimages.com/ProductImageCompressAll300/14-932-600-12.jpg,"[[' 1680 MHz', ' 7680 x 4320', ' 2 x DisplayPort 1.4a', ' 2 x HDMI 2.1', 'GV-N306TXEAGLE OC-8GD', 'N82E16814932600']]"
14-932-454,GIGABYTE Vision OC GeForce RTX 3060 Ti 8GB GDDR6 PCI Express 4.0 ATX Video Card GV-N306TVISION OC-8GD (rev. 2.0) (LHR),GIGABYTE,4.8,31.0,429.99,0,https://c1.neweggimages.com/ProductImageCompressAll300/14-932-454-01.jpg,"[[' 1755 MHz', ' 7680 x 4320', ' 2 x DisplayPort 1.4a', ' 2 x HDMI 2.1', 'GV-N306TVISION OC-8G', 'N82E16814932454']]"
9SIB1PGFBY5686,"EVGA GeForce GTX 1060 SC GAMING, ACX 2.0 (Single Fan), 06G-P4-6163-KR, 6GB GDDR5, DX12 OSD Support (PXOC), Only 6.8 Inches",EVGA,4.7,243.0,489.0,0,https://c1.neweggimages.com/ProductImageCompressAll300/14-487-261-S99.jpg,"[[' 1607 MHz', ' 7680 x 4320', ' 3 x DisplayPort 1.4', ' 1 x Dual-Link DVI-D', '06G-P4-6163-KR']]"
9SIASGMJFS2845,"GIGABYTE GeForce GT 1030 Low Profile 2GB, GV-N1030D5-2GL",GIGABYTE,4.6,52.0,102.85,0,https://c1.neweggimages.com/ProductImageCompressAll300/AZG4S210914REtdm.jpg,"[[' 1252 MHz in OC Mode\n1227 MHz in Gaming Mode', ' 1 x Dual-Link DVI-D', ' 1 x HDMI 2.0b', ' 5.90"" x 2.71""', 'GV-N1030D5-2GL']]"
9SIB1PGJK54545,NVIDIA GeForce RTX 3080 Ti Founders Edition 12GB GDDR6X,NVIDIA,,,1530.0,0,https://c1.neweggimages.com/ProductImageCompressAll300/ARUXS211015278F9.jpg,"[[' NVIDIA', ' Ampere', '900-1G133-2518-000']]"
9SIB1PGJK54548,NVIDIA GeForce RTX 3070 Founders Edition FE 8GB GDDR6X - FHR -9001G1422510000,NVIDIA,,,849.0,0,https://c1.neweggimages.com/ProductImageCompressAll300/AYTVS2206080XJTR6C5.jpg,"[[' DirectX 12', ' NVIDIA', ' OpenGL 4.6', 'NVIDIA GeForce RTX 3070 Founders Edition']]"
14-127-932,MSI GeForce GT 710 2GB DDR3 PCI Express 2.0 Low Profile Video Card GT 710 2GD3 LP,MSI,4.3,45.0,54.99,$4.99 Shipping,https://c1.neweggimages.com/ProductImageCompressAll300/14-127-932-07.jpg,"[[' 954 MHz', ' DVI: 2560 x 1600 @ 60 Hz \nHDMI: 4096 x 2160 @ 24 Hz', ' 1 x DL-DVI-D', ' 1 x HDMI', 'GT 710 2GD3 LP', 'N82E16814127932']]"
14-133-845,PNY VERTO GeForce RTX 3070 Ti 8GB GDDR6X PCI Express 4.0 x16 ATX Video Card VCG3070T8TFBPB1,"PNY Technologies, Inc.",3,1.0,529.99,0,https://c1.neweggimages.com/ProductImageCompressAll300/14-133-845-10.jpg,"[[' 1575 MHz', ' 7680 x 4320', ' 3 x DisplayPort 1.4a', ' 1 x HDMI 2.1', 'VCG3070T8TFBPB1', 'N82E16814133845']]"
9SIBMWJJXU6687,SAPPHIRE NITRO+ Radeon RX 5700 XT 8GB GDDR6 PCI Express 4.0 x16 ATX Video Card 100416NT+8GSR,Sapphire Tech,4.3,308.0,458.9,$49.99 Shipping,https://c1.neweggimages.com/ProductImageCompressAll300/14-202-351-V04.jpg,"[[' 1770 MHz', ' HDMI: 4096 x 2160 @ 60 Hz\nDisplayPort1.4: 5120 x 2880 @ 60 Hz', ' 2 x DisplayPort 1.4', ' 2 x HDMI', '100416NT+8GSR']]"
14-129-274,"Visiontek Radeon HD 7750 2GB GDDR5 6M (6 x Mini DP), 900614",VisionTek,3.9,23.0,242.99,0,https://c1.neweggimages.com/ProductImageCompressAll300/14-129-274-06.jpg,"[[' 6 x Mini DisplayPort', ' AMD', ' Yes', ' Windows 10\nWindows 8.1\nWindows 8\nWindows 7\nWindows Vista\nWindows XP', '900614', 'N82E16814129274']]"
14-131-815,PowerColor Hellhound Radeon RX 7600 8GB GDDR6 PCI Express 4.0 x8 ATX Video Card RX7600 8G-L/OC,PowerColor,,,289.99,0,https://c1.neweggimages.com/ProductImageCompressAll300/14-131-815-01.jpg,"[[' 7680 x 4320', ' 3 x DisplayPort 1.4', ' 1 x HDMI 2.1', ' 2.2 Slots', 'RX7600 8G-L/OC', 'N82E16814131815']]"
9SIB1PGFBX8012,MSI - NVIDIA GeForce GTX 1650 SUPER 4GB GDDR6 PCI Express 3.0 Graphics Card,MSI,,,379.0,0,https://c1.neweggimages.com/ProductImageCompressAll300/AKEYS2010285gi7q.jpg,[['ce-324291555698']]
9SIBMWJJX67420,ASUS ROG STRIX GeForce RTX 2070 SUPER 8GB GDDR6 PCI Express 3.0 SLI Support Video Card ROG-STRIX-RTX2070S-8G-GAMING,ASUS,4.5,15.0,563.18,$49.99 Shipping,https://c1.neweggimages.com/ProductImageCompressAll300/14-126-366-V01.jpg,"[[' OC mode: 1635 MHz\nGaming mode: 1605 MHz', ' 7680 x 4320', ' 2 x DisplayPort 1.4', ' 2 x HDMI 2.0b', 'ROG-STRIX-RTX2070S']]"
9SIB1PGFBY3304,"EVGA GeForce GTX 980 Ti 06G-P4-4998-KR 6GB CLASSIFIED GAMING w/ACX 2.0+, Whisper Silent Cooling w/ Free Installed Backplate Graphics Card",EVGA,4.6,102.0,465.0,0,https://c1.neweggimages.com/ProductImageCompressAll300/14-487-146-15.jpg,"[[' 1190 MHz', ' Analog: 2048 x 1536\nDigital: 4096 x 2160', ' 3 x DisplayPort', ' 1 x DVI-I', '06G-P4-4998-KR']]"
9SIB1PGFBY6130,Founders Edition Pascal Architecture 6GB GDDR5 Nvidia GeForce GTX 1060 Graphics Cards,NVIDIA,5,1.0,489.0,0,https://c1.neweggimages.com/ProductImageCompressAll300/A6V6_131753139783895036raTJANT5yH.jpg,"[[' 7680 x 4320', ' 9.823"" * 4.378""', ' 2 Slots', ' DirectX 12', 'B07F7JSNDS']]"
9SIASGMF0N9359,ASUS TUF Gaming GeForce GTX 1650 TUF-GTX1650-O4GD6-P-GAMING 4GB 128-Bit GDDR6 PCI Express 3.0 HDCP Ready Video Card,ASUS,4,3.0,189.99,0,https://c1.neweggimages.com/ProductImageCompressAll300/APBUS2104023vgKB.jpg,"[[' Double Fans', 'xianka-30']]"
9SIAZUEFEK3944,Yeston Radeon RX 550 4GB GDDR5 1183MHz 512processors video cards PCIExpress 3.0 DirectX12 Single Slot 4*HDMI compatible graphics card of Desktop,yeston,4.4,5.0,125.0,0,https://c1.neweggimages.com/ProductImageCompressAll300/AZUES210730CMVlc.jpg,"[[' 1183 MHz', ' 4 x HDMI', ' DirectX 12', ' AMD', 'Yeston RX550-4G D5 4HDMI', '9SIAZUEFEK3944']]"
9SIBJR8JM85319,GIGABYTE GeForce GTX 1660 SUPER 6GB GDDR6 PCI Express 3.0 x16 ATX Video Card GV-N166SOC-6GD,GIGABYTE,4.5,142.0,211.0,0,https://c1.neweggimages.com/ProductImageCompressAll300/14-932-224-V08.jpg,"[[' 1830 MHz', ' 7680 x 4320 @ 60 Hz', ' 3 x DisplayPort 1.4', ' 1 x HDMI 2.0b', 'GV-N166SOC-6GD']]"
9SIB1PGFBZ7605,SAPPHIRE Radeon HD 6770 1GB GDDR5 PCI Express 2.1 x16 CrossFireX Support Video Card 100328L,Sapphire Tech,4.4,86.0,269.0,0,https://c1.neweggimages.com/ProductImageCompressAll300/14-102-940-04.jpg,"[[' 2560 x 1600', ' 1 x DisplayPort', ' 1 x DVI', ' 1 x HDMI', '100328L']]"
9SIBMWJJVZ9142,MSI Ventus GeForce RTX 3080 10GB GDDR6X PCI Express 4.0 Video Card RTX 3080 VENTUS 3X 10G OC LHR,MSI,4.7,25.0,731.75,$49.99 Shipping,https://c1.neweggimages.com/ProductImageCompressAll300/14-137-678-V10.jpg,"[[' 7680 x 4320', ' 3 x DisplayPort 1.4a', ' 1 x HDMI 2.1', ' 12.01"" x 4.72""', 'RTX308Ventus3X10GOCL']]"
9SIB1PGFBZ0483,PNY GeForce GTX 1070 8GB GDDR5 PCI Express 3.0 x16 SLI Support Video Card VCGGTX10708PB,"PNY Technologies, Inc.",5,1.0,579.0,0,https://c1.neweggimages.com/ProductImageCompressAll300/14-133-744-Z01.jpg,"[[' 1506 MHz', ' 7680 x 4320', ' 3 x DisplayPort 1.4', ' 1 x DL-DVI-D', 'VCGGTX10708PB']]"
9SIARPHJJP0682,GIGABYTE GeForce GTX 1660 SUPER 6GB GDDR6 PCI Express 3.0 x16 ATX Video Card GV-N166SGAMING OC-6GD,GIGABYTE,4.9,93.0,274.0,$49.99 Shipping,https://c1.neweggimages.com/ProductImageCompressAll300/14-932-223-V04.jpg,"[[' 3 x DisplayPort', ' 1 x HDMI', ' 11.02"" x 4.57""', ' 2 Slots', 'GV-N166SGAMINGOC-6GD']]"
14-930-091,ASRock Phantom Gaming Radeon RX 7600 8GB GDDR6 PCI Express 4.0 x8 ATX Video Card RX7600 PG 8GO,ASRock,5,1.0,289.99,0,https://c1.neweggimages.com/ProductImageCompressAll300/14-930-091-03.jpg,"[[' 7680 x 4320', ' 3 x DisplayPort 2.1', ' 1 x HDMI 2.1', ' 2.4 Slots', 'RX7600 PG 8GO', 'N82E16814930091']]"
14-930-078,ASRock Challenger Arc A750 8GB GDDR6 PCI Express 4.0 x16 ATX Video Card A750 CLD 8GO,ASRock,4.1,17.0,229.99,0,https://c1.neweggimages.com/ProductImageCompressAll300/14-930-078-04.jpg,"[[' 2200 MHz', ' 7680 x 4320', ' 2 x DisplayPort', ' 1 x HDMI 2.1', 'A750 CLD 8GO', 'N82E16814930078']]"
14-932-497,GIGABYTE Eagle GeForce RTX 3050 8GB GDDR6 PCI Express 4.0 ATX Video Card GV-N3050EAGLE-8GD,GIGABYTE,4.3,6.0,289.99,0,https://c1.neweggimages.com/ProductImageCompressAll300/14-932-497-01.jpg,"[[' 1777 MHz', ' 7680 x 4320', ' 2 x DisplayPort 1.4a', ' 2 x HDMI 2.1', 'GV-N3050EAGLE-8GD', 'N82E16814932497']]"
14-126-604,"ASUS ROG Strix NVIDIA GeForce RTX 4070 Ti OC Edition Gaming Graphics Card (PCIe 4.0, 12GB GDDR6X, HDMI 2.1a, DisplayPort 1.4a) ROG-STRIX-RTX4070TI-O12G-GAMING",ASUS,4.1,14.0,989.99,0,https://c1.neweggimages.com/ProductImageCompressAll300/14-126-604-10.png,"[[' 2310 MHz', ' 7680 x 4320', ' 3 x DisplayPort 1.4a', ' 2 x HDMI 2.1a', 'ROG-STRIX-RTX4070TI-O12G-GAMING', 'N82E16814126604']]"
14-932-629,"GIGABYTE GeForce RTX 4060 EAGLE OC 8G Graphics Card, 3x WINDFORCE Fans, 8GB 128-bit GDDR6, GV-N4060EAGLE OC-8GD Video Card",GIGABYTE,,,309.99,0,https://c1.neweggimages.com/ProductImageCompressAll300/14-932-629-58.jpg,"[[' 7680 x 4320', ' 2 x DisplayPort', ' 2 x HDMI', ' 2 Slots', 'GV-N4060EAGLE OC-8GD', 'N82E16814932629']]"
9SIAMFBJRH3995,"ZOTAC GAMING GeForce RTX 4080 16GB AMP Extreme AIRO DLSS 3 16GB GDDR6X 256-bit 22.4 Gbps PCIE 4.0 Gaming Graphics Card, IceStorm 2.0 Advanced Cooling, SPECTRA 2.0 RGB Lighting, ZT-D40810B-10P",ZOTAC,4.5,11.0,1299.99,0,https://c1.neweggimages.com/ProductImageCompressAll300/14-500-541-03.jpg,"[[' 7680 x 4320', ' 3 x DisplayPort 1.4a', ' 1 x HDMI 2.1', ' DirectX 12 Ultimate', 'ZT-D40810B-10P']]"
14-133-854,PNY GeForce RTX 4070 12GB XLR8 Gaming VERTO EPIC-X RGB Triple Fan Graphics Card DLSS 3,"PNY Technologies, Inc.",,,619.99,0,https://c1.neweggimages.com/ProductImageCompressAll300/14-133-854-02.jpg,"[[' 1920', ' 7680 x 4320', ' 3 x DisplayPort 1.4a', ' 1 x HDMI 2.1', 'VCG407012TFXXPB1', 'N82E16814133854']]"
14-133-821,"PNY GeForce RTX 3060 12GB XLR8 Gaming REVEL EPIC-X RGB Dual Fan Graphics Card, VCG306012DFXPPB","PNY Technologies, Inc.",5,1.0,299.99,0,https://c1.neweggimages.com/ProductImageCompressAll300/14-133-821-V01.jpg,"[[' 1320 MHz', ' 3 x DisplayPort 1.4a', ' 1 x HDMI 2.1', ' 9.72"" x 4.72""', 'VCG306012DFXPPB', 'N82E16814133821']]"
9SIARPHJJS4108,GIGABYTE GeForce GTX 1050 Ti 4GB GDDR5 PCI Express 3.0 x16 ATX Video Cards GV-N105TD5-4GD,GIGABYTE,4.6,73.0,139.49,$49.99 Shipping,https://c1.neweggimages.com/ProductImageCompressAll300/14-125-916-01.jpg,"[[' 1316 MHz in OC Mode\n1290 MHz in Gaming', ' 7680 x 4320', ' 1 x DisplayPort 1.4', ' 1 x Dual-Link DVI-D', 'GV-N105TD5-4GD']]"
9SIAPMXHKG1380,ASUS Dual GeForce RTX 3060 Ti V2 MINI OC Edition 8GB GDDR6 PCI Express 4.0 Video Card DUAL-RTX3060TI-O8G-MINI-V2 (LHR),ASUS,4.6,14.0,449.99,0,https://c1.neweggimages.com/ProductImageCompressAll300/14-126-540-V15.jpg,"[[' 7680 x 4320', ' 3 x DisplayPort 1.4a', ' 1 x HDMI 2.1', ' 7.87"" x 4.84""', 'DUAL-RTX3060TI-O8G-MINI-V2']]"
9SIB1PGJAB2318,NVIDIA TITAN RTX 24GB GDDR6 PCI Express 3.0 x16 Video Card 900-1G150-2500-000 SB,NVIDIA,3.4,7.0,2150.0,0,https://c1.neweggimages.com/ProductImageCompressAll300/14-132-084-01.jpg,"[[' 1350 MHz', ' 4x 4096 x 2160 @ 120 Hz\n4x 5120 x 2880 @ 60 Hz\n2x 7680 x 4320 @ 60 Hz', ' 3 x DisplayPort 1.4', ' 1 x HDMI 2.0b', '900-1G150-2500-000SB']]"
9SIAYTVGZS4178,"ASUS TUF Gaming GeForce RTX 3060 12GB GDDR6 PCI Express 4.0 Video Card, OC Edition TUF-RTX3060-O12G-V2-GAMING LHR",ASUS,4.3,3.0,412.99,$49.99 Shipping,https://c1.neweggimages.com/ProductImageCompressAll300/AWMSS211115AwQ7C.jpg,[['TUF 3060-O12G-V2-GA']]
9SIB86XJ822101,51RISC GeForce RTX 2060 6GB GDDR6 PCIE16 Graphics Cards RTX2060 6G for Computer office Components video Cards gaming,51Risc,5,1.0,249.0,0,https://c1.neweggimages.com/ProductImageCompressAll300/B86XS2209290PI4P7D7.jpg,"[[' Double Fans', 'JPRTX20606G', '9SIB86XJ822101']]"
14-137-808,MSI Gaming GeForce RTX 4060 8GB GDDR6 PCI Express 4.0 x8 ATX Video Card RTX 4060 GAMING 8G,MSI,,,329.99,$5.99 Shipping,https://c1.neweggimages.com/ProductImageCompressAll300/14-137-808-01.jpg,"[[' 7680 x 4320', ' 3 x DisplayPort 1.4a', ' 1 x HDMI 2.1a', ' DirectX 12 Ultimate', 'RTX 4060 GAMING 8G', 'N82E16814137808']]"
14-131-804,PowerColor Red Dragon Radeon RX 550 4GB GDDR5 PCI Express 3.0 x8 ATX Video Card AXRX 550 4GBD5-HLE,PowerColor,5,3.0,89.99,0,https://c1.neweggimages.com/ProductImageCompressAll300/14-131-804-02.jpg,"[[' 1 x DVI', ' 1 x HDMI', ' DirectX 12', ' AMD', 'AXRX 550 4GBD5-HLE', 'N82E16814131804']]"
9SIBKMGJZ77909,ASUS TUF Gaming GeForce RTX 3090 Ti 24GB GDDR6X PCI Express 4.0 SLI Support Video Card TUF-RTX3090TI-O24G-GAMING,ASUS,4.4,38.0,1588.97,0,https://c1.neweggimages.com/ProductImageCompressAll300/14-126-555-01.jpg,"[[' 1950 MHz', ' 7680 x 4320', ' 3 x DisplayPort 1.4a', ' 2 x HDMI 2.1', 'TUF-RTX3090TI-O24G-GAMING']]"
9SIBMWJJX67722,"GIGABYTE GeForce RTX 2080 Super GAMING OC 8G (Rev 2.0) Graphics Card, 3 x WINDFORCE Fans, 8GB 256-Bit GDDR6, GV-N208SGAMING OC-8GC Video Card",GIGABYTE,4.2,34.0,606.18,$49.99 Shipping,https://c1.neweggimages.com/ProductImageCompressAll300/14-932-218-S06.jpg,"[[' 1845 MHz', ' 7680 x 4320 @ 60 Hz', ' 3 x DisplayPort 1.4', ' 1 x HDMI 2.0b', 'GVN208SGAMINGOC8GV2']]"
9SIB1PGJH08515,ASUS TUF Gaming NVIDIA GeForce RTX 3090 Ti O24G GAMING OC 24GB GDDR6 GPU Video Graphics Card TUF-RTX3090TI-O24G-GAMING,ASUS,,,1925.0,0,https://c1.neweggimages.com/ProductImageCompressAll300/AVH0S2203300VRZCG42.jpg,"[[' 1560 MHz', ' 7680 x 4320', ' NVIDIA', ' NVIDIA GeForce RTX 30 Series', 'TUF RTX 3090TI 024G GAMING OC']]"
9SIAYTVH2R4451,MSI Ventus GeForce GTX 1650 4GB GDDR5 PCI Express 3.0 Video Card GTX 1650 VENTUS XS 4G OCV1,MSI,4.7,6.0,133.59,$49.99 Shipping,https://c1.neweggimages.com/ProductImageCompressAll300/14-137-698-S01.jpg,"[[' 7680 x 4320', ' 1 x DisplayPort 1.4a', ' 1 x DL-DVI-D', ' 1 x HDMI 2.0b', 'GTX1650VENTUSXS4GOV1']]"
9SIAXK8JNF4688,MSI GeForce GT 730 Fermi DDR3 128-bit 2GB DirectX 12 (N730 2GD3V3),MSI,,,84.7,0,https://c1.neweggimages.com/ProductImageCompressAll300/AG7R_131984068644667106sg3D0cbHoC.jpg,"[[' 700 MHz', ' 2560 x 1600', ' 1 x DL-DVI-I', ' 1 x HDMI', 'M*N730-2GD3V3']]"
9SIA4RE90W6260,"AMD RX460 128-Bit 4GB GDDR5 Graphic Card DirectX12 Video Card GPU PCI Express 3.0 DP/DVI-D/HDMI, Play for LOL, DOTA, COD, War Thunder, Apex, etc",AMD,2.9,15.0,69.99,0,https://c1.neweggimages.com/ProductImageCompressAll300/A4RE_131985597009392797dpqBiDc4QJ.jpg,"[[' 1200 MHz', ' 1 x DisplayPort', ' 1 x DVI', ' 1 x HDMI', 'DZ-XK-034-RX460-4G']]"
9SIB1PGJ9X5823,GIGABYTE Radeon RX Vega 64 8GB HBM2 PCI Express 3.0 x16 CrossFireX Support ATX Video Card GV-RXVEGA64GAMING OC-8GD,GIGABYTE,3.7,27.0,659.0,0,https://c1.neweggimages.com/ProductImageCompressAll300/14-932-031-V01.jpg,"[[' 1276 MHz', ' 7680 x 4320', ' 3 x DisplayPort 1.4', ' 3 x HDMI 2.0b', 'GV-RXVEGA64GAMING OC']]"
9SIAYTVFF79578,ASUS TUF Gaming GeForce GTX 1650 4GB GDDR6 PCI Express 3.0 Video Card TUF-GTX1650-4GD6-P-GAMING,ASUS,4.9,7.0,137.96,$49.99 Shipping,https://c1.neweggimages.com/ProductImageCompressAll300/14-126-463-V01.jpg,"[[' 1410 MHz', ' 7680 x 4320', ' 1 x DisplayPort 1.4', ' 1 x DVI-D', 'TUF-GTX1650-4GD6-P-G']]"
9SIA4RE8VE4906,"CORN GTX 1060 192-Bit 3GB GDDR5 Graphic Card with dual fans DirectX12 Video Card GPU PCI Express 3.0 DP/DVI-D/HDMI,Play for LOL,PUBG,OW,War Thunder etc.",Corn Electronics,5,1.0,169.99,0,https://c1.neweggimages.com/ProductImageCompressAll300/A4RE_131964891917483856VGrkriAnYG.jpg,"[[' 1709MHz', ' 1 x DisplayPort', ' 1 x DVI', ' 1 x HDMI', 'DZ-XK-018-GTX1060', '9SIA4RE8VE4906']]"
9SIAYTVGPR0603,GIGABYTE AORUS GeForce RTX 3060 12GB GDDR6 PCI Express 4.0 x16 ATX Video Card GV-N3060AORUS E-12GD (rev. 2.0),GIGABYTE,5,1.0,415.99,$49.99 Shipping,https://c1.neweggimages.com/ProductImageCompressAll300/APBUD210706OBG2G.jpg,[['GV-N3060AORUSE-12']]
9SIB11NJUY8539,ASUS GeForce RTX 2070 Super Overclocked 8G EVO GDDR6 Dual-Fan Edition  HDMI DisplayPort Gaming Graphics Card (DUAL-RTX2070S-O8G-EVO),ASUS,4.4,66.0,549.99,$8.99 Shipping,https://c1.neweggimages.com/ProductImageCompressAll300/14-126-332-V02.jpg,"[[' OC mode: 1635 MHz\nGaming mode: 1605 MHz', ' 7680 x 4320', ' 3 x DisplayPort 1.4', ' 1 x HDMI 2.0b', 'DUAL-RTX2070S-O8GEVO']]"
9SIB1PGFBY5750,GIGABYTE GeForce GTX 1060 3GB GDDR5 PCI Express 3.0 x16 ATX Video Card GV-N1060WF2OC-3GD,GIGABYTE,3.9,77.0,430.0,0,https://c1.neweggimages.com/ProductImageCompressAll300/14-125-906-S99.jpg,"[[' 1582 MHz in OC Mode\n1556 MHz in Gaming Mode', ' 7680 x 4320', ' 1 x DisplayPort 1.4', ' 2 x Dual-link DVI-D', 'GV-N1060WF2OC-3GD']]"
9SIB1PGJJF7044,GIGABYTE GeForce RTX 2070 SUPER 8GB GDDR6 PCI Express 3.0 x16 SLI Support ATX Video Card GV-N207SGAMINGOC WHITE-8GD,GIGABYTE,4.5,76.0,675.0,0,https://c1.neweggimages.com/ProductImageCompressAll300/14-932-219-V01.jpg,"[[' 1815 MHz', ' 7680 x 4320 @ 60 Hz', ' 3 x DisplayPort 1.4', ' 1 x HDMI 2.0b', 'GVN207SGAMINGOCWHI']]"
14-131-769,"PowerColor Red Dragon AMD Radeon RX 6800 XT Gaming Graphics Card with 16GB GDDR6 Memory, Powered by AMD RDNA 2, Raytracing, PCI Express 4.0, HDMI 2.1, AMD Infinity Cache",PowerColor,4.7,26.0,559.99,0,https://c1.neweggimages.com/ProductImageCompressAll300/14-131-769-07.png,"[[' 7680 x 4320', ' 3 x DisplayPort 1.4', ' 1 x HDMI 2.1', ' 12.20"" x 5.31""', '68XT 16GBD6-3DHR/OC', 'N82E16814131769']]"
9SIB1PGJ9U5465,SAPPHIRE NITRO+ Radeon RX Vega 64 8GB HBM2 PCI Express 3.0 Video Card 100410NT+SR,Sapphire Tech,4.5,79.0,659.0,0,https://c1.neweggimages.com/ProductImageCompressAll300/14-202-321-V01.jpg,"[[' 1373 MHz', ' 5120 x 2880', ' 2 x DisplayPort 1.4', ' 2 x HDMI 2.0b', '100410NT+SR']]"
14-932-563,GIGABYTE Eagle GeForce RTX 4080 16GB GDDR6X PCI Express 4.0 x16 ATX Video Card GV-N4080EAGLE-16GD,GIGABYTE,4.3,3.0,1139.99,0,https://c1.neweggimages.com/ProductImageCompressAll300/14-932-563-21.jpg,"[[' 7680 x 4320', ' 3 x DisplayPort 1.4a', ' 1 x HDMI 2.1', ' 3.5 Slots', 'GV-N4080EAGLE-16GD', 'N82E16814932563']]"
14-137-796,MSI Gaming GeForce RTX 4060 Ti 8GB GDDR6 PCI Express 4.0 x8 ATX Video Card RTX 4060 Ti GAMING X TRIO 8G,MSI,5,1.0,449.99,0,https://c1.neweggimages.com/ProductImageCompressAll300/14-137-796-01.jpg,"[[' 7680 x 4320', ' 3 x DisplayPort 1.4a', ' 1 x HDMI 2.1a', ' DirectX 12 Ultimate', 'RTX 4060 Ti GAMING X TRIO 8G', 'N82E16814137796']]"
14-126-591,ASUS TUF Gaming GeForce RTX 3060 12GB GDDR6 PCI Express 4.0 ATX Video Card TUF-RTX3060-O12G-DEMONSLAYER,ASUS,4.5,4.0,399.99,0,https://c1.neweggimages.com/ProductImageCompressAll300/14-126-591-07.jpg,"[[' 7680 x 4320', ' 3 x DisplayPort 1.4a', ' 2 x HDMI 2.1', ' 11.85"" x 5.63""', 'TUF-RTX3060-O12G-DEMONSLAYER', 'N82E16814126591']]"
14-202-412,SAPPHIRE PULSE Radeon RX 6500 XT 4GB GDDR6 PCI Express 4.0 ATX Video Card 11314-01-20G,Sapphire Tech,4.8,28.0,179.99,0,https://c1.neweggimages.com/ProductImageCompressAll300/14-202-412-01.jpg,"[[' 7680 x 4320', ' 1 x DisplayPort', ' 1 x HDMI', ' 7.64"" x 4.21""', '11314-01-20G', 'N82E16814202412']]"
14-932-622,"GIGABYTE GeForce RTX 3060 GAMING OC 8G (rev. 2.0) Graphics Card, 2x WINDFORCE Fans, 8GB 128-bit GDDR6, GV-N3060GAMING OC-8GD Rev2.0 Video Card",GIGABYTE,,,269.99,0,https://c1.neweggimages.com/ProductImageCompressAll300/14-932-622-02.jpg,"[[' 1807 MHz', ' 7680 x 4320', ' 2 x DisplayPort', ' 2 x HDMI', 'GV-N3060GAMING OC-8GD', 'N82E16814932622']]"
9SIAUNCK0W0654,GIGABYTE Eagle Radeon RX 6500 XT 4GB GDDR6 PCI Express 4.0 ATX Video Card GV-R65XTEAGLE-4GD,GIGABYTE,4.2,18.0,162.99,$49.99 Shipping,https://c1.neweggimages.com/ProductImageCompressAll300/14-932-492-01.jpg,"[[' 7680 x 4320', ' 1 x DisplayPort 1.4a', ' 1 x HDMI 2.1', ' 7.56"" x 4.61""', 'GV-R65XTEAGLE-4GD']]"
14-126-624,"ASUS Phoenix NVIDIA GeForce GTX 1650 OC Edition Gaming Graphics Card (PCIe 3.0, 4GB GDDR6 memory, HDMI 2.0, DisplayPort 1.4a, DVI-D, Dual ball fan bearings, Auto-Extreme) PH-GTX1650-O4GD6-P-EVO",ASUS,5,1.0,179.99,0,https://c1.neweggimages.com/ProductImageCompressAll300/14-126-624-01.jpg,"[[' 7680 x 4320', ' 1 x DisplayPort 1.4a', ' 1 x DVI', ' 1 x HDMI 2.0b', 'PH-GTX1650-O4GD6-P-EVO', 'N82E16814126624']]"
14-932-632,"GIGABYTE GeForce RTX 4070 Ti EAGLE OC 12G (rev. 2.0) Graphics Card, 3x WINDFORCE Fans, 12GB 192-bit GDDR6X, GV-N407TEAGLE OC-12GD Rev2.0 Video Card",GIGABYTE,,,819.99,0,https://c1.neweggimages.com/ProductImageCompressAll300/14-932-632-35.jpg,"[[' 2520 MHz', ' 7680 x 4320', ' 3 x DisplayPort', ' 1 x HDMI', 'GV-N407TEAGLE OC-12GD Rev 2.0', 'N82E16814932632']]"
9SIAPMXH7T3058,ASUS ROG Strix GeForce RTX 3080 10GB GDDR6X PCI Express 4.0 Video Card ROG-STRIX-RTX3080-O10G-WHITE,ASUS,4.9,15.0,1288.0,0,https://c1.neweggimages.com/ProductImageCompressAll300/14-126-483-V19.jpg,"[[' 1935 MHz', ' Native x 3', ' Native x 2 (2.1)', ' NVIDIA', 'STRIXRTX3080O10G-WHT']]"
14-137-756,MSI Ventus GeForce GTX 1630 4GB GDDR6 PCI Express 3.0 Video Card GTX 1630 VENTUS XS 4G OC,MSI,4.7,6.0,139.99,0,https://c1.neweggimages.com/ProductImageCompressAll300/14-137-756-11.jpg,"[[' 7680 x 4320', ' 1 x DisplayPort 1.4a', ' 1 x DL-DVI-D', ' 1 x HDMI 2.0b', 'GTX 1630 VENTUS XS 4G OC', 'N82E16814137756']]"
14-137-757,MSI AERO GeForce GTX 1630 4GB GDDR6 PCI Express 3.0 ITX Video Card GTX 1630 AERO ITX 4G OC,MSI,4,2.0,139.99,0,https://c1.neweggimages.com/ProductImageCompressAll300/14-137-757-06.jpg,"[[' 7680 x 4320', ' 1 x DisplayPort 1.4a', ' 1 x DL-DVI-D', ' 1 x HDMI 2.0b', 'GTX 1630 AERO ITX 4G OC', 'N82E16814137757']]"
9SIB1PGFBY5595,"GIGABYTE AORUS XTREME GeForce GTX 1060 6G REV 2.0, GV-N1060AORUS-X6GDR2",GIGABYTE,4.1,12.0,489.0,0,https://c1.neweggimages.com/ProductImageCompressAll300/14-125-970-V01.jpg,"[[' 1645 MHz in OC mode\n1620 MHz in Gaming mode', ' 7680 x 4320', ' 3 x DisplayPort 1.4 (Standard mode)\n3 x DisplayPort (VR mode)', ' 1 x Dual-link DVI-D (Standard mode)', 'GV-N1060AORUS-X6GDR2']]"
9SIAY2WJZW1646,ZOTAC GeForce GTX 1070 Ti 8GB GDDR5 PCI Express 3.0 Video Card - Mini ZT-P10710G-10P,ZOTAC,4.4,27.0,715.99,0,https://c1.neweggimages.com/ProductImageCompressAll300/14-500-431-V13.jpg,"[[' 1607 MHz', ' 3 x DisplayPort 1.4', ' 1 x DL-DVI-D', ' 1 x HDMI 2.0b', 'ZT-P10710G-10P']]"
9SIASGMJSK5766,ASUS Phoenix Radeon RX 550 4GB GDDR5 PCI Express 3.0 Video Card PH-RX550-4G-EVO,ASUS,,,114.99,0,https://c1.neweggimages.com/ProductImageCompressAll300/14-126-581-V01.jpg,"[[' 1183 MHz', ' 5120 x 2880', ' 1 x DisplayPort 1.4', ' 1 x DVI-D', 'PH-RX550-4G-EVO']]"
9SIB1PGFBY7585,EVGA 03G-P4-2883-KR G-SYNC Support GeForce GTX 780 Ti Superclocked 3GB 384-Bit GDDR5 PCI Express 3.0 SLI Support Video Card,EVGA,4.8,70.0,420.0,0,https://c1.neweggimages.com/ProductImageCompressAll300/14-487-001-10.jpg,"[[' 980MHz', ' 4096 x 2160', ' 1 x DisplayPort', ' 1 x DVI-D\n1 x DVI-I', '03G-P4-2883-KR', '9SIB1PGFBY7585']]"
9SIB1PGJFN6598,"EVGA GeForce RTX 2080 Ti K|NGP|N GAMING, 11G-P4-2589-KR, 11GB GDDR6, iCX2 Technology, OLED Display, Metal Backplate",EVGA,4.9,9.0,1210.0,0,https://c1.neweggimages.com/ProductImageCompressAll300/14-487-450-04.jpg,"[[' 7680 x 4320', ' 1 x DisplayPort 1.4 + 2 x Mini-DisplayPort 1.4', ' 1 x HDMI 2.0b', ' 11.45"" x 5.48""', '11G-P4-2589-KR', '9SIB1PGJFN6598']]"
9SIB1PGFBX4881,NVIDIA GeForce GT630 2GB Graphics Card HP 684455-002 702084-001 B4J92AT,HP,,,183.0,0,https://c1.neweggimages.com/ProductImageCompressAll300/AA4T_131346796178195880iAAIzHdki6.jpg,"[['684455-002', '9SIB1PGFBX4881']]"
9SIB1PGFBV6271,"MSI Gaming GeForce RTX 2080 Ti GDRR6 352-bit HDMI/DP/USB Ray Tracing Turing Architecture Liquid Cooling Graphics Card (RTX 2080 TI SEA Hawk X), Boost Clock: 1755 MHz",MSI,,,1079.0,0,https://c1.neweggimages.com/ProductImageCompressAll300/A73M_132046309126647833ggEItnEIyx.jpg,"[[' NVIDIA', ' NVIDIA GeForce RTX 20 Series', ' 4352 Cores', ' 14 Gbps', 'TX 2080 TI SEA HAWK']]"
9SIAPMXGD33052,ASUS TUF Gaming GeForce RTX 3090 TUF-RTX3090-24G-GAMING Video Card,ASUS,5,11.0,1399.0,0,https://c1.neweggimages.com/ProductImageCompressAll300/14-126-455-01.jpg,"[[' 7680 x 4320', ' 3 x DisplayPort 1.4a', ' 2 x HDMI 2.1', ' 11.80"" x 4.99""', 'TUF-RTX3090-24G-GAMI']]"
9SIAY2WJZW1637,"EVGA GeForce RTX 3090 XC3 ULTRA GAMING Video Card, 24G-P5-3975-KR, 24GB GDDR6X, iCX3 Cooling, ARGB LED, Metal Backplate",EVGA,4.5,13.0,1875.99,0,https://c1.neweggimages.com/ProductImageCompressAll300/14-487-524-V01.jpg,"[[' 7680 x 4320', ' 3 x DisplayPort 1.4a', ' 1 x HDMI 2.1', ' 11.23"" x 4.38""', '24G-P5-3975-KR']]"
9SIARPHJRH2135,ASUS TUF Gaming GeForce RTX 3060 12GB GDDR6 PCI Express 4.0 Video Card TUF-RTX3060-O12G-V2-GAMING,ASUS,3,1.0,412.0,$49.99 Shipping,https://c1.neweggimages.com/ProductImageCompressAll300/AYBAS2111017A4E6.jpg,"[[' OC Mode: 1882 MHz Gaming Mode: 1852 MHz', ' 7680 x 4320', ' 3 x DisplayPort 1.4a', ' 2 x HDMI 2.1', 'TUF-3060-O12G-V2-GAM-ZG']]"
9SIAGKCDAU7892,ASUS TUF Gaming GeForce GTX 1650 SUPER Overclocked 4GB Edition HDMI DP DVI Gaming Graphics Card (TUF-GTX1650S-O4G-GAMING),ASUS,4.7,95.0,219.28,0,https://c1.neweggimages.com/ProductImageCompressAll300/14-126-358-V01.jpg,"[[' 1530 MHz', ' 7680 x 4320', ' 1 x DisplayPort 1.4', ' 1 x DVI-D', 'TUF-GTX1650S-O4G-GAM']]"
9SIAYTVHCK2954,MSI Gaming GeForce GTX 1650 128-Bit HDMI/DP/DVI 4GB GDRR6 HDCP Support DirectX 12 VR Ready OC Graphics Card (GTX 1650 D6 Ventus XS OC),MSI,,,169.99,$49.99 Shipping,https://c1.neweggimages.com/ProductImageCompressAll300/A73MS210726WW4mo.jpg,[['?GTX 1650 D6 Ventus XS OC']]
9SIA4REGCH9574,"CORN HD6770 4G D5 Video Card,4GB 128-bit GDDR5,700MHz Core Frequency,1×HDMI interface, 1×DVI interface,1×VGA interface",Corn Electronics,4,1.0,69.99,0,https://c1.neweggimages.com/ProductImageCompressAll300/A4RES2208080GS7HL92.jpg,[['DZ-XK-HD6770 4G D5']]
9SIBJR8JMD9064,MSI GeForce GTX 1050 Ti 4GB GDDR5 PCI Express 3.0 x16 ATX Video Card GTX 1050 Ti 4GT OC,MSI,4.5,155.0,183.99,0,https://c1.neweggimages.com/ProductImageCompressAll300/14-137-055-08.jpg,"[[' 1341 MHz', ' 7680 x 4320', ' 1 x DisplayPort 1.4', ' 1 x DL-DVI-D', 'GTX 1050 Ti 4GT OC']]"
9SIARPHJJP0771,MSI RTX 2060 GAMING Z 6G GeForce RTX 2060 6GB GDDR6 PCI Express 3.0 x16 Video Card RTX 2060 GAMING Z 6G,MSI,4.6,229.0,294.2,$49.99 Shipping,https://c1.neweggimages.com/ProductImageCompressAll300/14-137-379-V22.jpg,"[[' 7680 x 4320', ' 3 x DisplayPort 1.4', ' 1 x HDMI 2.0b', ' 9.72"" x 5.08""', 'RTX 2060 GAMING Z 6G']]"
9SIAYTVH8W5635,GIGABYTE AORUS GeForce RTX 3080 12GB GDDR6X PCI Express 4.0 ATX Video Card GV-N3080AORUSX WB-12GD,GIGABYTE,5,1.0,892.99,$49.99 Shipping,https://c1.neweggimages.com/ProductImageCompressAll300/14-932-504-V08.jpg,"[[' 1830 MHz', ' 7680 x 4320', ' 3 x DisplayPort 1.4a', ' 2 x HDMI 2.1, 1 x HDMI 2.0 (The middle HDMI output supports up to HDMI 2.0)', 'GV-N3080AORUSX WB-12GD']]"
14-932-480,"GIGABYTE GeForce GT 730 GV-N730D3-2GI (rev. 3.0) Graphics Card, 2GB 64-bit GDDR3, GV-N730D3-2GI REV3.0 Video Card",GIGABYTE,4.7,9.0,59.99,$7.99 Shipping,https://c1.neweggimages.com/ProductImageCompressAll300/14-932-480-V04.jpg,"[[' 902 MHz', ' 4096 x 2160 (Through HDMI connector)\n2048 x 1536 (Analog max resolution)', ' 1 x Dual-link DVI-D', ' 1 x HDMI', 'GV-N730D3-2GI REV3.0', 'N82E16814932480']]"
9SIB1PGFBZ2212,MSI GeForce GTX 970 GAMING 4G,MSI,4.4,627.0,469.0,0,https://c1.neweggimages.com/ProductImageCompressAll300/14-127-832-S99.jpg,"[[' 1140 MHz (OC Mode)\n1114 MHz (Gaming Mode)\n1051 MHz (Silent Mode)', ' 4096 x 2160', ' 1 x DisplayPort 1.2', ' 1 x Dual-link DVI-I\n1 x Dual-link DVI-D', 'GTX 970 GAMING 4G']]"
9SIBMWJJX98430,ASUS ROG GeForce GTX 1080 8GB GDDR5X PCI Express 3.0 Video Card STRIX-GTX1080-A8G-GAMING,ASUS,4.1,141.0,509.3,$49.99 Shipping,https://c1.neweggimages.com/ProductImageCompressAll300/14-126-116-S99.jpg,"[[' OC mode: 1695 MHz \nGaming mode: 1670 MHz', ' 7680 x 4320', ' 2 x Native DisplayPort 1.4', ' 1 x Native DVI-D', 'STRIX-GTX1080-A8G-GA']]"
14-126-626,"ASUS TUF Gaming Radeon RX 7900 XTX OC Edition 24GB GDDR6 Graphics Card (PCIe 4.0, 24GB GDDR6, HDMI 2.1a, DisplayPort 2.1) TUF-RX7900XTX-O24G-GAMING",ASUS,4.9,10.0,1199.99,0,https://c1.neweggimages.com/ProductImageCompressAll300/14-126-626-01.jpg,"[[' 7680 x 4320', ' 3 x DisplayPort 2.1', ' 1 x HDMI 2.1', ' 3.63 Slot', 'TUF-RX7900XTX-O24G-GAMING', 'N82E16814126626']]"
14-126-659,"ASUS ROG Strix LC NVIDIA GeForce RTX 4090 OC Edition Gaming Graphics Card (PCIe 4.0, 24 GB GDDR6X, HDMI 2.1, DisplayPort 1.4a, 240 mm radiator, 560mm tubing) ROG-STRIX-LC-RTX4090-O24G-GAMING",ASUS,,,2199.99,0,https://c1.neweggimages.com/ProductImageCompressAll300/BN7ES23062111ENABC2.jpg,"[[' 7680 x 4320', ' 3 x DisplayPort 1.4a', ' 2 x HDMI 2.1', ' 2.6 Slots', 'ROG-STRIX-LC-RTX4090-O24G-GAMING', 'N82E16814126659']]"
9SIB1PGJGM8340,"ASUS TUF Gaming NVIDIA GeForce RTX 3090 Ti OC Edition Graphics Card (PCIe 4.0, 24GB GDDR6X, HDMI 2.1, DisplayPort 1.4a, Dual Ball Fan Bearings, Military-grade Certification, GPU Tweak) TUF-RTX3090TI-O",ASUS,,,1925.0,0,https://c1.neweggimages.com/ProductImageCompressAll300/B3T1S2204220EPTGQ48.jpg,"[[' 1950 MHz', ' 7680 x 4320', ' 3 x DisplayPort 1.4a', ' 2 x HDMI 2.1', 'ASUS TUF-RTX3090TI-O24G-GAMING']]"
14-126-598,"ASUS TUF Gaming GeForce RTX 4080 OC Edition Gaming Graphics Card (PCIe 4.0, 16GB GDDR6X, HDMI 2.1a, DisplayPort 1.4a) TUF-RTX4080-O16G-GAMING",ASUS,4.5,32.0,1299.99,0,https://c1.neweggimages.com/ProductImageCompressAll300/14-126-598-41.jpg,"[[' 7680 x 4320', ' 3 x DisplayPort 1.4a', ' 2 x HDMI 2.1', ' 348.2 x 72.6mm', 'TUF-RTX4080-O16G-GAMING', 'N82E16814126598']]"
14-126-636,"ASUS GeForce RTX 4080 16GB GDDR6X Noctua OC Edition (PCIe 4.0, 16GB GDDR6X, DLSS 3, HDMI 2.1a, DisplayPort 1.4a, Noctua NF-A12x25 PWM fans, optimized vapor chamber, GPU Tweak III) RTX4080-O16G-NOCTUA",ASUS,,,1649.99,0,https://c1.neweggimages.com/ProductImageCompressAll300/14-126-636-01.png,"[[' 2205 MHz', ' 7680 x 4320', ' 3 x DisplayPort 1.4a', ' 2 x HDMI 2.1a', 'RTX4080-O16G-NOCTUA', 'N82E16814126636']]"
14-137-673,MSI Ventus GeForce RTX 3060 Ti 8GB GDDR6 PCI Express 4.0 Video Card RTX 3060 Ti VENTUS 2X 8G OCV1 LHR,MSI,4.7,117.0,359.99,0,https://c1.neweggimages.com/ProductImageCompressAll300/14-137-673-01.jpg,"[[' 7680 x 4320', ' 3 x DisplayPort 1.4a', ' 1 x HDMI 2.1', ' 9.25"" x 4.88""', 'RTX306TVENTUS2X8OCV1', 'N82E16814137673']]"
9SIB601HWN5961,R7 240 4GB DDR3 128BIT Desktop Computer Game Graphics Card Gaming Video Card for PC HDMI-compatible interface,Mannajue,,,89.99,0,https://c1.neweggimages.com/ProductImageCompressAll300/B601S220524SPFTs.jpg,"[['R7 240 4GB', '9SIB601HWN5961']]"
9SIB1PGFBX9428,GIGABYTE AORUS GeForce RTX 2080 Ti XTREME DirectX 12 GV-N208TAORUS X-11GC Video Card,,,,1079.0,0,https://c1.neweggimages.com/ProductImageCompressAll300/AHT8S200721u1cR2.jpg,"[[' 1770 MHz', ' 3 x DisplayPort 1.4', ' 3 x HDMI 2.0b', ' DirectX 12', 'GV-N208TAORUS X-11GC', '9SIB1PGFBX9428']]"
9SIARPHJJP0773,MSI GeForce RTX 2060 SUPER 8GB GDDR6 PCI Express 3.0 x16 Video Card RTX 2060 SUPER GAMING,MSI,4.5,15.0,357.2,$49.99 Shipping,https://c1.neweggimages.com/ProductImageCompressAll300/14-137-463-V02.jpg,"[[' 7680 x 4320', ' 3 x DisplayPort 1.4', ' 1 x HDMI 2.0b', ' 9.76"" x 5.04""', '2060 SUPER GAMING']]"
9SIAYTVGMK3331,ASUS Dual GeForce RTX 3060 Ti V2 OC Edition 8GB GDDR6 PCI Express 4.0 Video Card DUAL-RTX3060TI-O8G-V2 (LHR),ASUS,,,459.99,$49.99 Shipping,https://c1.neweggimages.com/ProductImageCompressAll300/AYTVS2111250UKJSC5B.jpg,"[[' 7680 x 4320', ' 3 x DisplayPort 1.4a', ' 2 x HDMI 2.1', ' 10.56"" x 5.35""', 'C-ASUS DUAL-RTX3060Ti-O8G-V2']]"
9SIAZUEFNF3581,Yeston GT730 2GB GDDR3  128bit  PCIExpress 2.0 DirectX11 video cards Single Slot 4*HDMI compatible graphics card of Desktop,yeston,,,89.0,0,https://c1.neweggimages.com/ProductImageCompressAll300/AZUES2108256qw1F.jpg,"[[' 993 MHz', ' 4096 x 2160', ' 4 x HDMI', ' Single Slot', 'Yeston GT730-2G 4HDMI GA', '9SIAZUEFNF3581']]"
9SIB601GTS2912,LISM GTX960 4G GDDR5 128Bit PC Desktop video card PCI Express 2.0 computer video cards,Mannajue,4.3,3.0,139.99,0,https://c1.neweggimages.com/ProductImageCompressAll300/B601S220125TvgTy.jpg,"[[' 4096 x 2160', ' 1 x DVI', ' 1 x HDMI', ' 9.45*4.72INCH', 'GTX960 4G', '9SIB601GTS2912']]"
9SIBGFDJSU9739,MSI Gaming Radeon RX 6600 XT 8GB GDDR6 PCI Express 4.0 ATX Video Card RX 6600 XT GAMING X 8G,MSI,4.5,37.0,399.99,$46.00 Shipping,https://c1.neweggimages.com/ProductImageCompressAll300/14-137-681-12.jpg,"[[' 7680 x 4320', ' 3 x DisplayPort 1.4', ' 1 x HDMI (Supports 4K@120Hz / 8K@60Hz and VRR as specified in HDMI 2.1)', ' 10.91"" x 5.12""', 'RX6600XT GAMING X 8G']]"
9SIAGGGHSJ0665,MSI Ventus GeForce RTX 3060 12GB GDDR6 PCI Express 4.0 Video Card RTX 3060 Ventus 2X 12G OC LHR,MSI,5,2.0,349.99,$4.99 Shipping,https://c1.neweggimages.com/ProductImageCompressAll300/APMXS210805w8Ifa.jpg,"[[' 7680 x 4320', ' 3 x DisplayPort 1.4', ' 1 x HDMI (Supports 4K@120Hz as specified in HDMI 2.1)', ' DirectX 12 API', '3060 Ventus 2X OC LHR']]"
9SIAYTVJ7R3668,EVGA GeForce GTX 1660 Super 6GB SC Ultra Gaming Video Graphics Card GPU,EVGA,,,284.99,$49.99 Shipping,https://c1.neweggimages.com/ProductImageCompressAll300/ADFRS211206p1K5X.jpg,"[[' NVIDIA', ' NVIDIA GeForce GTX 16 Series', ' Double Fans', 'EVGA 06G-P4-1068-KR New']]"
14-131-795,PowerColor Radeon RX 6400 4GB GDDR6 PCI Express 4.0 CrossFireX Support Low Profile Video Card AXRX 6400 LP 4GBD6-DH,PowerColor,,,159.99,0,https://c1.neweggimages.com/ProductImageCompressAll300/14-131-795-06.jpg,"[[' 1923 MHz', ' 7680 x 4320', ' 1 x DisplayPort 1.4', ' 1 x HDMI 2.1', 'AXRX 6400 LP 4GBD6-DH', 'N82E16814131795']]"
9SIARPHJNC3109,"GIGABYTE GeForce RTX 2070 Super WINDFORCE OC 3X 8G Graphics Card, 3 x WINDFORCE Fans, 8GB 256-Bit GDDR6, GV-N207SWF3OC-8GD Video Card",GIGABYTE,4.3,238.0,518.08,$49.99 Shipping,https://c1.neweggimages.com/ProductImageCompressAll300/14-932-213-V04.jpg,"[[' 1785 MHz', ' 7680 x 4320 @ 60 Hz', ' 3 x DisplayPort 1.4', ' 1 x HDMI 2.0b', 'GV-N207SWF3OC-8GD']]"
9SIB1PGFBX8058,NVIDIA Official GeForce RTX 2080 Founders Edition 8GB GDDR6 PCI Express 3.0 Graphics Card,NVIDIA,3,1.0,849.0,0,https://c1.neweggimages.com/ProductImageCompressAll300/A6V6_131826354466709840wXq1fhG8UW.jpg,"[[' 1515 MHz', ' 7680 x 4320', ' 1 x DisplayPort 1.4a', ' 1 x HDMI 2.0b', '900-1G180-2500-000']]"
9SIAC4ZGMH1607,VisionTek Radeon 5450 2GB DDR3 PCI Express 2.1 x16 ATX Video Card 900861,VisionTek,2.9,7.0,70.25,0,https://c1.neweggimages.com/ProductImageCompressAll300/14-129-319-04.jpg,"[[' 650 MHz', ' 1 x DVI-I', ' 1 x HDMI', ' 5.90"" x 2.40""', '900861']]"
9SIAMFBJHA9102,"ZOTAC GAMING GEFORCE GTX 1630 4GB GDDR6, 64 bit Gaming Graphics Card, Super Compact, ZT-T16300F-10L",ZOTAC,5,1.0,139.99,0,https://c1.neweggimages.com/ProductImageCompressAll300/AMFBS22080319UI1M8A.jpg,"[[' 1 x DisplayPort 1.4a', ' Dual Link DVI-D', ' 1 x HDMI 2.0b', ' 5.94"" x 4.38""', 'ZT-T16300F-10L']]"
9SIAYTVFY85154,GIGABYTE GeForce GTX 1650 4GB GDDR5 PCI Express 3.0 x16 MINI ITX Video Card GV-N1650IX-4GD,GIGABYTE,4.7,10.0,136.78,$49.99 Shipping,https://c1.neweggimages.com/ProductImageCompressAll300/14-932-283-V01.jpg,"[[' 1665 MHz', ' 7680 x 4320 @ 60 Hz', ' 1 x DisplayPort 1.4', ' 2 x HDMI 2.0b', 'GV-N1650IX-4GD']]"
9SIBMWJJWP4828,ASUS ROG STRIX GeForce RTX 2060 SUPER 8GB GDDR6 PCI Express 3.0 Video Card ROG-STRIX-RTX2060S-O8G-GAMING,ASUS,4,4.0,393.08,$49.99 Shipping,https://c1.neweggimages.com/ProductImageCompressAll300/14-126-331-V02.jpg,"[[' 7680 x 4320', ' 2 x DisplayPort 1.4', ' 2 x HDMI 2.0b', ' 11.80"" x 5.10""', 'RTX2060S-O8G-GAMING']]"
9SIBMWJJXG5372,GIGABYTE AORUS GeForce RTX 3080 MASTER 10GB GDDR6X PCI Express 4.0 ATX Video Card GV-N3080AORUS M-10GD (rev. 3.0) (LHR),GIGABYTE,4.3,18.0,864.49,$49.99 Shipping,https://c1.neweggimages.com/ProductImageCompressAll300/14-932-458-V01.jpg,"[[' 1845 MHz', ' 7680 x 4320', ' 3 x DisplayPort 1.4a', ' 2 x HDMI 2.1, 1 x HDMI 2.0 (The middle HDMI output supports up to HDMI 2.0)', 'GV-N3080AORUS M-10GD']]"
9SIAZUEEV66160,"Yeston AMD Video Card Radeon RX550 4G D5 LP Gaming Graphics Card GPU, 4G/128bit/GDDR5 PCI-Express 3.0x8 DirectX 12,DVI+HDMI+VGA Desktop Graphics Card (HTPC ITX is compatible)",yeston,4,3.0,89.0,0,https://c1.neweggimages.com/ProductImageCompressAll300/ATMXS210407YQ6pF.jpg,"[[' 1183 MHz', ' 4096 x 2160', ' 1 x DVI', ' 1 x HDMI', 'YT-RX550 4G D5 LP', '9SIAZUEEV66160']]"
9SIARPHJNC3114,GIGABYTE GeForce RTX 2070 8GB GDDR6 PCI Express 3.0 x16 ATX Video Card GV-N2070WF2-8GD,GIGABYTE,3.9,168.0,420.08,$49.99 Shipping,https://c1.neweggimages.com/ProductImageCompressAll300/14-932-160-V01.jpg,"[[' 1620 MHz', ' 7680 x 4320 @ 60 Hz', ' 3 x DisplayPort 1.4', ' 1 x HDMI 2.0b', 'GV-N2070WF2-8GD']]"
9SIB1PGFBY5616,"EVGA GeForce GTX 1060 GAMING, ACX 2.0 (Single Fan), 03G-P4-6160-KR, 3GB GDDR5, DX12 OSD Support (PXOC), Only 6.8 Inches",EVGA,4.4,76.0,420.0,0,https://c1.neweggimages.com/ProductImageCompressAll300/14-487-263-S99.jpg,"[[' 1506 MHz', ' 7680 x 4320', ' 3 x DisplayPort 1.4', ' 1 x Dual-Link DVI-D', '03G-P4-6160-KR']]"
9SIB1PGFBY0747,ASUS GeForce GTX 660 Ti 2GB GDDR5 PCI Express 3.0 x16 SLI Support Video Card GTX660 TI-DC2-2GD5,ASUS,5,33.0,299.0,0,https://c1.neweggimages.com/ProductImageCompressAll300/14-121-653-03.jpg,"[[' 915MHz', ' 1 x DisplayPort', ' 2 x DVI', ' 1 x HDMI', 'GTX660 TI-DC2-2GD5']]"
9SIB1PGFC00187,NVIDIA TITAN V Graphic Card - 1.20 GHz Core - 1.46 GHz Boost Clock - 12 GB HBM2 - Dual Slot Space Required,NVIDIA,,,2450.0,0,https://c1.neweggimages.com/ProductImageCompressAll300/A98Y_1_201805211065799077.jpg,"[[' 1.20 GHz', ' Yes', ' Yes', ' NVIDIA', '900-1G500-2500-000']]"
9SIB1PGFBW2840,NVIDIA GeForce RTX 2080 Ti Founders Edition 11GB GDDR6 PCI Express 3.0 Graphics Card,NVIDIA,,,1079.0,0,https://c1.neweggimages.com/ProductImageCompressAll300/A6V6_131892134822443207UHmuOK7nLc.jpg,"[[' 1.35 GHz', ' 7680x4320', ' Yes', ' HDMI 2.0b', 'B07LC1L4RJ']]"
14-932-613,GIGABYTE WINDFORCE GeForce RTX 3050 8GB GDDR6 PCI Express 4.0 x8 ATX Video Card GV-N3050WF2OC-8GD,GIGABYTE,,,229.99,0,https://c1.neweggimages.com/ProductImageCompressAll300/14-932-613-04.jpg,"[[' 1792 MHz', ' 7680 x 4320', ' 1 x DisplayPort', ' 1 x DVI', 'GV-N3050WF2OC-8GD', 'N82E16814932613']]"
9SIAWFGJRH5028,"ASUS NVIDIA GeForce GT 710 Graphics Card (PCIe 2.0, 2GB GDDR5 Memory, 4 x HDMI Ports, Single-slot Design, Passive Cooling)",ASUS,4.3,18.0,108.92,0,https://c1.neweggimages.com/ProductImageCompressAll300/14-126-433-V01.jpg,"[[' 954 MHz', ' 3840x2160@60Hz for 1 monitor\n3840x2160@30Hz for more than 2 monitors', ' 4 x HDMI', ' 6.57"" x 4.13""', 'GT710-4H-SL-2GD5']]"
9SIB601J786978,RTX 2060 SUPER-8G D6 PA GDDR6 Graphics cards Nvidia pci express x16 3.0 video cards Desktop computer PC video gaming graphics card,Mannajue,,,259.99,0,https://c1.neweggimages.com/ProductImageCompressAll300/B601S2209190TS0HPEA.jpg,"[['2060s 8g', '9SIB601J786978']]"
9SIB1PGFBY9478,"NVIDIA GeForce GTX 1080 Founders Edition, 8GB GDDR5X PCI Express 3.0 Graphics Card",NVIDIA,3.8,4.0,695.0,0,https://c1.neweggimages.com/ProductImageCompressAll300/A6V6_131590275544032227UNEOATaxnR.jpg,"[[' 1607MHz', ' NVIDIA', ' 1733MHz', ' 2560 Cores', 'B078NZ9NYV']]"
9SIB1PGFBZ4965,MSI Radeon R9 390 8GB GDDR5 PCI Express 3.0 CrossFireX Support Video Card R9 390 GAMING 8G,MSI,4,313.0,399.0,0,https://c1.neweggimages.com/ProductImageCompressAll300/14-127-874-15.jpg,"[[' 1060 MHz (OC Mode)\n1040 MHz (Gaming Mode)\n1000 MHz (Silent Mode)', ' 4096 x 2160', ' 1 x DisplayPort 1.2', ' 2 x DL-DVI-D', 'R9 390 GAMING 8G']]"
14-137-707,MSI Gaming GeForce RTX 3050 8GB GDDR6 PCI Express 4.0 Video Card RTX 3050 Gaming X 8G,MSI,4.9,47.0,229.99,0,https://c1.neweggimages.com/ProductImageCompressAll300/14-137-707-01.jpg,"[[' 7680 x 4320', ' 3 x DisplayPort 1.4a', ' 1 x HDMI 2.1', ' 10.94"" x 5.12""', 'RTX 3050 Gaming X 8G', 'N82E16814137707']]"
14-932-617,"GIGABYTE GeForce RTX 4060 Ti AERO OC 8G Graphics Card, 3x WINDFORCE Fans, 8GB 128-bit GDDR6, GV-N406TAERO OC-8GD Video Card",GIGABYTE,5,2.0,439.99,0,https://c1.neweggimages.com/ProductImageCompressAll300/14-932-617-01.jpg,"[[' 2580 MHz', ' 7680 x 4320', ' 2 x DisplayPort', ' 2 x HDMI', 'GV-N406TAERO OC-8GD', 'N82E16814932617']]"
14-932-601,GIGABYTE AERO GeForce RTX 4090 24GB GDDR6X PCI Express 4.0 x16 ATX Video Card GV-N4090AERO OC-24GD,GIGABYTE,4.8,16.0,1749.99,$9.99 Shipping,https://c1.neweggimages.com/ProductImageCompressAll300/14-932-601-02.jpg,"[[' 2235 MHz', ' 7680 x 4320', ' 3 x DisplayPort 1.4a', ' 1 x HDMI 2.1', 'GV-N4090AERO OC-24GD', 'N82E16814932601']]"
14-932-583,"GIGABYTE AORUS GeForce RTX 4070 Ti ELITE 12G Graphics Card, 3x WINDFORCE Fans, 12GB 192-bit GDDR6X, GV-N407TAORUS E-12GD Video Card",GIGABYTE,4,1.0,889.99,0,https://c1.neweggimages.com/ProductImageCompressAll300/14-932-583-25.jpg,"[[' 2655 MHz', ' 7680 x 4320', ' 3 x DisplayPort 1.4', ' 1 x HDMI 2.1', 'GV-N407TAORUS E-12GD', 'N82E16814932583']]"
14-932-612,GIGABYTE AORUS GeForce RTX 4070 12GB GDDR6X PCI Express 4.0 x16 ATX Video Card GV-N4070AORUS M-12GD,GIGABYTE,5,2.0,679.99,0,https://c1.neweggimages.com/ProductImageCompressAll300/14-932-612-V01.jpg,"[[' 7680 x 4320', ' 3 x DisplayPort', ' 1 x HDMI', ' 3.5 Slots', 'GV-N4070AORUS M-12GD G10', 'N82E16814932612']]"
14-500-546,"ZOTAC GAMING GeForce RTX 4070 Ti Trinity OC DLSS 3 12GB GDDR6X 192-bit 21 Gbps PCIE 4.0 Gaming Graphics Card, IceStorm 2.0 Advanced Cooling, SPECTRA 2.0 RGB Lighting, ZT-D40710J-10P",ZOTAC,4.5,15.0,819.99,0,https://c1.neweggimages.com/ProductImageCompressAll300/14-500-546-18.jpg,"[[' 7680 x 4320', ' 3 x DisplayPort 1.4a', ' 1 x HDMI 2.1a', ' 3 Slots', 'ZT-D40710J-10P', 'N82E16814500546']]"
9SIB1PGFBZ7473,MSI Radeon R7 370 4GB GDDR5 PCI Express 3.0 x16 CrossFireX Support ATX Video Card R7 370 GAMING 4G,MSI,4.4,90.0,369.0,0,https://c1.neweggimages.com/ProductImageCompressAll300/14-127-884-12.jpg,"[[' 1020 MHz', ' 4096 x 2160', ' 1 x DisplayPort', ' 1 x DL-DVI-I\r\n1 x DL-DVI-D', 'R7 370 GAMING 4G', '9SIB1PGFBZ7473']]"
9SIB1PGFBY8820,MSI GeForce GTX 950 2GB GDDR5 PCI Express 3.0 x16 SLI Support ATX GAMING Video Card GTX 950 GAMING 2G,MSI,4.7,40.0,335.0,0,https://c1.neweggimages.com/ProductImageCompressAll300/14-127-904-07.jpg,"[[' 1127 MHz', ' 4096 x 2160', ' 3 x DisplayPort 1.2', ' 1 x DL-DVI-I', 'GTX 950 GAMING 2G', '9SIB1PGFBY8820']]"
9SIARPHJNC3075,MSI GeForce RTX 2070 8GB GDDR6 PCI Express 3.0 x16 Video Card RTX 2070 GAMING 8G,MSI,4.3,32.0,448.08,$49.99 Shipping,https://c1.neweggimages.com/ProductImageCompressAll300/14-137-377-V06.jpg,"[[' 1410 MHz', ' 7680 x 4320', ' 3 x DisplayPort 1.4', ' 1 x HDMI 2.0b', 'RTX 2070 GAMING 8G']]"
9SIB1PGJHJ5841,MSI Radeon RX 580 4GB GDDR5 PCI Express x16 CrossFireX Support Video Card RX 580 GAMING X 4G,MSI,4.4,25.0,485.0,0,https://c1.neweggimages.com/ProductImageCompressAll300/14-137-119-Z01.jpg,"[[' 2 x DisplayPort', ' 1 x DL-DVI-D', ' 2 x HDMI', ' 10.87"" x 5.51""', 'RX 580 GAMING X 4G']]"
9SIB1PGFBY9012,SAPPHIRE NITRO Radeon R9 380 4GB GDDR5 PCI Express 3.0 x16 Dual-X OC Version w/ backplate (UEFI) Video Card 100384NT4GOC-2L,Sapphire Tech,3.6,82.0,385.0,0,https://c1.neweggimages.com/ProductImageCompressAll300/14-202-166-01.jpg,"[[' 1010 MHz', ' 4096 x 2160', ' 1 x DisplayPort', ' 1 x DL-DVI-I\r\n1 x DL-DVI-D', '100384NT4GOC-2L']]"
9SIB1PGJJH3037,"GIGABYTE AORUS GeForce RTX 2060 SUPER 8G (rev. 2.0) Graphics Card, 3 x WINDFORCE Stack Fans, 8GB 256-Bit GDDR6, GV-N206SAORUS-8GC REV2.0 Video Card",GIGABYTE,5,5.0,695.0,0,https://c1.neweggimages.com/ProductImageCompressAll300/14-932-368-V01.jpg,"[[' 7680 x 4320 @ 60 Hz', ' 3 x DisplayPort 1.4', ' 3 x HDMI 2.0b', ' 11.42"" x 5.29""', 'GV-N206SAORUS-8GC V2']]"
9SIADDTJXG4122,"EVGA GeForce GTX 1650 SUPER SC ULTRA GAMING Video Card, 04G-P4-1357-KR, 4GB GDDR6, Dual Fan, Metal Backplate",EVGA,4.8,49.0,259.99,0,https://c1.neweggimages.com/ProductImageCompressAll300/14-487-482-V06.jpg,"[[' 7680 x 4320', ' 1 x DisplayPort 1.4', ' 1 x Dual-Link DVI-D', ' 1 x HDMI 2.0b', '04G-P4-1357-KR']]"
14-133-857,PNY XLR8 Gaming VERTO GeForce RTX 4060 Ti 8GB GDDR6 PCI Express 4.0 x8 ATX Video Card VCG4060T8TFXXPB1,"PNY Technologies, Inc.",,,439.99,0,https://c1.neweggimages.com/ProductImageCompressAll300/14-133-857-01.jpg,"[[' 2310 MHz', ' 7680 x 4320', ' 3 x DisplayPort 1.4', ' 1 x HDMI 2.1', 'VCG4060T8TFXXPB1', 'N82E16814133857']]"
9SIAPMXGMS0317,ASUS GeForce RTX 2060 Overclocked 6G GDDR6 Dual-Fan EVO Edition VR Ready HDMI DisplayPort DVI Graphics Card (DUAL-RTX2060-O6G-EVO),ASUS,4.6,254.0,289.99,0,https://c1.neweggimages.com/ProductImageCompressAll300/14-126-349-V01.jpg,"[[' OC Mode: 1395 MHz\nGaming Mode (Default): 1365 MHz', ' 7680 x 4320', ' 1 x DisplayPort 1.4', ' 1 x DVI-D', 'DUAL-RTX2060-O6G-EVO']]"
14-137-802,MSI Ventus GeForce RTX 3060 Ti 8GB GDDR6 PCI Express 4.0 ATX Video Card RTX 3060TI VENTUS 3X 8G LHR,MSI,,,349.99,0,https://c1.neweggimages.com/ProductImageCompressAll300/14-137-802-17.png,"[[' 7680 x 4320', ' 3 x DisplayPort 1.4a', ' 1 x HDMI 2.1', ' DirectX 12', 'RTX 3060 Ti VENTUS 3X 8G LHR', 'N82E16814137802']]"
9SIB86XJ949518,51RISC GeForce RTX2060Super 8GB GDDR6 PCIE16 Video card RTX2060 6G for Computer office Components Graphics Cards gaming,51Risc,,,285.0,0,https://c1.neweggimages.com/ProductImageCompressAll300/B86XS2212120LBU3AEA.jpg,"[[' 3 x DisplayPort 1.4', ' 1 x HDMI 2.0b', ' NVIDIA', ' NVIDIA GeForce RTX 20 Series', 'HTMRTX2060SUPER8G', '9SIB86XJ949518']]"
9SIAYTVEWM9503,GIGABYTE AORUS Radeon RX 6900 XT 16GB GDDR6 PCI Express 4.0 ATX Video Card GV-R69XTAORUSX WB-16GD,GIGABYTE,4.8,16.0,898.97,$49.99 Shipping,https://c1.neweggimages.com/ProductImageCompressAll300/14-932-446-V04.jpg,"[[' 7680 x 4320', ' 2 x DisplayPort 1.4a', ' 2 x HDMI 2.1', ' 11.10"" x 5.75""', 'GV-R69XTAORUSX WB-16']]"
9SIAYTVFSG4149,MSI Gaming GeForce RTX 3080 10GB GDDR6X PCI Express 4.0 ATX Video Card RTX 3080 GAMING Z TRIO 10G LHR,MSI,,,950.99,$49.99 Shipping,https://c1.neweggimages.com/ProductImageCompressAll300/AYTVD210902JA04G.jpg,[['LHR-10']]
9SIB1PGH879794,SAPPHIRE Radeon HD 6950 1GB GDDR5 PCI Express 2.1 x16 CrossFireX Support Video Card with Eyefinity 100312-1GSR,Sapphire Tech,4.6,18.0,245.0,0,https://c1.neweggimages.com/ProductImageCompressAll300/14-102-921-04.jpg,"[[' 800 MHz', ' 2560 x 1600', ' 2 x Mini DisplayPort', ' 2 x DVI (1 Single Link, 1 Dual Link)', '100312-1GSR']]"
9SIB601J1T4362,GeForce GTX 1050 2GB GDDR5 PCI Express 3.0 x16 ATX Video Card,Mannajue,,,119.99,0,https://c1.neweggimages.com/ProductImageCompressAll300/B601S2208190W22C51D.jpg,"[[' 7680 x 4320', ' 1 x DisplayPort', ' 1 x DVI', ' 1 x HDMI', '1050 2G B', '9SIB601J1T4362']]"
9SIB1PGFBZ0554,MSI GeForce GTX 1080 Ti 11GB GDDR5X PCI Express 3.0 x16 SLI Support Video Card GTX 1080 Ti AERO 11G OC,MSI,5,9.0,749.0,0,https://c1.neweggimages.com/ProductImageCompressAll300/14-137-115-V09.jpg,"[[' 1506 MHz', ' 3 x DisplayPort', ' 1 x HDMI', ' 10.59"" x 4.37""', '1080 TI AERO 11G OC']]"
9SIB1PGJJF0663,"GIGABYTE AORUS GeForce RTX 2080 XTREME 8G Graphics Card, 3 x Stacked WINDFORCE Fans, 8GB 256-Bit GDDR6, GV-N2080AORUS X-8GC Video Card",GIGABYTE,3.8,22.0,849.0,0,https://c1.neweggimages.com/ProductImageCompressAll300/14-932-082-V18.jpg,"[[' 1890 MHz', ' 7680 x 4320', ' 3 x DisplayPort 1.4', ' 3 x HDMI 2.0b', 'GV-N2080AORUS X-8GC']]"
9SIB1PGFBZ0450,ASUS GeForce GTX 1080 Ti 11GB GDDR5X PCI Express 3.0 SLI Support Video Card TURBO-GTX1080TI-11G,ASUS,3.7,20.0,749.0,0,https://c1.neweggimages.com/ProductImageCompressAll300/14-126-188-V01.jpg,"[[' 1480 MHz', ' 7680 x 4320', ' 2 x DisplayPort 1.4', ' 2 x HDMI 2.0', 'TURBO-GTX1080TI-11G']]"
9SIAD7HJEY1301,AMD Instinct MI100 Graphic Card 32 GB HBM2 Full-height 1.50 GHz Boost Clock 4096 bit Bus Width PCI Express 4.0 x16 100506116,AMD,,,3005.99,0,https://c1.neweggimages.com/ProductImageCompressAll300/A6ZPD210520JROMJ.jpg,[['100506116']]
9SIARPHJK14176,ASUS Radeon RX 580 8GB GDDR5 CrossFireX Support Video Card DUAL-RX580-O8G,ASUS,3.6,73.0,310.07,$49.99 Shipping,https://c1.neweggimages.com/ProductImageCompressAll300/14-126-199-Z01.jpg,"[[' 1380 MHz (OC Mode)\n1360 MHz (Gaming Mode)', ' 7680 x 4320', ' 2 x DisplayPort 1.4', ' 1 x DVI-D', 'DUAL-RX580-O8G']]"
9SIAY2WJZZ6949,"GIGABYTE GeForce RTX 3090 GAMING OC 24G Video Card, GV-N3090GAMING OC-24GD",GIGABYTE,3.7,82.0,1400.44,$49.99 Shipping,https://c1.neweggimages.com/ProductImageCompressAll300/14-932-327-01.jpg,"[[' 1755 MHz', ' 7680 x 4320 @ 60 Hz', ' 3 x DisplayPort 1.4a', ' 2 x HDMI 2.1', 'GVN3090GAMINGOC24GD']]"
9SIB1PGFBX9930,ASUS Turbo GeForce RTX 2070 SUPER 8GB GDDR6 PCI Express 3.0 SLI Support Video Card TURBO-RTX2070S-8G-EVO,ASUS,4.5,12.0,675.0,0,https://c1.neweggimages.com/ProductImageCompressAll300/14-126-342-V01.jpg,"[[' 7680 x 4320', ' 3 x DisplayPort 1.4', ' 1 x HDMI 2.0b', ' 10.55"" x 4.45""', 'TURBO-RTX2070S-8GEVO']]"
9SIB1PGJJF7225,"GIGABYTE GeForce RTX 2070 GAMING OC WHITE 8G Graphics Card, 3 x WINDFORCE Fans, 8GB 256-Bit GDDR6, GV-N2070GAMINGOC WHITE-8GC Video Card",GIGABYTE,3.5,8.0,710.0,0,https://c1.neweggimages.com/ProductImageCompressAll300/14-932-090-Z07.jpg,"[[' OC Mode: 1740 MHz\nGaming Mode: 1725 MHz', ' 7680 x 4320 @ 60 Hz', ' 3 x DisplayPort 1.4', ' 1 x HDMI 2.0b', 'N2070GAMINGOCWHIT8GC']]"
9SIARPHJJP0770,MSI GeForce RTX 2060 SUPER 8GB GDDR6 PCI Express 3.0 x16 Video Card RTX 2060 SUPER GAMING X,MSI,4.4,88.0,370.8,$49.99 Shipping,https://c1.neweggimages.com/ProductImageCompressAll300/14-137-440-V09.jpg,"[[' 7680 x 4320', ' 3 x DisplayPort 1.4', ' 1 x HDMI 2.0b', ' 9.76"" x 5.04""', '2060 SUPER GAMING X']]"
14-129-172,"Visiontek Radeon HD 5570 SFF 1GB DDR3 4M VHDCI DVI (4 x DVI-D), 900345",VisionTek,3.2,10.0,185.99,0,https://c1.neweggimages.com/ProductImageCompressAll300/14-129-172-08.jpg,"[[' 650 MHz', ' 4 x DVI-D', ' 6.60"" x 2.20""', ' Single Slot', '900345', 'N82E16814129172']]"
9SIB1PGFBZ1113,MSI GeForce GTX 1080 Ti 11GB GDDR5X PCI Express 3.0 x16 SLI Support Video Card GeForce GTX 1080 Ti GAMING X 11G,MSI,4.6,98.0,749.0,0,https://c1.neweggimages.com/ProductImageCompressAll300/14-137-113-Z01.jpg,"[[' 1569 MHz (OC Mode)\n1544 MHz (Gaming Mode)\n1480 MHz (Silent Mode)', ' 2 x DisplayPort 1.4', ' 1 x DL-DVI-D', ' 2 x HDMI 2.0', 'GTX1080TIGAMINGX11']]"
9SIBMWJJX97925,MSI GeForce GTX 1060 6GB GDDR5 PCI Express 3.0 x16 ATX Video Card GTX 1060 GAMING X 6G,MSI,4.7,301.0,278.09,$49.99 Shipping,https://c1.neweggimages.com/ProductImageCompressAll300/14-127-963-S99.jpg,"[[' 1594 MHz (OC Mode)\n1569 MHz (Gaming Mode)\n1506 MHz (Silent Mode)', ' 7680 x 4320', ' 3 x DisplayPort 1.4', ' 1 x DL-DVI-D', 'GTX 1060 GAMING X 6G']]"
9SIB601J785002,"GTX 1660 Ti 6GB GDDR6 192bit PCI Express 3.0 x16 Video Card GTX 1660 TI DirectX 12,OpenGL 4.5",Mannajue,5,1.0,189.99,0,https://c1.neweggimages.com/ProductImageCompressAll300/B601S2211220YLYNT81.jpg,"[['1660 Ti', '9SIB601J785002']]"
9SIBMWJJWB4928,GIGABYTE Gaming OC PRO GeForce RTX 3060 Ti 8GB GDDR6 PCI Express 4.0 ATX Video Card GV-N306TGAMINGOC PRO-8GD (rev. 3.0) (LHR),GIGABYTE,4.6,122.0,450.44,$49.99 Shipping,https://c1.neweggimages.com/ProductImageCompressAll300/14-932-453-V11.jpg,"[[' 1770 MHz', ' 7680 x 4320', ' 2 x DisplayPort 1.4a', ' 2 x HDMI 2.1', 'GV-N306TGAMINGOCPRO8']]"
9SIB86XH2K2757,51Risc AMD Radeon RX 580 DirectX 12 RX580 8G 256-Bit GDDR5 PCI Express 3.0 x16 HDCP Gaming Video Card Mining GPU,51Risc,4.6,18.0,85.0,0,https://c1.neweggimages.com/ProductImageCompressAll300/B86XS2304260DM71E42.jpg,"[[' 1149 MHz', ' 4096 x 2160', ' 3 x DisplayPort', ' 1 x DVI', '51RISC5808G', '9SIB86XH2K2757']]"
14-126-651,"ASUS Dual Radeon RX 7600 OC Edition 8GB GDDR6 Graphics Card (PCIe 4.0, 8GB GDDR6, HDMI 2.1, DisplayPort 1.4a, 2.5-slot Design, Axial-tech Fans, GPU Tweak III) DUAL-RX7600-O8G",ASUS,5,1.0,279.99,0,https://c1.neweggimages.com/ProductImageCompressAll300/14-126-651-07.jpg,"[[' 7680 x 4320', ' 3 x DisplayPort 1.4', ' 1 x HDMI 2.1', ' 2.5 Slots', 'DUAL-RX7600-O8G', 'N82E16814126651']]"
14-126-524,ASUS Dual GeForce RTX 3060 12GB GDDR6 PCI Express 4.0 Video Card DUAL-RTX3060-O12G-V2,ASUS,4.8,81.0,299.99,0,https://c1.neweggimages.com/ProductImageCompressAll300/14-126-524-01.jpg,"[[' 7680 x 4320', ' 3 x DisplayPort 1.4a', ' 1 x HDMI 2.1', ' 7.87"" x 4.84""', 'DUAL-RTX3060-O12G-V2', 'N82E16814126524']]"
14-137-671,MSI Ventus GeForce RTX 3070 8GB GDDR6 PCI Express 4.0 Video Card RTX 3070 Ventus 2X 8G OC LHR,MSI,4.7,49.0,447.0,0,https://c1.neweggimages.com/ProductImageCompressAll300/14-137-671-01.jpg,"[[' 1755 MHz', ' 7680 x 4320', ' 3 x DisplayPort 1.4a', ' 1 x HDMI 2.1', 'RTX 3070 Ventus 2X 8G OC LHR', 'N82E16814137671']]"
14-500-538,"ZOTAC GAMING GeForce RTX 4090 AMP Extreme AIRO DLSS 3 24GB GDDR6X 384-bit 21 Gbps PCIE 4.0 Gaming Graphics Card, IceStorm 3.0 Advanced Cooling, SPECTRA 2.0 RGB Lighting, ZT-D40900B-10P",ZOTAC,4.5,13.0,1629.99,0,https://c1.neweggimages.com/ProductImageCompressAll300/14-500-538-16.jpg,"[[' 3 x DisplayPort 1.4a', ' 1 x HDMI 2.1', ' 3.5-Slot', ' DirectX 12 Ultimate', 'ZT-D40900B-10P', 'N82E16814500538']]"
9SIB1PGFBY1632,ASUS GTX660 TI-DC2O-2GD5 G-SYNC Support GeForce GTX 660 Ti 2GB 192-Bit GDDR5 PCI Express 3.0 x16 HDCP Ready SLI Support Video Card,ASUS,4.5,147.0,299.0,0,https://c1.neweggimages.com/ProductImageCompressAll300/14-121-656-06.jpg,"[[' 967MHz', ' 1 x DisplayPort', ' 2 x DVI', ' 1 x HDMI', 'GTX660 TI-DC2O-2GD5']]"
9SIB1PGFBZ1034,"EVGA GeForce GTX 1070 GAMING ACX 3.0, 08G-P4-6171-KR, 8GB GDDR5, LED, DX12 OSD Support (PXOC)",EVGA,5,7.0,579.0,0,https://c1.neweggimages.com/ProductImageCompressAll300/14-487-249-S99.jpg,"[[' 1506 MHz', ' 7680 x 4320', ' 3 x DisplayPort 1.4', ' 1 x Dual-Link DVI-D', '08G-P4-6171-KR']]"
9SIB1PGFBX7953,"EVGA GeForce GTX 980 Ti 06G-P4-4990-KR 6GB GAMING, Whisper Silent Cooling Graphics Card",EVGA,4.6,8.0,465.0,0,https://c1.neweggimages.com/ProductImageCompressAll300/14-487-138-15.jpg,"[[' 1000 MHz', ' 4096 x 2160', ' 3 x DisplayPort', ' 1 x DVI-I', '06G-P4-4990-KR']]"
9SIB1PGG1Y2845,9M4KG 1322-00K0000 AMD Radeon HD7570 DVI Video Card 9M4KG PCI-EXPRESS VIDEO CARDS,AMD,,,114.0,0,https://c1.neweggimages.com/ProductImageCompressAll300/ACTN_1_201805151947323425.jpg,"[['9M4KG 1322-00K0000', '9SIB1PGG1Y2845']]"
9SIB9XKHY27944,"SAPLOS AMD Radeon R5 230 2GB 64 Bits GDDR3 VGA/DVI/HDMI Computer Graphics Card,PCI-Express 2.0,625MHz Core Frequency Desktop Video Card GPU for PC,Low Profile",SAPLOS,5,1.0,56.09,0,https://c1.neweggimages.com/ProductImageCompressAll300/B9XKS2206070LABUN03.jpg,"[[' 625 MHz', ' 1 x DVI', ' 1 x HDMI', ' 5.98in x 0.75in', 'R5 230-2G', '9SIB9XKHY27944']]"
9SIARPHJJP0898,"GIGABYTE GeForce RTX 2060 Super GAMING OC 8G Graphics Card, 3 x WINDFORCE Fans, 8GB 256-Bit GDDR6, GV-N206SGAMING OC-8GC Video Card",GIGABYTE,4.1,17.0,363.08,$49.99 Shipping,https://c1.neweggimages.com/ProductImageCompressAll300/14-932-173-V10.jpg,"[[' 1815 MHz', ' 7680 x 4320 @ 60 Hz', ' 3 x DisplayPort 1.4', ' 1 x HDMI 2.0b', 'GV-N206SGAMINGOC-8GC']]"
9SIB1PGJJH2869,GIGABYTE GeForce RTX 2060 6GB GDDR6 PCI Express 3.0 x16 ATX Video Card GV-N2060GAMINGOC PRO WHITE-6GD,GIGABYTE,3.8,10.0,695.0,0,https://c1.neweggimages.com/ProductImageCompressAll300/14-932-139-V07.jpg,"[[' 1830 MHz', ' 7680 x 4320 @ 60 Hz', ' 3 x DisplayPort 1.4', ' 1 x HDMI 2.0b', '2060GAMINGOCPROWH 6G']]"
9SIB1PGFBZ0189,PNY GeForce GTX 1080 Ti 11GB GDDR5X PCI Express 3.0 x16 Blower Edition Video Card VCGGTX1080T11PB-CG2,"PNY Technologies, Inc.",2.5,11.0,749.0,0,https://c1.neweggimages.com/ProductImageCompressAll300/14-133-651-V04.jpg,"[[' 7680 x 4320', ' 3 x DisplayPort 1.4', ' 1 x HDMI 2.0b', ' 10.51"" x 4.41""', 'VCGGTX1080T11PB-CG2']]"
9SIB1PGFBY3341,"GIGABYTE AORUS Xtreme GeForce GTX 1080 Ti Waterforce WB 11GD, GV-N108TAORUSX WB-11GD",GIGABYTE,4.1,34.0,935.0,0,https://c1.neweggimages.com/ProductImageCompressAll300/14-125-988-Z01.jpg,"[[' 1632 MHz (OC Mode)\n1607 MHz (Gaming Mode)', ' 3 x DisplayPort', ' 1 x Dual-Link DVI-D (Thin)', ' 3 x HDMI', 'GV-N108TAORUSXWB-11G']]"
9SIB601HYG7378,"Mannajue Radeon R9 370 4G War Wolf Video Card,AMD Chip,4GB 256-bit GDDR5,PCI Express 3.0,1×HDMI Interface, 1×DVI Interface,1×DisplayPort Interface",Mannajue,,,99.0,0,https://c1.neweggimages.com/ProductImageCompressAll300/B601S2206100L2HGS64.jpg,"[[' 860 MHz', ' 2560 x 1440', ' 1 x DisplayPort', ' 1 x DVI', 'MAN-R9', '9SIB601HYG7378']]"
9SIB1PGFBY5690,ASUS GTX770-DC2OC-2GD5 G-SYNC Support GeForce GTX 770 2GB 256-Bit GDDR5 PCI Express 3.0 HDCP Ready SLI Support Video Card,ASUS,4.1,195.0,330.0,0,https://c1.neweggimages.com/ProductImageCompressAll300/14-121-770-03.jpg,"[[' 1058 MHz', ' 4096 x 2160', ' 1 x DisplayPort', ' 1 x Native Dual-link DVI-I \n1 x Native Dual-link DVI-D', 'GTX770-DC2OC-2GD5']]"
9SIB1PGFBY6329,EVGA GeForce GTX 1060 6GB GDDR5 PCI Express 3.0 Video Card 06G-P4-6262-KR,EVGA,4.7,44.0,489.0,0,https://c1.neweggimages.com/ProductImageCompressAll300/14-487-280-V01.jpg,"[[' 1506 MHz', ' 7680 x 4320', ' 3 x DisplayPort 1.4', ' 1 x Dual-Link DVI-D', '06G-P4-6262-KR']]"
9SIB1PGH653832,"Gigabyte GV-N3080TURBO-10GD GeForce RTX 3080 Turbo 10G rev 2.0 LHR, 10GB GDDR6X, Extreme Durability Graphics Card",GIGABYTE,,,1190.0,0,https://c1.neweggimages.com/ProductImageCompressAll300/A3TBD211018UX9BC.jpg,[['QB0996Z13TJ']]
9SIB1PGG1Y2817,AMD Radeon R5 240 1GB DDR3 PCI-E x16 Low Profile Desktop Video Card,AMD,,,84.0,0,https://c1.neweggimages.com/ProductImageCompressAll300/AA4T_131207770103529162XVhQVzJnvS.jpg,"[[' AMD', 'F9P1R', '9SIB1PGG1Y2817']]"
9SIB1PGH884534,GeForce RTX 2070 Founders Edition 8GB GDDR6 PIC Express 3.1 Graphic Card – Turing GPU Architecture/Ray Tracing DLSS/1710 MHz/14 Gbps Memory Speed/4K HDR@60fps,NVIDIA,,,675.0,0,https://c1.neweggimages.com/ProductImageCompressAll300/A6V6_1318531677521156790fPNtw7uKD.jpg,"[[' 1710(OC) MHz', ' 7680x4320', ' 1 x DisplayPort 1.4a', ' 1 x DVI', 'B07JJ112J5']]"
9SIAYTVESH4426,ASUS GeForce RTX 2060 DUAL EVO 6 GB GDDR6 Graphics Card (DUAL-RTX2060-6G-EVO),ASUS,4.6,21.0,249.48,$49.99 Shipping,https://c1.neweggimages.com/ProductImageCompressAll300/1FT-000Y-00496-V04.jpg,"[[' OC Mode: 1395 MHz\nGaming Mode (Default): 1365 MHz', ' 7680 x 4320', ' 1 x DisplayPort 1.4', ' 1 x DVI-D', 'DUAL-RTX2060-6G-EVO']]"
9SIB1PGFBZ0316,"EVGA GeForce GTX 1080 FTW GAMING ACX 3.0, 08G-P4-6286-KR, 8GB GDDR5X, RGB LED, 10CM FAN, 10 Power Phases, Double BIOS, DX12 OSD Support (PXOC)",EVGA,4.5,375.0,598.0,0,https://c1.neweggimages.com/ProductImageCompressAll300/14-487-245-S99.jpg,"[[' 1721 MHz', ' 7680 x 4320', ' 3 x DisplayPort 1.4', ' 1 x Dual-Link DVI-D', '08G-P4-6286-KR']]"
9SIARPHJJS3837,"GIGABYTE GeForce GTX 1050 Ti OC Low Profile 4GB Video Card, GV-N105TOC-4GL",GIGABYTE,3.9,126.0,188.23,$49.99 Shipping,https://c1.neweggimages.com/ProductImageCompressAll300/14-125-952-Z01.jpg,"[[' 1328 MHz in OC Mode\n1303 MHz in Gaming Mode', ' 7680 x 4320', ' 1 x DisplayPort 1.4', ' 1 x Dual-link DVI-D', 'GBTGV-N105TOC-4GL']]"
9SIA4RE5X87772,CORN GTX750 Graphic Card 1GB 128 Bit DDR5 DirectX 12 Video Card GPU PCI Express3.0 16X DVI/VGA/HDMI,Corn Electronics,4,56.0,109.99,0,https://c1.neweggimages.com/ProductImageCompressAll300/1FT-0040-00004-S04.jpg,"[[' 1111 MHz', ' 4096 x 2160', ' 1 x DVI', ' 1 x HDMI', 'DZ-XK-003']]"
9SIB1PGFBW8544,NVIDIA GeForce Titan X (Pascal) (900-1G611-2500-000) 12GB 384-Bit GDDR5X PCI Express 3.0 HDCP Ready SLI Support Video Card,NVIDIA,,,795.0,0,https://c1.neweggimages.com/ProductImageCompressAll300/ADRA_131409119221213988TUfl8vohjP.jpg,"[[' 1417 MHz', ' 7680 x 4320', ' 3 x DisplayPort', ' 1 x DVI', '900-1G611-2500-000']]"
9SIARPHJT86290,MSI GeForce RTX 2080 TI GAMING X TRIO Video Card,MSI,4,57.0,691.69,$49.99 Shipping,https://c1.neweggimages.com/ProductImageCompressAll300/14-137-338-V19.jpg,"[[' 1350 MHz', ' 7680 x 4320', ' 3 x DisplayPort 1.4', ' 1 x HDMI 2.0b', 'RTX2080TI GAM X TRIO']]"
9SIB1PGFBY4083,"EVGA GeForce RTX 2080 Ti 11GB GDDR6 PCI Express 3.0 SLI Support BLACK EDITION GAMING Video Card, Dual HDB Fans & RGB LED 11G-P4-2281-KR",EVGA,4.4,81.0,1079.0,0,https://c1.neweggimages.com/ProductImageCompressAll300/14-487-418-V09.jpg,"[[' 7680 x 4320', ' 3 x DisplayPort 1.4', ' 1 x HDMI 2.0b', ' 10.60"" x 4.50""', '11G-P4-2281-KR']]"
14-500-554,"ZOTAC GAMING GeForce RTX 4070 Twin Edge OC Spider-Man: Across the Spider-Verse Inspired Graphics Card Bundle, ZT-D40700H-10SMP",ZOTAC,5,2.0,609.99,0,https://c1.neweggimages.com/ProductImageCompressAll300/14-500-554-V01.jpg,"[[' 7680 x 4320', ' 3 x DisplayPort 1.4a', ' 1 x HDMI 2.1a', ' 2.2 Slots', 'ZT-D40700H-10SMP', 'N82E16814500554']]"
14-137-475,MSI Ventus GeForce GTX 1660 SUPER 6GB GDDR6 PCI Express 3.0 x16 Video Card GTX 1660 SUPER VENTUS XS OC,MSI,4.6,362.0,239.99,0,https://c1.neweggimages.com/ProductImageCompressAll300/14-137-475-02.jpg,"[[' 7680 x 4320', ' 3 x DisplayPort 1.4a', ' 1 x HDMI 2.0b', ' 8.03"" x 5.04""', '1660SuperVentusXSOC', 'N82E16814137475']]"
9SIAPMXG032555,MSI Suprim GeForce RTX 3080 Ti 12GB GDDR6X PCI Express 4.0 ATX Video Card RTX 3080 Ti SUPRIM X 12G,MSI,5,14.0,1149.0,0,https://c1.neweggimages.com/ProductImageCompressAll300/14-137-660-V08.jpg,"[[' 7680 x 4320', ' 3 x DisplayPort 1.4a', ' 1 x HDMI 2.1', ' 13.23"" x 5.51""', 'RTX 3080 Ti SUPRIM X 12G']]"
14-126-643,"ASUS ROG Strix GeForce RTX 4070 OC Edition Gaming Graphics Card (PCIe 4.0, 12GB GDDR6X, DLSS 3, HDMI 2.1, DisplayPort 1.4a) ROG-STRIX-RTX4070-O12G-GAMING",ASUS,,,749.99,0,https://c1.neweggimages.com/ProductImageCompressAll300/14-126-643-06.png,"[[' 2640 MHz', ' 7680 x 4320', ' 3 x DisplayPort 1.4a', ' 2 x HDMI 2.1', 'ROG-STRIX-RTX4070-O12G-GAMING', 'N82E16814126643']]"
14-137-782,MSI Gaming Radeon RX 7900 XT 20GB GDDR6 PCI Express 4.0 ATX Video Card RX 7900 XT GAMING TRIO CLASSIC 20G,MSI,4.6,5.0,882.29,0,https://c1.neweggimages.com/ProductImageCompressAll300/14-137-782-08.jpg,"[[' 7680 x 4320', ' 3 x DisplayPort 2.1', ' 1 x HDMI 2.1', ' DirectX 12 Ultimate', 'RX 7900 XT GAMING TRIO CLASSIC 20G', 'N82E16814137782']]"
14-932-619,"GIGABYTE GeForce RTX 4060 Ti EAGLE OC 8G Graphics Card, 3x WINDFORCE Fans, 8GB 128-bit GDDR6, GV-N406TEAGLE OC-8GD Video Card",GIGABYTE,,,409.99,0,https://c1.neweggimages.com/ProductImageCompressAll300/14-932-619-01.jpg,"[[' 2550 MHz', ' 7680 x 4320', ' 2 x DisplayPort', ' 2 x HDMI', 'GV-N406TEAGLE OC-8GD', 'N82E16814932619']]"
9SIB1PGFBZ0572,MSI GeForce GTX 1080 Ti 11GB GDDR5X PCI Express 3.0 x16 SLI Support Video Card GeForce GTX 1080 TI ARMOR 11G OC,MSI,2.9,71.0,749.0,0,https://c1.neweggimages.com/ProductImageCompressAll300/14-137-111-Z01.jpg,"[[' 1531 MHz', ' 2 x DisplayPort', ' 1 x DL-DVI-D', ' 2 x HDMI', 'GTX1080TiARMOR11GOC']]"
9SIB1PGFBZ2233,GIGABYTE AORUS GeForce GTX 1080 Ti 11GB GDDR5X PCI Express 3.0 x16 SLI Support ATX Video Card GV-N108TAORUS-11GD,GIGABYTE,4.2,128.0,749.0,0,https://c1.neweggimages.com/ProductImageCompressAll300/14-125-954-Z01.jpg,"[[' OC Mode: 1594 MHz\nGaming Mode: 1569 MHz', ' 7680 x 4320', ' 3 x DisplayPort 1.4', ' 1 x Dual-Link DVI-D', 'GV-N108TAORUS-11GD']]"
9SIAPMXFY23661,"GIGABYTE GeForce RTX 3060 Eagle OC 12G (REV2.0) Graphics Card, 2X WINDFORCE Fans, 12GB 192-bit GDDR6, GV-N3060EAGLE OC-12GD REV2.0 Video Card,LHR",GIGABYTE,4.9,9.0,399.98,0,https://c1.neweggimages.com/ProductImageCompressAll300/APBUD210706DUU26.jpg,"[[' 242 x 124 mm', ' Recommended PSU: 550W', ' 550W', ' 1 x 8-Pin', 'B-GV-N3060EAGLE-12GD']]"
9SIARPHJRH2086,"GIGABYTE GeForce RTX 3060 GAMING OC 12G Graphics Card, 3 x WINDFORCE Fans, 12GB 192-bit GDDR6, GV-N3060GAMING OC-12GD Video Card",GIGABYTE,5,1.0,390.0,$49.99 Shipping,https://c1.neweggimages.com/ProductImageCompressAll300/AVT8D2104146F6BK.jpg,[['GV-N3060GAMINGOC-']]
9SIB1PGJ9U6138,SAPPHIRE NITRO+ Radeon RX Vega 64 8GB HBM2 PCI Express 3.0 ATX Video Card 100410NT+LESR,Sapphire Tech,5,2.0,659.0,0,https://c1.neweggimages.com/ProductImageCompressAll300/14-202-306-V01.jpg,"[[' 1423 MHz', ' 5120 x 2880', ' 2 x DisplayPort 1.4', ' 2 x HDMI', '100410NT+LESR']]"
9SIB1PGG1Y2680,"EVGA GeForce GTX 950 02G-P4-2958-KR 2GB FTW GAMING, Silent Cooling Gaming Graphics Card",EVGA,4.3,43.0,335.0,0,https://c1.neweggimages.com/ProductImageCompressAll300/14-487-159-09.jpg,"[[' 1203 MHz', ' Analog: 2048 x 1536\nDigital: 4096 x 2160', ' 3 x DisplayPort 1.2', ' 1 x Dual-link DVI-I', '02G-P4-2958-KR']]"
9SIB1PGJJF0485,MSI GeForce RTX 2080 Ti 11GB GDDR6 PCI Express 3.0 x16 SLI Support Video Card RTX 2080 TI LIGHTNING Z,MSI,4.3,3.0,1079.0,0,https://c1.neweggimages.com/ProductImageCompressAll300/14-137-388-V01.jpg,"[[' 7680 x 4320', ' 3 x DisplayPort 1.4', ' 1 x HDMI 2.0b', ' 12.91"" x 5.63""', 'RTX 2080TILIGHTNINGZ']]"
9SIB1PGH8T1629,GIGABYTE GV-R587D5-1GD-B Radeon HD 5870 (Cypress XT) 1GB 256-bit GDDR5 PCI Express 2.0 x16 HDCP Ready CrossFire Supported Video Card w/ATI Eyefinity,GIGABYTE,5,17.0,329.0,0,https://c1.neweggimages.com/ProductImageCompressAll300/14-125-299-03.jpg,"[[' 850 MHz', ' 2560 x 1600', ' 1 x DisplayPort', ' 2 x DVI', 'GV-R587D5-1GD-B']]"
9SIB1PGFBW9588,MSI Gaming GeForce GTX 1080 8GB GDDR5X SLI DirectX 12 VR Ready Graphics Card (GTX 1080 GAMING X 8G),MSI,,,598.0,0,https://c1.neweggimages.com/ProductImageCompressAll300/A73M_131792246949316701A5b1Fc3rt5.jpg,"[[' 1708 MHz (OC Mode) 1683 MHz (Gaming Mode) 1607 MHz (Silent Mode)', ' 7680 x 4320', ' 3 x DisplayPort 1.4', ' 1 x HDMI 2.0', 'M-GTX 1080 GAMING X']]"
9SIB1PGFBZ2270,ASUS Radeon R9 390 8GB GDDR5 PCI Express 3.0 Video Card STRIX-R9390-DC3OC-8GD5-GAMING,ASUS,3.5,72.0,399.0,0,https://c1.neweggimages.com/ProductImageCompressAll300/14-121-974-11.jpg,"[[' 1070 MHz (OC Mode)\r\n1050 MHz (Gaming Mode)', ' 4096 x 2160', ' 3 x DisplayPort', ' 1 x DVI-D', 'STRIX-R9390-DC3OC-8G', '9SIB1PGFBZ2270']]"
9SIB1PGFBY2493,XFX Radeon HD 5770 (Juniper XT) 1GB GDDR5 PCI Express 2.1 x16 CrossFireX Support Video Card HD-577A-ZNFC,XFX,4.1,985.0,268.0,0,https://c1.neweggimages.com/ProductImageCompressAll300/14-150-447-13.jpg,"[[' 850 MHz', ' 2560 x 1600', ' 1 x DisplayPort', ' 2 x DVI', 'HD-577A-ZNFC', '9SIB1PGFBY2493']]"
9SIB1PGFBY9503,"EVGA GeForce GTX 1080 FTW DT GAMING ACX 3.0, 8GB GDDR5X, RGB LED, 10CM FAN, 10 Power Phases, DX12, 08G-P4-6284-KR",EVGA,4.4,50.0,598.0,0,https://c1.neweggimages.com/ProductImageCompressAll300/14-487-252-S99.jpg,"[[' 1607 MHz', ' 7680 x 4320', ' 3 x DisplayPort 1.4', ' 1 x Dual-Link DVI-D', '08G-P4-6284-KR']]"
9SIA4A0JGG0810,Dell AMD Radeon HD8570 1GB PCIe DVI/DisplayPort Video Graphics Card - 8HW0R,DELL,,,88.38,0,https://c1.neweggimages.com/ProductImageCompressAll300/A78Y_131086741203958925XkRdLadzut.jpg,"[[' 730 MHz', ' 1 x DisplayPort', ' 1 x DVI', ' Single Slot', '8HW0R']]"
9SIB1PGFC01269,NVIDIA GeForce GTX 1070 8GB Founders Edition GDDR5 PCI Express 3.0 Graphics Card,NVIDIA,,,579.0,0,https://c1.neweggimages.com/ProductImageCompressAll300/A6V6_131854924755517480tHMI8JIQcF.jpg,"[[' 1506 Mhz', ' 1683 Mhz', ' 1920 Cores', ' OpenGL 4.5', 'B07F7LRXGT']]"
9SIA7ABJNP6682,PNY GeForce RTX 3080 10GB XLR8 Gaming Revel Epic-X RGB Triple Fan Graphics Card LHR,"PNY Technologies, Inc.",,,949.0,Special Shipping,https://c1.neweggimages.com/ProductImageCompressAll300/A6KXS2110159D0B0.jpg,"[[' 294 mm', 'VCG308010LTFXPPB']]"
9SIB1PGFBW6075,"NVIDIA Quadro FX 3800 by PNY 1GB GDDR3 PCI Express Gen 2 x16 DVI-I DL Dual DisplayPort and Stereo OpenGL, DirectX, CUDA, and OpenCL Profesional Graphics Board, VCQFX3800-PCIE-PB",NVIDIA,,,152.0,0,https://c1.neweggimages.com/ProductImageCompressAll300/AFCN_1_20180117239682624.jpg,[['0017-7C0023B133M']]
9SIB1PGFBY3375,PNY GeForce RTX 2080 Ti 11GB Blower Graphics Card,"PNY Technologies, Inc.",,,1079.0,0,https://c1.neweggimages.com/ProductImageCompressAll300/14-133-544-V05.jpg,"[[' 1350 MHz', ' 7680 x 4320', ' 3 x DisplayPort 1.4', ' 1 x HDMI 2.0b', 'VCG2080T11BLMPB']]"
9SIA4A04KZ0733,HP Radeon HD 8350 1GB DDR3 PCI Express 3.0 x16 Low Profile Video Card E1C63AA,HP,3.7,3.0,77.51,0,https://c1.neweggimages.com/ProductImageCompressAll300/14-196-076-02.jpg,"[[' 2560 x 1600', ' 6.15"" x 2.72""', ' DirectX 11', ' AMD', 'E1C63AA', '9SIA4A04KZ0733']]"
9SIAYTVH699128,GIGABYTE Gaming GeForce RTX 3070 Ti 8GB GDDR6X PCI Express 4.0 x16 ATX Video Card GV-N307TGAMING OC-8GD,GIGABYTE,,,609.99,$49.99 Shipping,https://c1.neweggimages.com/ProductImageCompressAll300/APNMD21080113O7DP.jpg,[['N307TG-OC-8GD-S2']]
9SIAZUEGSX6359,Yeston GT730 4GB GDDR3  128bit  PCIExpress 2.0 DirectX11 Single Slot 4*HDMI compatible graphics card of Desktop,yeston,,,119.0,0,https://c1.neweggimages.com/ProductImageCompressAll300/AZUES2201015Tpuv.jpg,"[[' 993 MHz', ' 4096 x 2160', ' 4 x HDMI', ' Single Slot', 'GT730-4G 4HDMI G', '9SIAZUEGSX6359']]"
9SIAYTVGZS4184,"ASUS ATS-RTX3060-O12G-GAMING (LHR) Video Card,12GB 192-bit GDDR6 PCI Express 4.0,1777MHz Core Frequency,2×HDMI2.1 Interface, 3×DisplayPort1.4a Interface",ASUS,,,399.99,$49.99 Shipping,https://c1.neweggimages.com/ProductImageCompressAll300/A4RES2111160FOPDO33.jpg,"[[' 7680 x 4320', ' 3 x DisplayPort 1.4a', ' 2 x HDMI 2.1', ' 268 x 136 mm', 'ASUS ATS-RTX3060-O12G-GAMING LHR']]"
9SIASGMH9Y3923,"GIGABYTE GeForce RTX 3060 VISION OC 12G Graphics Card, 3 x WINDFORCE Fans, 12GB 192-bit GDDR6, GV-N3060VISION OC-12GD Video Card",GIGABYTE,5,28.0,416.99,0,https://c1.neweggimages.com/ProductImageCompressAll300/14-932-401-V02.jpg,"[[' 7680 x 4320', ' 2 x DisplayPort 1.4a', ' 2 x HDMI 2.1', ' 11.02"" x 4.57""', 'GV-N3060VISIONOC12GD']]"
9SIAY2WK0A4994,MSI GeForce GTX 1080 8GB GDDR5X PCI Express 3.0 x16 SLI Support ATX Video Card GTX 1080 GAMING X 8G,MSI,4.3,145.0,491.73,$49.99 Shipping,https://c1.neweggimages.com/ProductImageCompressAll300/14-127-943-S99.jpg,"[[' 1708 MHz (OC Mode)\n1683 MHz (Gaming Mode)\n1607 MHz (Silent Mode)', ' 7680 x 4320', ' 3 x DisplayPort 1.4', ' 1 x DL-DVI-D', 'GTX 1080 GAMING X 8G']]"
9SIARPHJTY1321,ASUS ROG GeForce GTX 1080 Ti 11GB GDDR5X PCI Express 3.0 Video Card STRIX-GTX1080TI-O11G-GAMING,ASUS,4.5,167.0,602.48,$49.99 Shipping,https://c1.neweggimages.com/ProductImageCompressAll300/14-126-186-V01.jpg,"[[' 1594 MHz (OC mode)\n1569 MHz (Gaming mode)', ' 7680 x 4320', ' 2 x DisplayPort 1.4', ' 1 x DVI-D', 'STRIX1080TIO11GAMING']]"
9SIB1PGFBY4788,"EVGA GeForce GTX 1060 GAMING, ACX 2.0 (Single Fan), 06G-P4-6161-KR, 6GB GDDR5, DX12 OSD Support (PXOC), Only 6.8 Inches",EVGA,4.1,71.0,489.0,0,https://c1.neweggimages.com/ProductImageCompressAll300/14-487-260-S99.jpg,"[[' 1506 MHz', ' 7680 x 4320', ' 3 x DisplayPort 1.4', ' 1 x Dual-Link DVI-D', '06G-P4-6161-KR']]"
9SIB1PGFBY3966,"EVGA GeForce RTX 2080 SUPER FTW3 ULTRA GAMING Video Card, 08G-P4-3287-KR, 8GB GDDR6, iCX2 Technology, RGB LED, Metal Backplate",EVGA,4.6,48.0,849.0,0,https://c1.neweggimages.com/ProductImageCompressAll300/14-487-466-V10.jpg,"[[' 7680 x 4320', ' 3 x DisplayPort 1.4', ' 1 x HDMI 2.0b', ' 11.89"" x 5.48""', '08G-P4-3287-KR']]"
14-202-424,SAPPHIRE PULSE Radeon RX 6700 10GB GDDR6 PCI Express 4.0 ATX Video Card 11321-02-20G,Sapphire Tech,4.5,61.0,329.99,0,https://c1.neweggimages.com/ProductImageCompressAll300/14-202-424-01.jpg,"[[' 7680 x 4320', ' 3 x DisplayPort 1.4', ' 1 x HDMI 2.1', ' 10.24"" x 4.72""', '11321-02-20G', 'N82E16814202424']]"
14-131-791,PowerColor Fighter Radeon RX 6600 8GB GDDR6 PCI Express 4.0 ATX Video Card AXRX 6600 8GBD6-3DH,PowerColor,4.5,17.0,189.99,0,https://c1.neweggimages.com/ProductImageCompressAll300/14-131-791-07.jpg,"[[' 7680 x 4320', ' 3 x DisplayPort 1.4', ' 1 x HDMI 2.1', ' 7.87"" x 4.37""', 'AXRX 6600 8GBD6-3DH', 'N82E16814131791']]"
9SIBN7EJWF0587,GIGABYTE AORUS GeForce RTX 4090 24GB GDDR6X PCI Express 4.0 x16 ATX Video Card GV-N4090AORUS M-24GD,GIGABYTE,4.7,35.0,2249.99,0,https://c1.neweggimages.com/ProductImageCompressAll300/14-932-555-25.jpg,"[[' 7680 x 4320', ' 3 x DisplayPort 1.4', ' 1 x HDMI 2.1', ' DirectX 12 Ultimate', 'GV-N4090AORUS M-24GD']]"
14-126-663,"ASUS ProArt GeForce RTX 4070 Ti 12GB OC Edition GDDR6X Graphics Card (PCIe 4.0, 12GB GDDR6X, DLSS 3, HDMI 2.1a, DisplayPort 1.4a) PROART-RTX4070TI-O12G",ASUS,,,839.99,0,https://c1.neweggimages.com/ProductImageCompressAll300/14-126-663-09.png,"[[' 2310 MHz', ' 7680 x 4320', ' 3 x DisplayPort 1.4a', ' 1 x HDMI 2.1a', 'PROART-RTX4070TI-O12G', 'N82E16814126663']]"
9SIAZUEHCM8909,Yeston RTX 3060 12GB GDDR6 LHR Graphics cards Nvidia pci express x16 4.0 video cards Desktop computer PC video gaming graphics card,yeston,4.5,2.0,329.0,0,https://c1.neweggimages.com/ProductImageCompressAll300/AZUES220410u8dBJ.jpg,"[[' 1320 MHz', ' 7680 x 4320', ' 3 x DisplayPort', ' 1 x HDMI', 'RTX3060-12G D6 LB', '9SIAZUEHCM8909']]"
9SIB601H104048,GTX750Ti 2GB 128Bit GDDR5 Graphic Card Video Card GPU DirectX 12 PCI Express2.0 x16 DVI/VGA/HDMI,LISM,3,1.0,89.99,0,https://c1.neweggimages.com/ProductImageCompressAll300/B601S220220SS94F.jpg,"[[' 928HMz', ' 1928*1080', ' 1 x DisplayPort', ' 1 x DVI', 'NEW750ti2GB', '9SIB601H104048']]"
9SIAPNMGCV5902,MSI GeForce GTX 1650 SUPER 4GB GDDR6 PCI Express 3.0 x16 Video Card GTX 1650 Super Ventus XS OC,MSI,4.7,46.0,257.95,$49.99 Shipping,https://c1.neweggimages.com/ProductImageCompressAll300/14-137-485-01.jpg,"[[' 7680 x 4320', ' 1 x DisplayPort 1.4', ' 1 x DL-DVI-D', ' 1 x HDMI 2.0b', '1650SuperVentusXSOC']]"
9SIB1PGJAB2321,NVIDIA TITAN RTX 24GB GDDR6 PCI Express 3.0 x16 Video Card 900-1G150-2500-000 SB,NVIDIA,,,2150.0,0,https://c1.neweggimages.com/ProductImageCompressAll300/AWFGD21111407I0SK7E.jpg,"[['shoudong1', '9SIB1PGJAB2321']]"
9SIB86XJ821061,51RISC New Graphics Cards RTX3060 12G Game GDDR6 GPU Computer PC 192bit DP*3 PCI Express X16 4.0 Gaming Video Card,51Risc,,,409.0,0,https://c1.neweggimages.com/ProductImageCompressAll300/B86XS2209290L03PJD7.jpg,"[[' 1320 MHz', ' 3 x DisplayPort', ' 1 x HDMI', ' NVIDIA', 'JP306012G', '9SIB86XJ821061']]"
9SIBMWJJX13499,GIGABYTE GeForce GTX 1650 4GB GDDR6 PCI Express 3.0 x16 ATX Video Card GV-N1656WF2OC-4GD,GIGABYTE,4.6,17.0,129.49,$49.99 Shipping,https://c1.neweggimages.com/ProductImageCompressAll300/14-932-286-65.jpg,"[[' 1710 MHz', ' 7680 x 4320 @ 60 Hz', ' 1 x DisplayPort 1.4', ' 1 x DVI-D', 'GV-N1656WF2OC-4GD']]"
9SIB1PGFBY4755,MSI GeForce GTX 1060 6GT OC GDDR5 6GB Dual Fan OC,MSI,4.4,13.0,489.0,0,https://c1.neweggimages.com/ProductImageCompressAll300/14-127-965-S99.jpg,"[[' 1544 MHz', ' 1 x DisplayPort', ' 1 x DL-DVI-D', ' 1 x HDMI', 'GTX 1060 6GT OC']]"
9SIB1PGFBY9438,"EVGA GeForce GTX 960 02G-P4-2962-KR 2GB SC GAMING, Only 6.8 inches, Perfect for mITX Build Graphics Card",EVGA,4.8,50.0,329.0,0,https://c1.neweggimages.com/ProductImageCompressAll300/14-487-093-09.jpg,"[[' 1216 MHz', ' Analog: 2048 x 1536\nDigital: 4096 x 2160', ' 1 x DisplayPort 1.2', ' 1 x Dual-link DVI-I\n1 x Dual-link DVI-D', '02G-P4-2962-KR']]"
9SIB1PGFBZ2427,"ZOTAC GeForce GTX 1080 Mini, ZT-P10800H-10P, 8GB GDDR5X IceStorm Cooling, Dual Fans, 90mm Pressure Optimized Fan, 100mm Maximum Airflow Optimized Fan, Direct GPU Copper Block Contact, Metal Back Plate",ZOTAC,4.2,57.0,695.0,0,https://c1.neweggimages.com/ProductImageCompressAll300/14-500-414-S99.jpg,"[[' 1620 MHz', ' 3 x DisplayPort 1.4', ' 1 x DL-DVI-D', ' 1 x HDMI 2.0b', 'ZT-P10800H-10P']]"
9SIB1PGFBZ7574,New Dell NVIDIA Quadro 5000 2.5GB 320bit GDDR5 2560x1600 PCI-E 2.0 x16 Video Graphic Card YMYKM? 0YMYKM CN-0YMYKM,DELL,,,289.0,0,https://c1.neweggimages.com/ProductImageCompressAll300/A9AX_131871339702931557kcXe9VS2WS.jpg,"[[' NVIDIA', ' 2.5 GB', 'YMYKM_1', '9SIB1PGFBZ7574']]"
9SIAPNMJ720871,"GIGABYTE GeForce GTX 1050 Ti D5 4G (OEM)Graphics Card, 4GB 128-bit GDDR5 PCI Express 3.0 x16, 1430MHz Core Frequency, 1×HDMI , 1×DVI , 1×DisplayPort",GIGABYTE,,,128.95,$49.99 Shipping,https://c1.neweggimages.com/ProductImageCompressAll300/A4RES211101CE639.jpg,[['GIGABYTE GeForce GTX 1050 Ti D5 4G']]
9SIB1PGGS91130,AMD Radeon Pro V340 Fanless 32GB HBM2 Radeon Pro V340 Video Graphic Card GPU - OEM,AMD,,,2150.0,0,https://c1.neweggimages.com/ProductImageCompressAll300/ADFRD2107088HR06.jpg,"[[' AMD', 'Radeon Pro V340 New', '9SIB1PGGS91130']]"
9SIAXZZJ8G4959,"MAXSUN AMD Radeon RX 550 4GB Video Graphics Card GPU For Computer PC Gaming GDDR5 ITX 128-Bit DirectX 12 PCI Express X16 3.0 DVI-D Dual Link, HDMI, DisplayPort",MAXSUN,,,115.99,0,https://c1.neweggimages.com/ProductImageCompressAll300/AXZZS2205060CIUISB5.jpg,"[[' 1100 MHz', ' 7680 x 4320', ' 1 x DisplayPort 1.4a', ' 1 x DVI', 'MS-RX550 TRANSFORMER 4G']]"
9SIAYTVEYC9497,MSI Ventus GeForce GTX 1650 4GB GDDR5 PCI Express 3.0 x16 Video Card GTX 1650 VENTUS XS 4G OC,MSI,4.4,64.0,136.98,$49.99 Shipping,https://c1.neweggimages.com/ProductImageCompressAll300/14-137-415-Z02.jpg,"[[' 7680 x 4320', ' 1 x DisplayPort 1.4', ' 1 x DL-DVI-D', ' 1 x HDMI 2.0b', 'GTX1650VentusXS4GOC']]"
9SIAYE8JSM3567,MSI GeForce GT 1030 DirectX 12 2GB 64-Bit DDR4 PCI Express 3.0 x16 (Uses x4) HDCP Ready Low Profile Video Card Model GT 1030 2GD4 LP OC,MSI,,,128.5,0,https://c1.neweggimages.com/ProductImageCompressAll300/AG7R_131995257993292138QxPeKvN5jl.jpg,"[[' 1189 MHz', ' 1 x DisplayPort', ' 1 x HDMI', ' 5.91"" x 2.72""', 'M*2GD4 LP OC']]"
9SIAUNCK0W0787,MSI GeForce GTX 1660 SUPER 6GB GDDR6 PCI Express 3.0 x16 Video Card GTX 1660 SUPER GAMING,MSI,4.9,7.0,227.79,$49.99 Shipping,https://c1.neweggimages.com/ProductImageCompressAll300/14-137-556-V01.jpg,"[[' 7680 x 4320', ' 3 x DisplayPort 1.4', ' 1 x HDMI 2.0b', ' 9.72"" x 5.00""', 'GTX 1660 SUPER GAMIN']]"
9SIARPHJJS3700,"GIGABYTE Radeon RX 5600 XT WINDFORCE OC 6G Graphics Card, 2 x WINDFORCE Fans, 6GB 192-Bit GDDR6, GV-R56XTWF2OC-6GD Video Card",GIGABYTE,3.1,22.0,411.14,$49.99 Shipping,https://c1.neweggimages.com/ProductImageCompressAll300/14-932-246-S01.jpg,"[[' 7680 x 4320 @ 60 Hz', ' 3 x DisplayPort 1.4', ' 1 x HDMI 2.0b', ' 8.98"" x 4.65""', 'GV-R56XTWF2OC-6GD']]"
9SIB11NJ712663,ASUS GeForce RTX 2060 Advanced Overclocked 6G GDDR6 Dual-Fan EVO Edition VR Ready HDMI DisplayPort DVI Graphics Card (DUAL-RTX2060-A6G-EVO),ASUS,,,369.99,$7.99 Shipping,https://c1.neweggimages.com/ProductImageCompressAll300/14-126-350-V01.jpg,"[[' OC Mode: 1395 MHz\nGaming Mode (Default): 1365 MHz', ' 7680 x 4320', ' 1 x DisplayPort 1.4', ' 1 x DVI-D', 'DUAL-RTX2060-A6G-EVO']]"
9SIAH8WJ4R9923,CN-0NJ0D3 Radeon HD7570 Genuine Dell AMD 1GB GDDR5 128-BIT DVI PCI-E X16 Video Card NJ0D3 PCI-EXPRESS Video Cards - OEM,DELL,1,1.0,50.96,0,https://c1.neweggimages.com/ProductImageCompressAll300/ACTN_1_20181118305367437.jpg,[['CN-0NJ0D3 Radeon']]
9SIARXHF4P3205,MQX GeForce GT 730 4GB DDR3 PCI Express 2.0 X16 DVI VGA HDMI PCIe Graphics Card+Low profile Bracket,,,,69.99,0,https://c1.neweggimages.com/ProductImageCompressAll300/ARXHS210805gGJPH.jpg,"[[' NVIDIA', ' NVIDIA GeForce GT 730 4GB', 'GT730 4G', '9SIARXHF4P3205']]"
9SIBGFDJP64816,ASUS TUF Gaming GeForce RTX 3070 V2 OC Edition 8GB GDDR6 PCI Express 4.0 Video Card TUF-RTX3070-O8G-V2-GAMING (LHR),ASUS,4.7,38.0,472.99,$46.00 Shipping,https://c1.neweggimages.com/ProductImageCompressAll300/14-126-519-01.jpg,"[[' 7680 x 4320', ' 3 x DisplayPort 1.4a', ' 2 x HDMI 2.1', ' 11.81"" x 5.00""', 'TUF-3070-O8G-V2-GAM']]"
9SIASGMJNZ3475,GIGABYTE Eagle OC GeForce RTX 3060 Ti 8GB GDDR6 PCI Express 4.0 ATX Video Card GV-N306TEAGLE OC-8GD (rev. 2.0) (LHR),GIGABYTE,4.7,32.0,459.99,0,https://c1.neweggimages.com/ProductImageCompressAll300/14-932-455-01.jpg,"[[' 1695 MHz', ' 7680 x 4320', ' 2 x DisplayPort 1.4a', ' 2 x HDMI 2.1', 'GV-N306TEAGLE OC-8GD']]"
9SIAMFBJGA2919,ZOTAC GeForce GTX 1650 AMP Core 4GB GDDR6 PCI Express 3.0 Video Card ZT-T16520J-10L,ZOTAC,,,169.99,0,https://c1.neweggimages.com/ProductImageCompressAll300/AMFBS2207121C0CN00B.jpg,"[[' 1 x DisplayPort 1.4', ' Dual Link DVI-D', ' 1 x HDMI 2.0b', ' 6.39"" x 4.54""', 'ZT-T16520J-10L']]"
9SIARPHJRH3394,GIGABYTE AORUS GeForce RTX 3070 Ti 8GB GDDR6X PCI Express 4.0 x16 ATX Video Card GV-N307TAORUS M-8GD,GIGABYTE,3.5,2.0,659.0,$49.99 Shipping,https://c1.neweggimages.com/ProductImageCompressAll300/AYTVD210628CQ8JR.jpg,"[[' With Fan', 'GV-N307TAORUSM-8GD1']]"
9SIA4A0F4B5943,FOR Dell ATI Radeon HD 2400 Pro 256MB Low Profile Video Card YP477 XX347,,,,48.64,Special Shipping,https://c1.neweggimages.com/ProductImageCompressAll300/A575_132144184812455816V4QX9uOeeU.jpg,"[['40215', '9SIA4A0F4B5943']]"
9SIB1PGFBX4248,PNY Quadro K1200 Graphic Card - 4 GB GDDR5 - Low-profile - Single Slot Space Req,"PNY Technologies, Inc.",,,198.0,0,https://c1.neweggimages.com/ProductImageCompressAll300/A575_131691893350108993iTg6h76XKD.jpg,"[[' 4096 x 2160', ' DirectX 12', ' NVIDIA', ' 512 Cores', 'TTIVDO78', '9SIB1PGFBX4248']]"
14-126-623,"ASUS Phoenix NVIDIA GeForce GTX 1650 Gaming Graphics Card (PCIe 3.0, 4GB GDDR6 memory, HDMI 2.0b, DisplayPort 1.4a, DVI-D, Dual ball fan bearings, Auto-Extreme) PH-GTX1650-4GD6-P-V2",ASUS,,,174.99,0,https://c1.neweggimages.com/ProductImageCompressAll300/14-126-623-01.jpg,"[[' 7680 x 4320', ' 1 x DisplayPort 1.4a', ' 1 x DVI', ' 1 x HDMI 2.0b', 'PH-GTX1650-4GD6-P-V2', 'N82E16814126623']]"
9SIB1PGFBY0752,ASUS Dual GeForce GTX 1070 8GB GDDR5 PCI Express 3.0 SLI Support Video Card DUAL-GTX1070-O8G,ASUS,4.1,69.0,579.0,0,https://c1.neweggimages.com/ProductImageCompressAll300/14-126-119-S99.jpg,"[[' OC Mode: 1607 MHz\nGaming Mode (Default): 1582 MHz', ' 7680 x 4320', ' 2 x DisplayPort 1.4', ' 1 x DVI-D', 'DUAL-GTX1070-O8G']]"
9SIBBCDJZC9732,"EVGA GeForce GTX 1070 SC GAMING ACX 3.0, 08G-P4-6173-KR, 8GB GDDR5, LED, DX12 OSD Support (PXOC)",EVGA,4.6,268.0,510.0,0,https://c1.neweggimages.com/ProductImageCompressAll300/14-487-248-S99.jpg,"[[' 1594 MHz', ' 7680 x 4320', ' 3 x DisplayPort 1.4', ' 1 x Dual-Link DVI-D', '08G-P4-6173-KR']]"
14-502-021,NVIDIA T1000 - graphics card - T1000 - 8 GB,Lenovo,,,485.99,0,https://c1.neweggimages.com/ProductImageCompressAll300/14-502-021-01.jpg,"[[' DirectX 12.1', ' 128-Bit', ' OpenGL 4.6', ' 50W', '4X61J52233', 'N82E16814502021']]"
14-126-612,"ASUS Dual NVIDIA GeForce RTX 3060 Ti OC Edition Graphics Card (PCIe 4.0, 8GB GDDR6X memory, HDMI 2.1, DisplayPort 1.4a, 2-slot design, Axial-tech fan design, 0dB technology) DUAL-RTX3060TI-O8GD6X",ASUS,3.8,4.0,359.99,0,https://c1.neweggimages.com/ProductImageCompressAll300/14-126-612-11.jpg,"[[' 1410 MHz', ' 7680 x 4320', ' 3 x DisplayPort 1.4a', ' 1 x HDMI 2.1', 'DUAL-RTX3060TI-O8GD6X', 'N82E16814126612']]"
14-500-555,"ZOTAC GAMING GeForce RTX 4060 Ti 8GB Twin Edge DLSS 3 8GB GDDR6 128-bit 18 Gbps PCIE 4.0 Compact Gaming Graphics Card, IceStorm 2.0 Advanced Cooling, SPECTRA RGB Lighting, ZT-D40610E-10M",ZOTAC,5,2.0,399.99,0,https://c1.neweggimages.com/ProductImageCompressAll300/14-500-555-02.jpg,"[[' 7680 x 4320', ' 3 x DisplayPort 1.4a', ' 1 x HDMI 2.1a', ' 2.2 Slots', 'ZT-D40610E-10M', 'N82E16814500555']]"
9SIAYTVH6A3705,NVIDIA GeForce RTX 3060 Ti Founders Edition 8GB,NVIDIA,,,549.99,$49.99 Shipping,https://c1.neweggimages.com/ProductImageCompressAll300/ARUXS21110907DZI696.jpg,[['NVIDIA GeForce RTX 3060 Ti Founders']]
14-932-626,"GIGABYTE AORUS GeForce RTX 4060 ELITE 8G Graphics Card, 3x WINDFORCE Fans, 8GB 128-bit GDDR6, GV-N4060AORUS E-8GD Video Card",GIGABYTE,,,349.99,0,https://c1.neweggimages.com/ProductImageCompressAll300/14-932-626-06.jpg,"[[' 7680 x 4320', ' 2 x DisplayPort', ' 2 x HDMI', ' 2.5 Slots', 'GV-N4060AORUS E-8GD', 'N82E16814932626']]"
14-500-547,"ZOTAC GAMING GeForce RTX 3070 Ti 8GB GDDR6X 256-bit 19 Gbps PCIE 4.0 Gaming Graphics Card, IceStorm 2.0 Advanced Cooling, SPECTRA 2.0 RGB Lighting, ZT-A30710Q-10P",ZOTAC,4.8,5.0,558.91,0,https://c1.neweggimages.com/ProductImageCompressAll300/14-500-547-09.jpg,"[[' 7680 x 4320', ' 3 x DisplayPort 1.4a', ' 1 x HDMI 2.1', ' 2.5 Slot', 'ZT-A30710Q-10P', 'N82E16814500547']]"
9SIARPHJJR0688,ASUS TUF Gaming GeForce GTX 1650 4GB GDDR6 PCI Express 3.0 Video Card TUF-GTX1650-4GD6-GAMING,ASUS,5,2.0,150.0,$49.99 Shipping,https://c1.neweggimages.com/ProductImageCompressAll300/AHEBS210104Ss1pJ.jpg,"[[' 1410 MHz', ' 7680 x 4320', ' 1 x DisplayPort 1.4', ' 1 x DVI-D', 'TUF-GTX1650-4GD6-GAM']]"
9SIASGMJPA7551,GIGABYTE GeForce GT 1030 OC GDDR5 DirectX 12 GV-N1030OC-2GI 2GB 64-Bit PCI Express 3.0 x16 Video Card,GIGABYTE,5,2.0,109.98,0,https://c1.neweggimages.com/ProductImageCompressAll300/AWZTS210406kbfx3.jpg,"[[' 1290 MHz in OC Mode, 1265 MHz in Gaming Mode', ' 4096 x 2160', ' 1 x DVI-D', ' 1 x HDMI 2.0b', '768697041019']]"
9SIAYTVGHB9124,"Gigabyte GeForce GTX 1650 D6 WINDFORCE OC 4G Graphics Card, 172mm Compact Size, 4GB 128-Bit GDDR6, GV-N1656WF2OC-4GD Video Card",GIGABYTE,4,1.0,148.47,$49.99 Shipping,https://c1.neweggimages.com/ProductImageCompressAll300/APBUD210419V4LL9.jpg,[['NV-6']]
9SIA4RE9M33131,Optiplex 740 750 3010 3020 7010 7020 9010 9020 SFF nVIDIA GeForce GT 610 2GB PCI Express 2.0 x16 DVI+HDMI Single Slot Low Profile Video Graphics Card for Dell,DELL,3.4,5.0,61.77,0,https://c1.neweggimages.com/ProductImageCompressAll300/A73M_131680664484898307ea8NeyMMMn.jpg,"[[' 810 MHz', ' 1 x DVI', ' 1 x HDMI', ' 5 3/4"" (14.6cm) in Length x 2 1/4"" (5.7cm) in Width x 5/8"" (1.6cm) in Thickness', 'DFGAD455']]"
9SIAMFBJ9U7744,"ZOTAC GAMING GeForce GTX 1660 SUPER 6GB GDDR6 192-bit Gaming Graphics Card, Super Compact, ZT-T16620F-10L",ZOTAC,4.7,35.0,229.99,0,https://c1.neweggimages.com/ProductImageCompressAll300/14-500-482-V01.jpg,"[[' DisplayPort 1.4: 8K @ 60 Hz\nHDMI 2.0b: 4K @ 60 Hz', ' 3 x DisplayPort 1.4', ' 1 x HDMI 2.0b', ' 6.83"" x 4.38""', 'ZT-T16620F-10L']]"
9SIAFJ88TD6196,VisionTek Radeon 5450 1GB DDR3 PCI Express 2.1 x16 ATX Video Card 900860,VisionTek,4.4,7.0,64.3,0,https://c1.neweggimages.com/ProductImageCompressAll300/14-129-320-06.jpg,"[[' 650 MHz', ' 1 x DVI-I', ' 1 x HDMI', ' Single Slot', '900860']]"
14-126-532,"ASUS Phoenix NVIDIA GeForce RTX 3060 V2 Gaming Graphics Card (PCIe 4.0, 12GB GDDR6, HDMI 2.1, DisplayPort 1.4a, Axial-tech Fan Design, Protective Backplate, Dual Ball Fan Bearings, Auto-Extreme)",ASUS,4.5,37.0,299.99,0,https://c1.neweggimages.com/ProductImageCompressAll300/14-126-532-01.jpg,"[[' 7680 x 4320', ' 3 x DisplayPort 1.4a', ' 1 x HDMI 2.1', ' 6.97"" x 5.04""', 'PH-RTX3060-12G-V2', 'N82E16814126532']]"
9SIA25VCMU7326,MSI GeForce GT 1030 DirectX 12 GT 1030 2GD4 LP OC 2GB 64-Bit DDR4 PCI Express 3.0 x16 (Uses x4) HDCP Ready Low Profile Video Card,MSI,,,102.64,0,https://c1.neweggimages.com/ProductImageCompressAll300/A73M_131806051337837323qAmeWmpAEW.jpg,"[[' 1189 MHz', ' 1 x DisplayPort', ' 1 x HDMI', ' 5.91"" x 2.72""', 'MSI2GD4 LP OC', '9SIA25VCMU7326']]"
9SIARPHJJR0791,ASUS ROG STRIX GeForce RTX 2060 6GB GDDR6 PCI Express 3.0 Video Card ROG-STRIX-RTX2060-6G-GAMING,ASUS,5,1.0,336.5,$49.99 Shipping,https://c1.neweggimages.com/ProductImageCompressAll300/14-126-282-V50.jpg,"[[' Gaming Mode: 1365 MHz', ' 7680 x 4320', ' 2 x DisplayPort 1.4', ' 2 x HDMI 2.0b', 'RTX2060-6G-GAMING']]"
9SIA4RE5UR7417,CORN GTX 650 1GB 128-Bit GDDR5 Graphic Card Video Card GPU GTX650-DCO-1GD5  DirectX 11 PCI Express 3.0 HDCP DVI/VGA/Mini HDMI,Corn Electronics,5,2.0,84.32,0,https://c1.neweggimages.com/ProductImageCompressAll300/A4RES2208090HPANUBB.jpg,"[[' 1059 MHz', ' 2048 x 1536', ' 1 x DVI', ' 1 x mini HDMI', 'DZ-XK-001', '9SIA4RE5UR7417']]"
9SIAYTVESH8551,GIGABYTE GV-N166SOC-6GD Gigabyte VCX GV-N166SOC-6GD GeForce GTX 1660 Super 6GB,GIGABYTE,,,299.99,$49.99 Shipping,https://c1.neweggimages.com/ProductImageCompressAll300/A1K6S2004091hUY5.jpg,"[[' 1830 MHz', ' 3 x DisplayPort 1.4', ' 1 x HDMI 2.0b', ' DirectX 12', 'GIG#GVN166SOC6GD']]"
9SIA4REGN01518,"GIGABYTE GeForce GTX 1050 D5 2G (OEM) Video Card,2GB 128-bit GDDR5 PCI Express 3.0 x16,1493MHz Core Frequency,1×HDMI interface, 1×DVI interface, 1×DisplayPort",GIGABYTE,,,168.63,0,https://c1.neweggimages.com/ProductImageCompressAll300/A4RES2111090HIKQ5D6.jpg,[['GIGABYTE GeForce GTX 1050 D5 2G']]
9SIAGGGHSH8916,MSI Gaming GeForce GTX 1660 Super 192-bit HDMI/DP 6GB GDRR6 HDCP Support DirectX 12 Dual Fan VR Ready OC Graphics Card (GTX 1660 Super Gaming X),MSI,,,359.99,$30.00 Shipping,https://c1.neweggimages.com/ProductImageCompressAll300/AFUSD200713AQOEC.jpg,[['32001106116670']]
9SIB9XKHC89067,"SAPLOS NVIDIA GT 730 Graphics Cards, 2GB, DDR3, 128 Bit, VGA DVI HDMI, Low Profile Desktop Video Card for Gaming PC,Computer GPU,Low Power, PCI Express x16,2K Support",SAPLOS,,,65.99,0,https://c1.neweggimages.com/ProductImageCompressAll300/B9XKS2203300FDQ817D.jpg,"[[' 700 MHz', ' 2048 x 1536@60Hz', ' 1 x DVI', ' 1 x HDMI', 'GT730 2G LP', '9SIB9XKHC89067']]"
9SIARPHJJS3836,ASUS GeForce GTX 1050 Ti 4GB GDDR5 PCI Express 3.0 Video Card DUAL-GTX1050TI-O4G,ASUS,4.5,26.0,184.03,$49.99 Shipping,https://c1.neweggimages.com/ProductImageCompressAll300/14-126-172-S01.jpg,"[[' 1341 MHz', ' 7680 x 4320', ' 1 x DisplayPort (Native)', ' 1 x DVI-D (Native)', 'DUAL-GTX1050TI-O4G']]"
9SIAYTVHYK5872,"ASUS AMD RADEON RX 6800 XT Gaming Graphics Card, 7nm AMD RDNA2 16GB GDDR6 256-bit AMD Reference Card, PCIE 4.0 HDMI*1 DP 1.4a*2  Type-C*1 Video Card",ASUS,,,879.99,$49.99 Shipping,https://c1.neweggimages.com/ProductImageCompressAll300/AYTVS2206140J8KP8B2.jpg,"[['B-AMD RX 6800 XT', '9SIAYTVHYK5872']]"
9SIAYTVJ8K6137,NVIDIA RTX A5000 - Graphics card - RTX A5000 - 24 GB GDDR6 - PCIe 4.0 x16 - 4 x DisplayPort,NVIDIA,,,1999.99,$49.99 Shipping,https://c1.neweggimages.com/ProductImageCompressAll300/ADZJS220607i3Mzj.jpg,"[['VCNRTXA5000-PB__', '9SIAYTVJ8K6137']]"
9SIAWFGJHM7019,NVIDIA Quadro NVS 510 2GB DDR3 4-Mini DisplayPort PCI-Express Video Card,NVIDIA,,,166.79,0,https://c1.neweggimages.com/ProductImageCompressAll300/AWFGD210824BJC3K.jpg,"[['shoudong142', '9SIAWFGJHM7019']]"
9SIA4A0JGG0965,New Dell Nvidia Quadro NVS 300 GDDR3 SDRAM 512MB PCI-E x16 DMS-59 Video Graphics Card 4M1WV CN-04M1WV,DELL,5,1.0,77.46,0,https://c1.neweggimages.com/ProductImageCompressAll300/A9AX_131769326803324068cIQrtt652a.jpg,"[['4M1WV', '9SIA4A0JGG0965']]"
9SIB9XKJ2A3392,"SAPLOS Radeon HD 6570 Graphics Card,Dual HDMI,1GB,GDDR3,64-Bits,PCI-Express 2.0 X16, Low Profile Computer GPU,Desktop Video Card for PC Gaming,DirectX 11",SAPLOS,,,62.99,0,https://c1.neweggimages.com/ProductImageCompressAll300/B9XKS2207200KGDFEEB.jpg,"[[' 650 MHz', ' 2 x HDMI', ' Single Slot', ' DirectX 11', 'HD 6570-1GB', '9SIB9XKJ2A3392']]"
9SIAUNCK0W0641,GIGABYTE GeForce GT 730 2GB GDDR5 PCI Express 2.0 x8 Video Card GV-N730D5-2GL,GIGABYTE,,,110.0,0,https://c1.neweggimages.com/ProductImageCompressAll300/14-932-008-V01.jpg,"[[' 902 MHz', ' 4096 x 2160', ' 1 x Dual-link DVI-I', ' 1 x HDMI', 'GV-N730D5-2GL']]"
9SIARPHJJP0830,MSI GeForce RTX 2060 DirectX 12 RTX 2060 GAMING Z 6G 6GB 192-Bit GDDR6 PCI Express 3.0 x16 HDCP Ready Video Card,MSI,3.5,2.0,295.6,$49.99 Shipping,https://c1.neweggimages.com/ProductImageCompressAll300/A73M_132150751692759905ha3WtrYyrJ.jpg,"[[' 7680 x 4320', ' 3 x DisplayPort 1.4', ' 1 x HDMI 2.0b', ' 9.72"" x 5.08""', 'RTX 2060 GAMING Z 6']]"
9SIBMWJJX13454,ASUS TUF Gaming GeForce GTX 1650 4GB GDDR6 PCI Express 3.0 Video Card TUF-GTX1650-O4GD6-GAMING,ASUS,4.4,23.0,144.9,$49.99 Shipping,https://c1.neweggimages.com/ProductImageCompressAll300/14-126-448-V01.jpg,"[[' 1410 MHz', ' 7680 x 4320', ' 1 x DisplayPort 1.4', ' 1 x DVI-D', 'TUF-GTX1650-O4GD6-GA']]"
9SIB1PGFBX8668,PNY NVIDIA Quadro RTX 4000 8GB GDDR6 Workstation Graphics Card VCQRTX4000-PB,"PNY Technologies, Inc.",,,960.0,0,https://c1.neweggimages.com/ProductImageCompressAll300/A22FD210403TU197.jpg,"[[' 3 Year', 'VCQRTX4000PB']]"
9SIB1PGG1Y2791,New AMD FirePro V3900 1GB Workstation Graphics Card (100-505860),AMD,,,128.0,0,https://c1.neweggimages.com/ProductImageCompressAll300/ADA5_131843667663179547TvXDvM9drU.jpg,"[[' 2560 x 1600', ' 2 x DisplayPort', ' 1 x Dual-link DVI', ' DirectX® 11', '100-505860-NEW', '9SIB1PGG1Y2791']]"
9SIB1PGG1Y2800,AMD FirePro V7900 2GB 4XDP  PCIe HF Graphic Card,AMD,,,198.0,0,https://c1.neweggimages.com/ProductImageCompressAll300/ADA5_131381392050845298g2HvL0hmGp.jpg,"[[' 1250 MHz', ' 2560 x 1600', ' 4 x DisplayPort', ' Single Slot', '100-505647', '9SIB1PGG1Y2800']]"
9SIA8X5JA57380,PNY GeForce RTX 3060 Ti 8GB XLR8 Gaming Revel Epic-X RGB Dual Fan Graphics Card LHR VCG3060T8LDFXPPB,"PNY Technologies, Inc.",,,657.99,0,https://c1.neweggimages.com/ProductImageCompressAll300/A8X5S2205190XIAMRD6.jpg,[['VCG3060T8LDFXPPB 2']]
9SIBKMGK0D8988,Dell NVIDIA Tesla Tesla M10 Graphic Card 32 GB 490BDIG,DELL,,,1880.0,0,https://c1.neweggimages.com/ProductImageCompressAll300/V06W_1_201909221600438948.jpg,[['490BDIG']]
9SIB1PGJ1E3496,PowerColor PCS+ Radeon R9 380 4GB GDDR5 PCI Express 3.0 CrossFireX Support ATX Video Card AXR9 380 4GBD5-PPDHE,PowerColor,3.6,102.0,385.0,0,https://c1.neweggimages.com/ProductImageCompressAll300/14-131-673-02.jpg,"[[' 980 MHz', ' 4096 x 2160', ' 1 x DisplayPort', ' 1 x DL DVI-I\r\n1 x DL DVI-D', 'AXR9 380 4GBD5-PPDHE', '9SIB1PGJ1E3496']]"
9SIASGMJJE8929,GIGABYTE GeForce GT 1030 2GB GDDR5 PCI Express 3.0 x16 Video Card GV-N1030OC-2GI,GIGABYTE,4.3,92.0,105.82,0,https://c1.neweggimages.com/ProductImageCompressAll300/14-932-004-Z01.jpg,"[[' 1290 MHz in OC Mode\n1265 MHz in Gaming Mode', ' 4096 x 2160', ' 1 x DVI-D', ' 1 x HDMI 2.0b', 'GV-N1030OC-2GI']]"
14-202-409,SAPPHIRE PULSE Radeon RX 6600 8GB GDDR6 PCI Express 4.0 ATX Video Card 11310-01-20G,Sapphire Tech,4.7,59.0,219.99,0,https://c1.neweggimages.com/ProductImageCompressAll300/14-202-409-02.jpg,"[[' 7680 x 4320', ' 3 x DisplayPort 1.4', ' 1 x HDMI', ' 7.60"" x 4.73""', '11310-01-20G', 'N82E16814202409']]"
14-930-020,ASRock Radeon RX 5700 XT Challenger D 8G OC PCI Express 4.0 Video Card,ASRock,3.2,138.0,229.99,0,https://c1.neweggimages.com/ProductImageCompressAll300/14-930-020-V01.jpg,"[[' 1650 MHz', ' 7680 x 4320', ' 3 x DisplayPort 1.4', ' 1 x HDMI 2.0b', '5700XTCHALLENGERD8GO', 'N82E16814930020']]"
9SIAXZZEVJ4064,"MAXSUN NVIDIA GEFORCE GT 1030 4GB ITX Graphics Card GPU GDDR4 Mini ITX Design, HDMI, DVI-D, Single Fan Cooling System",MAXSUN,,,128.99,0,https://c1.neweggimages.com/ProductImageCompressAll300/V5X9S2105119rhnI.jpg,"[[' 1152 MHz', ' 1920 x 1080 (HDMI)', ' 1 x DVI', ' 1 x HDMI', 'MS-GT1030TRANSFORMER4GD4', '9SIAXZZEVJ4064']]"
9SIASGMJVD7196,MSI Ventus GeForce GTX 1650 4GB GDDR6 PCI Express 3.0 x16 Video Card GTX 1650 D6 VENTUS XS OCV1,MSI,4.4,25.0,184.94,0,https://c1.neweggimages.com/ProductImageCompressAll300/14-137-593-S06.jpg,"[[' 7680 x 4320', ' 1 x DisplayPort 1.4a', ' 1 x DL-DVI-D', ' 1 x HDMI 2.0b', '1650D6VentusXSOCV1']]"
9SIBMWJJXN0686,"SAPPHIRE NITRO+ Radeon RX 5500 XT 8GB GDDR6 PCI Express 4.0 ATX Video Card, Special Edition 100418NT+8GSEL",Sapphire Tech,4.3,14.0,358.85,$49.99 Shipping,https://c1.neweggimages.com/ProductImageCompressAll300/14-202-359-V80.jpg,"[[' HDMI: 4096 x 2160 @ 60 Hz\nDisplayPort1.4: 5120 x 2880 @ 60 Hz', ' 2 x DisplayPort 1.4', ' 2 x HDMI', ' 10.12"" x 5.23""', '100418NT+8GSEL']]"
9SIA4REGBC1514,"ASUS RTX3060-O12G-V2-GAMING Video Card,12GB 192-bit GDDR6 PCI Express 4.0 x16,1867MHz Core Frequency,1×HDMI2.1, 3×DisplayPort1.4a",ASUS,,,529.37,0,https://c1.neweggimages.com/ProductImageCompressAll300/A4RES211029E6C35.jpg,"[[' 1867MHz', ' 7680 x 4320', ' 3 x DisplayPort 1.4a', ' 1 x HDMI 2.1', 'ASUS RTX3060-O12G-V2-GAMING', '9SIA4REGBC1514']]"
9SIA4REJEZ5591,Radeon Rx 550 4G Graphic Card DDR5 Gpu Gaming Video Card Video For Pc New Cyclone Blade Cooling System 9Cm Large Size Frost Blade Fan,AMD,,,183.51,0,https://c1.neweggimages.com/ProductImageCompressAll300/V371D210113GICR6.jpg,[['WBH2-40']]
9SIBF3CJ598406,Peladn Gaming GTX 1660Super 6G Graphics Card GDDR6 PCI Express 3.0 Video Card Dual-fan Edition,Peladn,4.3,9.0,169.0,0,https://c1.neweggimages.com/ProductImageCompressAll300/BF3CS2211250DC953A2.jpg,"[[' 1530 MHz', ' 1 x DisplayPort', ' 1 x DVI', ' 1 x HDMI', '6972410021415', '9SIBF3CJ598406']]"
9SIAZUEGAB8792,Yeston Radeon R7 350-4G 4miniDP 4GB 128bit GDDR5 700MHz 512processors PCIExpress 3.0*16 video cards 4Screen Graphics Card DirectX12 4*Mini Displayport graphics card of Desktop,yeston,,,169.0,0,https://c1.neweggimages.com/ProductImageCompressAll300/AZUES21102113ECA.jpg,"[[' 700 MHz', ' 4096 x 2160 (DisplayPort)', ' 4 x Mini DisplayPort', ' DirectX 12', 'Yeston R7 350-4G D5 4MINIDP GA', '9SIAZUEGAB8792']]"
9SIAWMSHFZ0854,"ASUS ATS RTX 3060 12G GAMING Video Card, GPU  Graphics 12GB 192-bit GDDR6 PCI Express 4.0,1777MHz Core Frequency,2×HDMI2.1 Interface, 3×DisplayPort1.4a Interface",ASUS,,,599.0,$10.00 Shipping,https://c1.neweggimages.com/ProductImageCompressAll300/AWMSS220112j9dco.jpg,[['ASUS ATS-RTX3060-O12G-GAMING']]
9SIAGGGHSJ0667,GIGABYTE Eagle OC GeForce RTX 3060 Ti 8GB GDDR6 PCI Express 4.0 ATX Video Card GV-N306TEAGLE OC-8GD (rev. 2.0) (LHR),GIGABYTE,,,469.99,$10.00 Shipping,https://c1.neweggimages.com/ProductImageCompressAll300/APMXS211029lGQ1R.jpg,[['XRL-97']]
9SIAYTVHAE7598,"GIGABYTE GeForce RTX 3080 GAMING OC 10G (LHR) Graphics Card, 10GB 320-Bit GDDR6X, PCI Express 4.0, 2 x HDMI 2.1, 3 x DisplayPort 1.4a",GIGABYTE,,,799.99,$49.99 Shipping,https://c1.neweggimages.com/ProductImageCompressAll300/A4RES2112140CCQWHE5.jpg,"[[' 7680 x 4320', ' 3 x DisplayPort 1.4a', ' 2 x HDMI 2.1', ' 12.60"" x 5.08""', 'GIGABYTE RTX 3080 GAMING OC 10G LHR']]"
9SIAYTVHAE7597,"GIGABYTE GeForce RTX 3080 GAMING OC 10GB Video Card, GV-N3080GAMING OC-10GD (REV 2.0)",GIGABYTE,,,799.99,$49.99 Shipping,https://c1.neweggimages.com/ProductImageCompressAll300/APMXS210719sRSKT.jpg,[['GV-N3080GAMING OC-10GD REV2']]
9SIAYTVEMK0453,"Gigabyte GeForce GTX 1650 D6 WINDFORCE OC 4G (rev. 2.0) 4GB 128-Bit GDDR6 Graphics Card,  GV-N1656WF2OC-4GD REV2.0 Video Card",,,,169.99,$49.99 Shipping,https://c1.neweggimages.com/ProductImageCompressAll300/AU94S210315yVhhL.jpg,"[['YLFGTX02', '9SIAYTVEMK0453']]"
9SIB1PGFBX6794,ASUS GeForce RTX 2080 Ti 11G Turbo Edition GDDR6 HDMI DP 1.4 Type-C Graphics Card,ASUS,4.3,6.0,1079.0,0,https://c1.neweggimages.com/ProductImageCompressAll300/14-126-248-V50.jpg,"[[' 1350 MHz', ' 7680 x 4320', ' 2 x DisplayPort 1.4', ' 1 x HDMI 2.0b', 'TURBO-RTX2080TI-11G']]"
9SIB1PGJJF0669,"EVGA GeForce RTX 2080 Super FTW3 Hybrid Gaming, 8GB GDDR6, RGB LED Logo, iCX2 Technology, Metal Backplate + PowerLink 08G-P4-3288-Kp",EVGA,,,849.0,0,https://c1.neweggimages.com/ProductImageCompressAll300/AKXC_1_2020031220677897.jpg,"[['9901239028619', '9SIB1PGJJF0669']]"
9SIAZUEGA97292,Yeston Radeon R7 350-2G 6miniDP 2GB 128bit GDDR5 750MHz 512processors PCIExpress 3.0*16 video cards 6 Screen Graphics Card DirectX12 6*Mini Displayport graphics card of Desktop,yeston,,,169.0,0,https://c1.neweggimages.com/ProductImageCompressAll300/AZUES211021F10E6.jpg,"[[' 750 MHz', ' 4096 x 2160 (DisplayPort)', ' 6 x Mini DisplayPort', ' DirectX 12', 'Yeston R7 350-2G D5 6MINIDP GA', '9SIAZUEGA97292']]"
9SIAZUEG080321,Yeston Radeon R7 350-2G 6HDMI 2GB 128bit GDDR5 800MHz 512processors PCIExpress 3.0*16 video cards 6 Screen Graphics Card DirectX12 6*HDMI compatible graphics card of Desktop,yeston,,,159.0,0,https://c1.neweggimages.com/ProductImageCompressAll300/AZUES211009nSB6q.jpg,"[[' 800 MHz', ' 4096 x 2160', ' 6 x HDMI', ' DirectX 12', 'Yeston R7 350-2G 6HDMI  GA', '9SIAZUEG080321']]"
9SIAZUEHEA4463,Yeston Radeon RX 550 4GB GDDR5 1071MHz 640processors PCIExpress 3.0 DirectX12 video cards Single Slot VGA+HDMI+DVI-D graphics card of Desktop,yeston,,,169.0,0,https://c1.neweggimages.com/ProductImageCompressAll300/AZUES220407ecSFA.jpg,"[[' 1071 MHz', ' 4096 x 2160', ' 1 x DVI', ' 1 x HDMI', 'X550-4G D5 LP', '9SIAZUEHEA4463']]"
9SIARPHJJP0681,"GIGABYTE GeForce GTX 1660 Ti OC 6G Graphics Card, 2 x WINDFORCE Fans, 6GB 192-Bit GDDR6, GV-N166TOC-6GD Video Card",GIGABYTE,4.4,108.0,209.58,$49.99 Shipping,https://c1.neweggimages.com/ProductImageCompressAll300/14-932-131-V13.jpg,"[[' 1800 MHz', ' 7680x4320@60Hz', ' 3 x DisplayPort 1.4', ' 1 x HDMI 2.0b', 'GV-N166TOC-6GD']]"
9SIB1PGFBZ5461,MSI Radeon R9 380 2GB GDDR5 PCI Express 3.0 CrossFireX Support ATX Video Card R9 380 GAMING 2G,MSI,3.7,12.0,385.0,0,https://c1.neweggimages.com/ProductImageCompressAll300/14-127-876-03.jpg,"[[' 1000 MHz', ' 1 x DisplayPort', ' 1 x DL-DVI-I\r\n1 x DL-DVI-D', ' 10.55"" x 5.43""', 'R9 380 GAMING 2G']]"
9SIARPHJJN5819,MSI GeForce GTX 1660 Ti 6GB GDDR6 PCI Express 3.0 x16 Video Card GTX 1660 Ti GAMING 6G,MSI,4.8,8.0,321.06,$49.99 Shipping,https://c1.neweggimages.com/ProductImageCompressAll300/14-137-428-Z01.jpg,"[[' 7680 x 4320', ' 3 x DisplayPort 1.4', ' 1 x HDMI 2.0b', ' 9.72"" x 5.00""', 'GTX1660 Ti GAMING 6G']]"
9SIAXK8JNM8801,GIGABYTE NVIDIA GeForce GT 1030 Low Profile 2G Computer Graphics Card,GIGABYTE,,,139.98,0,https://c1.neweggimages.com/ProductImageCompressAll300/A1K6_132081789542122615562SE1zP6j.jpg,"[[' 1252 MHz in OC Mode, 1227 MHz in Gaming Mode', ' 1 x HDMI 2.0b', ' 1 x HDMI 2.0b', ' 5.90"" x 2.71""', 'GB#GV-N1030D5-2GL']]"
9SIAYTVGPP0386,GIGABYTE Gaming GeForce RTX 3070 8GB GDDR6 PCI Express 4.0 x16 ATX Video Card GV-N3070GAMING OC-8GD (REV 2.0),GIGABYTE,5,1.0,514.99,$49.99 Shipping,https://c1.neweggimages.com/ProductImageCompressAll300/APMXS210913v3u8f.jpg,[['XRL-55']]
9SIARA8J240627,PNY Quadro NVS 295 VCQ295NVS-X1-DVI-PB 256MB 64-bit GDDR3 PCI Express 2.0 x1 Quadro Professional Graphic,"PNY Technologies, Inc.",,,95.98,0,https://c1.neweggimages.com/ProductImageCompressAll300/AWFGD210824IZR5J.jpg,"[['PNY9', '9SIARA8J240627']]"
9SIARPHJT25847,ASUS ROG Strix GeForce RTX 2080 Ti 11GB GDDR6 PCI Express 3.0 SLI Support Video Card ROG-STRIX-RTX2080TI-O11G-GAMING,ASUS,4,125.0,686.18,$49.99 Shipping,https://c1.neweggimages.com/ProductImageCompressAll300/14-126-263-V50.jpg,"[[' 1350 MHz', ' 7680 x 4320', ' 2 x DisplayPort 1.4', ' 2 x HDMI 2.0b', 'ROGSTRIXRTX2080TIO11']]"
9SIAMJDJVC8527,ASUS TUF Gaming GeForce GTX 1660 Ti EVO OC Edition 6GB GDDR6 PCI Express 3.0 Video Card TUF-GTX1660TI-O6G-EVO-GAMING,ASUS,4.9,28.0,,$46.78 Shipping,https://c1.neweggimages.com/ProductImageCompressAll300/14-126-538-V01.jpg,"[[' 7680 x 4320', ' 1 x DisplayPort 1.4a', ' 1 x DVI-D', ' 2 x HDMI 2.0b', 'TUF-GTX1660TI-O6G-EV']]"
9SIAGGGHSH9223,"MSI GeForce RTX 3060 Ti GAMING Z TRIO 8G (LHR) Video Card,8GB 256-bit GDDR6,PCI Express 4.0,1×HDMI Interface, 3×DisplayPort Interface",MSI,,,549.99,$10.99 Shipping,https://c1.neweggimages.com/ProductImageCompressAll300/A4RES21121605YNQKC9.jpg,"[[' 7680 x 4320', ' 3 x DisplayPort 1.4a', ' 1 x HDMI 2.1', ' 12.72"" x 5.51""', 'MSI RTX 3060 Ti GAMING Z TRIO 8G LHR']]"
9SIBMWJJVT7565,GIGABYTE GeForce GTX 1050 Ti 4GB GDDR5 PCI Express 3.0 x16 ATX Video Cards GV-N105TOC-4GD,GIGABYTE,4.3,97.0,146.7,$49.99 Shipping,https://c1.neweggimages.com/ProductImageCompressAll300/14-125-915-01.jpg,"[[' 1341 MHz in OC Mode\n1316 MHz in Gaming', ' 7680 x 4320', ' 1 x DisplayPort 1.4', ' 1 x Dual-Link DVI-D', 'GV-N105TOC-4GD']]"
9SIAUNCK0W0972,"SAPPHIRE NITRO+ Radeon RX 6800 16GB GDDR6 PCI Express 4.0 ATX Gaming Graphics Card, AMD RDNA 2 11305-01-20G",Sapphire Tech,4.3,6.0,949.99,$49.99 Shipping,https://c1.neweggimages.com/ProductImageCompressAll300/14-202-392-01.jpg,"[[' 7680 x 4320', ' 3 x DisplayPort 1.4', ' 1 x HDMI 2.1', ' 12.22"" x 5.28""', '11305-01-20G']]"
9SIA4REGBY4065,"ASUS RTX3070-O8G-V2-GAMING(LHR)Video Card,8GB 256-bit GDDR6 PCI Express 4.0 x16,1800MHz Core Frequency,2×HDMI2.1, 3×DisplayPort1.4a",ASUS,,,843.22,0,https://c1.neweggimages.com/ProductImageCompressAll300/A4RES2111014A581.jpg,[['ASUS RTX3070-O8G-V2-GAMING LHR']]
9SIA4RE8HY9251,CORN GTX 650 Ti 128-Bit 2GB GDDR5 Graphic Card DirectX11 Video Card GPU DVI/DP/HDMI,Corn Electronics,4,4.0,124.97,0,https://c1.neweggimages.com/ProductImageCompressAll300/A4RES2208080IAQWX56.jpg,"[[' 2 x DVI', ' 1 x HDMI', ' DirectX 12', ' NVIDIA', 'DZ-XK-002-01-2G']]"
9SIARPHJJP0728,GIGABYTE GeForce GTX 1660 SUPER 6GB GDDR6 PCI Express 3.0 x16 ITX Video Card GV-N166SIX-6GD,GIGABYTE,5,2.0,271.38,$49.99 Shipping,https://c1.neweggimages.com/ProductImageCompressAll300/14-932-331-V03.jpg,"[[' 1785 MHz', ' 7680 x 4320 @ 60 Hz', ' 3 x DisplayPort 1.4', ' 1 x HDMI 2.0b', 'GV-N166SIX-6GD']]"
9SIB1PGHV30589,"EVGA GeForce GTX 1080 Ti SC Hydro Copper GAMING, 11G-P4-6399-KR, 11GB GDDR5X, Hydro Copper Waterblock & LED",EVGA,5,1.0,935.0,0,https://c1.neweggimages.com/ProductImageCompressAll300/14-487-359-V09.jpg,"[[' 1556 MHz', ' 7680 x 4320', ' 3 x DisplayPort 1.4', ' 1 x Dual-Link DVI-D', '11G-P4-6399-KR', '9SIB1PGHV30589']]"
9SIB1PGFBW2611,Quadro FX 4800 490566-003 Nvidia FX4800 1.5GB PCI-EXPRESS Graphics Video Card 536796-001 PCI-EXPRESS Video Cards,HP,,,190.0,0,https://c1.neweggimages.com/ProductImageCompressAll300/AGY9_1_20181118111719574.jpg,"[['Quadro FX 4800', '9SIB1PGFBW2611']]"
9SIB1PGFBY3330,PNY GeForce RTX 2080 Ti 11GB Blower 352-Bit GDDR6 PCI Express 3.0 SLI Support Video Card,"PNY Technologies, Inc.",5,1.0,1079.0,0,https://c1.neweggimages.com/ProductImageCompressAll300/A6ZP_1_202002221567004478.jpg,"[[' 1350 MHz', ' 7680 x 4320', ' 3 x DisplayPort 1.4', ' 1 x HDMI 2.0b', 'VCG2080T11BLPPB']]"
9SIA4YU9VU4508,"ASUS GT1030-SL-2G-BRK - Graphics card - GF GT 1030 - 2 GB GDDR5 - PCIe 3.0 low profile - DVI, HDMI - fanless",ASUS,,,107.4,Special Shipping,https://c1.neweggimages.com/ProductImageCompressAll300/A4YU_1_201908172065494022.jpg,[['90YV0AT0-M0NA00']]
9SIB1PGFBX4877,Nvidia Quadro 2000 1GB GDDR5 SDRAM PCI Express x16 Desktop Video Card 612952-002,NVIDIA,,,131.0,0,https://c1.neweggimages.com/ProductImageCompressAll300/AEEN_1_20171025991265323.jpg,"[[' NVIDIA', 'P1232']]"
9SIB1PGFBX5053,PNY NVIDIA Quadro NVS 510 2GB GDDR3 4-Mini DisplayPort Low Profile PCI-Express Video Card VCNVS510DVI-PB,"PNY Technologies, Inc.",,,145.0,0,https://c1.neweggimages.com/ProductImageCompressAll300/A29C_1_20170712674884285.jpg,"[['0AE-00AE0EP0C', '9SIB1PGFBX5053']]"
9SIB601GV12978,Geforce GTX950 2G GDDR5 memory 128Bit PC Desktop video card PCI Express 2.0 computer card graffics/video cards  gpu,LISM,,,94.99,0,https://c1.neweggimages.com/ProductImageCompressAll300/B601S220523HRwz1.jpg,"[[' 1114 MHz', ' 1 x DVI', ' 1 x HDMI', ' DirectX 12', 'GTX950 2G-B', '9SIB601GV12978']]"
9SIB1PGFBY3358,MSI Gaming N770 TF 2GD5/OC G-SYNC Support GeForce GTX 770 2GB 256-Bit GDDR5 PCI Express 3.0 SLI Support Video Card,MSI,4.5,174.0,330.0,0,https://c1.neweggimages.com/ProductImageCompressAll300/14-127-741-02.jpg,"[[' 1137MHz', ' 4096 x 2160', ' 1 x DisplayPort', ' 1 x Dual-link DVI-I \n1 x Dual-link DVI-D', 'N770 TF 2GD5/OC']]"
9SIB1PGFBX6344,MSI GeForce GTX 1080 8GB GDDR5X PCI Express 3.0 x16 SLI Support ATX Video Card GeForce GTX 1080 SEA HAWK,MSI,4.6,7.0,695.0,0,https://c1.neweggimages.com/ProductImageCompressAll300/14-137-045-Z01.jpg,"[[' 1632 MHz', ' 3 x DisplayPort 1.4', ' 1 x DL-DVI-D', ' 1 x HDMI', 'GeForce GTX 1080 SEA']]"
9SIB1PGJJK9447,MSI GeForce RTX 2060 SUPER 8GB GDDR6 PCI Express 3.0 x16 Video Card RTX 2060 SUPER ARMOR OC,MSI,4.8,5.0,695.0,0,https://c1.neweggimages.com/ProductImageCompressAll300/14-137-441-V08.jpg,"[[' 7680 x 4320', ' 3 x DisplayPort', ' 1 x HDMI 2.0b', ' 9.84"" x 5.08""', '2060 SUPER ARMOR OC']]"
9SIB1PGFBY4804,"GIGABYTE GeForce GTX 1080 AORUS 8GB DirectX 12 GV-N1080AORUS-8GD R2 256-Bit GDDR5X PCI Express 3.0 x16 Video Card, GV-N1080AORUS-8GD R2",GIGABYTE,4,22.0,598.0,0,https://c1.neweggimages.com/ProductImageCompressAll300/14-125-969-V01.jpg,"[[' 1733 MHz in OC Mode\n1708 MHz in Gaming Mode', ' 7680 x 4320', ' 3 x DisplayPort', ' 1 x Dual-link DVI-D', 'GV-N1080AORUS-8GD R2']]"
9SIASGMJVR2104,ASUS GeForce GT 1030 2GB Phoenix Fan OC Edition HDMI DVI Graphics Card (PH-GT1030-O2G),ASUS,4.7,75.0,105.98,0,https://c1.neweggimages.com/ProductImageCompressAll300/14-126-209-V10.jpg,"[[' 1278 MHz (OC Mode)\n1252 MHz (Gaming Mode)', ' 1920 x 1200', ' 1 x DVI-D', ' 1 x HDMI 2.0b', 'PH-GT1030-O2G']]"
14-129-428,VisionTek Radeon RX 550 2GB GDDR5 PCI Express 3.0 CrossFireX Support Video Card 901466,VisionTek,,,182.99,0,https://c1.neweggimages.com/ProductImageCompressAll300/A24GD2111050CCFVV7B.jpg,"[[' 1071 MHz', ' 3840 x 2160 @ 60Hz', ' 4 x Mini DisplayPort', ' 7.25"" x 3.25""', '901466', 'N82E16814129428']]"
9SIB1PGFBY7627,MSI GeForce GTX 1080 FE 8GB GDDR5X PCI Express 3.0 x16 SLI Support Video Card GEFORCE GTX 1080 Founders Edition,MSI,4.5,17.0,695.0,0,https://c1.neweggimages.com/ProductImageCompressAll300/14-127-940-S99.jpg,"[[' 1607 MHz', ' 7680 x 4320', ' 3 x DisplayPort 1.4', ' 1 x Dual-link DVI-D', 'GEFORCE GTX 1080 Fou']]"
9SIB1PGFBZ6235,XFX HD-577A-ZNDC Radeon HD 5770  XXX Edition 1GB 128-bit DDR5 PCI Express 2.0 x16 HDCP Ready CrossFireX Support Video Card,XFX,4.4,149.0,268.0,0,https://c1.neweggimages.com/ProductImageCompressAll300/14-150-464-03.jpg,"[[' 875MHz', ' 2560 x 1600', ' 1 x DisplayPort', ' 2 x DVI', 'HD-577A-ZNDC', '9SIB1PGFBZ6235']]"
9SIB1PGJ9X5809,SAPPHIRE NITRO+ Radeon RX Vega 56 8GB HBM2 PCI Express 3.0 CrossFireX Support ATX Video Card 100420NT+LESR,Sapphire Tech,4.3,3.0,585.0,0,https://c1.neweggimages.com/ProductImageCompressAll300/14-202-305-V01.jpg,"[[' 1305 MHz', ' 5120 x 2880', ' 2 x DisplayPort 1.4', ' 2 x HDMI 2.0b', '100420NT+LESR']]"
9SIB1PGFBZ5489,ASUS Radeon HD 6870 1GB GDDR5 PCI Express 2.1 x16 CrossFireX Support Video Card with Eyefinity EAH6870 DC/2DI2S/1GD5,ASUS,3.9,93.0,249.0,0,https://c1.neweggimages.com/ProductImageCompressAll300/14-121-418-08.jpg,"[[' 915MHz', ' 2560 x 1600', ' 2 x DisplayPort', ' 2 x DVI', 'EAH6870 DC/2DI2S/1GD', '9SIB1PGFBZ5489']]"
9SIB1PGJ1T5009,SAPPHIRE Radeon R9 Nano 100400SR 4GB 4096-Bit HBM PCI Express 3.0 x16 HDCP Ready CrossFireX Support Video Card,Sapphire Tech,4.1,10.0,584.0,0,https://c1.neweggimages.com/ProductImageCompressAll300/14-202-162-03.jpg,"[[' 1000 MHz', ' 4096 x 2160', ' 3 x DisplayPort', ' 1 x HDMI', '100400SR', '9SIB1PGJ1T5009']]"
9SIB1PGJ2D9089,ASUS ROG GeForce RTX 2080 Ti 11GB GDDR6 PCI Express 3.0 CrossFireX Support SLI Support Video Card ROG-STRIX-RTX2080TI-O11G-GAMING,ASUS,,,1079.0,0,https://c1.neweggimages.com/ProductImageCompressAll300/14-126-098-Z01.jpg,"[[' 1350 MHz', ' 7680 x 4320', ' 2 x DisplayPort 1.4', ' 2 x HDMI 2.0b', 'ROGSTRIXRTX2080TIO11']]"
9SIB1PGFBY3980,EVGA 02G-P3-1569-KR GeForce GTX 560 Ti 2Win (Fermi) 2GB 512-bit GDDR5 PCI Express 2.0 x16 HDCP Ready Video Card,EVGA,4,20.0,269.0,0,https://c1.neweggimages.com/ProductImageCompressAll300/14-130-737-16.jpg,"[[' 850 MHz', ' 2560 x 1600', ' 3 x DVI', ' 1 x mini HDMI', '02G-P3-1569-KR', '9SIB1PGFBY3980']]"
9SIB1PGFBY0841,PNY XLR8 VCGGTX4601XPB-OC GeForce GTX 460 (Fermi) OC 1GB 256-bit GDDR5 PCI Express 2.0 x16 HDCP Ready SLI Support Video Card,"PNY Technologies, Inc.",4.3,94.0,263.0,0,https://c1.neweggimages.com/ProductImageCompressAll300/14-133-326-03.jpg,"[[' 765MHz', ' 2560 x 1600', ' 2 x DVI', ' 1 x mini HDMI', 'VCGGTX4601XPB-OC', '9SIB1PGFBY0841']]"
9SIAEUYJB75252,"GIGABYTE AORUS GeForce RTX 3070 Ti MASTER 8G (LHR) Video Card,8GB 256-bit GDDR6X,PCI Express 4.0,3×HDMI Interface, 3×DisplayPort Interface",GIGABYTE,,,930.0,0,https://c1.neweggimages.com/ProductImageCompressAll300/A4RES2112130EV8MI4F.jpg,[['GIGABYTE AORUS RTX 3070 TI MASTER 8G LHR']]
9SIB1PGJJF4263,ASUS ROG STRIX GeForce RTX 2080 SUPER 8GB GDDR6 PCI Express 3.0 SLI Support Video Card ROG-STRIX-RTX2080S-A8G-GAMING,ASUS,,,849.0,0,https://c1.neweggimages.com/ProductImageCompressAll300/AGBAS201216q13Wr.jpg,"[[' OC mode: 1680 MHz\nGaming mode: 1650 MHz', ' 7680 x 4320', ' 2 x DisplayPort 1.4', ' 2 x HDMI 2.0b', 'ROG-STRIX-RTX2080S-A']]"
9SIB1PGFBX9816,"GIGABYTE GeForce RTX 2070 Super WINDFORCE OC 8G Graphics Card, 3 x WINDFORCE Fans, 8GB 256-Bit GDDR6, GV-N207SWF3OC-8GC Video Card",GIGABYTE,3,9.0,675.0,0,https://c1.neweggimages.com/ProductImageCompressAll300/14-932-179-V08.jpg,"[[' 1785 MHz', ' 7680 x 4320 @ 60 Hz', ' 3 x DisplayPort 1.4', ' 1 x HDMI 2.0b', 'GV-N207SWF3OC-8GC']]"
9SIB601J5Y5924,Gaming GeForce GTX 1660 SUPER  6GB Edition GDDR6 192Bit HDMI DP DVI Gaming Graphics Card ITX compatible,Mannajue,,,179.99,0,https://c1.neweggimages.com/ProductImageCompressAll300/B601S2211250MCB3V2D.jpg,"[['1660s6g', '9SIB601J5Y5924']]"
9SIB601J5Y3874,RX550 4GB GDDR5 1183MHz 512processors PCI Express 3.0 DirectX12 Single Slot 1*HDMI 1*DP 1*DVI compatible graphics card Mining GPU of Desktop,Mannajue,,,139.99,0,https://c1.neweggimages.com/ProductImageCompressAll300/B601S2209010T8E5O60.jpg,"[[' 1183 MHz', ' 1 x DisplayPort', ' 1 x DVI', ' 1 x HDMI', '5504GQL', '9SIB601J5Y3874']]"
9SIB1PGFBY7605,GIGABYTE GeForce GTX 1080 FE 8GB GDDR5X ATX Video Card GV-N1080D5X-8GD-B,GIGABYTE,4.5,11.0,695.0,0,https://c1.neweggimages.com/ProductImageCompressAll300/14-125-861-S99.jpg,"[[' 1607 MHz', ' 7680 x 4320', ' 3 x DisplayPort 1.4', ' 1 x Dual-link DVI-D', 'GV-N1080D5X-8GD-B']]"
9SIB1PGFBZ7252,XFX Radeon HD 6850 1GB DDR5 PCI Express 2.1 x16 CrossFireX Support Video Card with Eyefinity HD-685X-ZNDC,XFX,4,73.0,239.0,0,https://c1.neweggimages.com/ProductImageCompressAll300/14-150-516-02.jpg,"[[' 800 MHz', ' 2560 x 1600', ' 1 x DisplayPort', ' 2 x DVI', 'HD-685X-ZNDC', '9SIB1PGFBZ7252']]"
9SIA4REH883811,"ASUS TUF Gaming Radeon RX 6800 XT 16GB Overclocked Graphics Card, 16GB 256-bit GDDR6, Support PCI Express 4.0,1 x HDMI 2.1, 3 x DisplayPort1.4a",ASUS,,,987.03,0,https://c1.neweggimages.com/ProductImageCompressAll300/A4RES2112100CVBMT25.jpg,"[[' 7680 x 4320', ' 3 x DisplayPort 1.4a', ' 1 x HDMI 2.1', ' 13 "" x 5.52 ""', 'ASUS TUF RX 6800 XT O16G GAMING', '9SIA4REH883811']]"
9SIB1PGJPK5175,EVGA GeForce 3070 Ti RTX FTW3 ULTRA GAMING 8GB Graphics Card,EVGA,,,925.0,0,https://c1.neweggimages.com/ProductImageCompressAll300/B7VES22033006VOCDAC.jpg,[['BE-08G-P5-3797-KL']]
9SIAYTVFN44729,ASUS Dual Radeon RX 6600 XT 8GB GDDR6 PCI Express 4.0 CrossFireX Support ATX Video Card DUAL-RX6600XT-O8G,ASUS,,,459.99,$49.99 Shipping,https://c1.neweggimages.com/ProductImageCompressAll300/AYTVD210823H1Z7T.jpg,"[['THAMD-10', '9SIAYTVFN44729']]"
9SIA4REJBJ8039,"ASUS ROG RTX 3090 24G EVA Co-branded Video Card,24GB 384-bit GDDR6X,PCI Express 4.0,2×HDMI Interface, 3×DisplayPort Interface",ASUS,,,2176.78,0,https://c1.neweggimages.com/ProductImageCompressAll300/A4RES2205240JOYMHD4.jpg,"[[' 1725 MHz', ' 7680 x 4320', ' 3 x DisplayPort 1.4a', ' 2 x HDMI 2.1', 'ASUS ROG STRIX RTX 3090 EVA']]"
9SIAYTVFCK4096,"Colorful iGame GeForce RTX 3070 Ultra W OC 8G 1725-1770Mhz GDDR6 256bit Video Gaming Computer Graphics Card Support DirectX 12 Ultimate/OpenGL4.6, Display Ports HDMI/DP (White)",Colorful,,,866.83,$49.99 Shipping,https://c1.neweggimages.com/ProductImageCompressAll300/AZ7RS210623Sb9gM.jpg,"[['iGame GeForce RTX 3070 Ultra W OC', '9SIAYTVFCK4096']]"
9SIAXZZJJU7853,"MAXSUN GEFORCE GT 710 4GB Low Profile Ready Small Form Factor Video Graphics Card GPU Support DirectX12 OpenGL4.5, Low Consumption, VGA, DVI-D, HDMI, HDCP, Silent Passive Fanless Cooling System",MAXSUN,,,68.99,0,https://c1.neweggimages.com/ProductImageCompressAll300/AXZZS2209230GDFH46F.jpg,"[[' 954 MHz', ' 1920 x 1080 (HDMI)', ' 1 x DVI', ' 1 x HDMI', 'MS-GT 710 Hammer 4G', '9SIAXZZJJU7853']]"
9SIB1PGFBZ7319,DELL AMD FirePro W7100 8GB GDDR5 Video Card HP 762897-002 763265-001 kvmr4,DELL,,,480.0,0,https://c1.neweggimages.com/ProductImageCompressAll300/A9AXS1912311bB1U.jpg,"[[' kvmr4', 'kvmr4-1', '9SIB1PGFBZ7319']]"
9SIB1PGJEN5636,PNY NVIDIA Quadro RTX 5000 Graphic Card 16 GB GDDR6 TAA Compliant 4096 bit Bus Width PCI Express 3.0 x16 DisplayPort DVI VCQRTX5000TAA,"PNY Technologies, Inc.",,,1280.0,0,https://c1.neweggimages.com/ProductImageCompressAll300/A6ZPD201222FQFYH.jpg,[['VCQRTX5000TAA']]
9SIAPNMETV9246,Gigabyte GeForce GT 710 2GB Graphic Cards and Support PCI Express 2.0 X8 Bus Interface. Graphic Cards Gv-N710D5-2Gil,GIGABYTE,,,70.99,0,https://c1.neweggimages.com/ProductImageCompressAll300/A4RES201101Mvndi.jpg,"[['B07ZLFSMCR', '9SIAPNMETV9246']]"
9SIBMWJJW81811,GIGABYTE AORUS GeForce RTX 3070 MASTER 8GB GDDR6 PCI Express 4.0 ATX Video Card GV-N3070AORUS M-8GD (rev. 2.0) (LHR),GIGABYTE,4.6,94.0,540.99,$49.99 Shipping,https://c1.neweggimages.com/ProductImageCompressAll300/14-932-466-03.jpg,"[[' 1845 MHz', ' 7680 x 4320', ' 3 x DisplayPort 1.4a', ' 2 x HDMI 2.1, 1 x HDMI 2.0 (The middle HDMI output supports up to HDMI 2.0)', 'GV-N3070AORUS M-8GR2']]"
9SIB4KCJ552512,"Biostar Radeon RX 560 4GB GDDR5 128-Bit DirectX 12 PCI Express 3.0 DVI-D Dual Link, HDMI, DisplayPort and Dual Cooling Fan Gaming Edition VA5615RF41-TBVRA-BS2",Biostar,5,2.0,159.48,0,https://c1.neweggimages.com/ProductImageCompressAll300/APNMS210520F3S1K.jpg,"[[' 1176 MHz', ' 4096 *2160', ' 1 x DisplayPort 1.4', ' 1 x DVI', 'Bio-RX560-4g']]"
9SIBMWJJWP6007,MSI Ventus GeForce RTX 2060 12GB GDDR6 PCI Express 3.0 x16 Video Card RTX 2060 VENTUS 12G OC,MSI,5,4.0,321.0,$49.99 Shipping,https://c1.neweggimages.com/ProductImageCompressAll300/14-137-718-S01.jpg,"[[' 7680 x 4320', ' 3 x DisplayPort 1.4a', ' 1 x HDMI 2.0b', ' 9.09"" x 5.04""', 'RTX 2060 VENTUS 12G OC']]"
9SIADDTJXG4130,"ASUS Dual NVIDIA GeForce RTX 3070 V2 OC Edition Gaming Graphics Card (PCIe 4.0, 8GB GDDR6, LHR, HDMI 2.1, DisplayPort 1.4a, Axial-tech Fan Design, Dual BIOS, Protective Backplate)",ASUS,5,16.0,489.99,0,https://c1.neweggimages.com/ProductImageCompressAll300/14-126-531-01.jpg,"[[' 7680 x 4320', ' 3 x DisplayPort 1.4a', ' 2 x HDMI 2.1', ' 10.51"" x 5.31""', 'DUAL-RTX3070-O8G-V2']]"
9SIB1PGFBY4748,MSI GeForce GTX 1070 8GB GDDR5 PCI Express 3.0 x16 SLI Support Video Card GTX 1070 AERO ITX 8G OC,MSI,4.6,20.0,579.0,0,https://c1.neweggimages.com/ProductImageCompressAll300/14-137-092-S99.jpg,"[[' 1531 MHz', ' 2 x DisplayPort 1.4', ' 1 x DL-DVI-D', ' 2 x HDMI 2.0', '1070 AERO ITX 8G OC']]"
9SIB1PGJJK9452,ASUS ROG STRIX GeForce RTX 2060 6GB GDDR6 PCI Express 3.0 Video Card ROG-STRIX-RTX2060-O6G-EVO-GAMING,ASUS,4.7,49.0,695.0,0,https://c1.neweggimages.com/ProductImageCompressAll300/14-126-425-V08.jpg,"[[' 1365 MHz', ' 7680 x 4320', ' 2 x DisplayPort 1.4', ' 2 x HDMI 2.0b', 'RTX2060-O6G-EVO-GAMI']]"
9SIAGGGJNJ8193,ASUS Turbo GeForce RTX 2060 6GB GDDR6 PCI Express 3.0 Video Card TURBO-RTX2060-6G,ASUS,4.7,7.0,599.99,$7.99 Shipping,https://c1.neweggimages.com/ProductImageCompressAll300/14-126-286-V50.jpg,"[[' OC Mode: 1395 MHz\nGaming Mode (Default): 1365 MHz', ' 7680 x 4320', ' 2 x DisplayPort 1.4', ' 2 x HDMI 2.0b', 'TURBO-RTX2060-6G']]"
9SIB1PGH7E2120,ZOTAC GeForce RTX 2070 8GB GDDR6 PCI Express 3.0 Video Card ZT-T20700E-10P,ZOTAC,4.5,14.0,675.0,0,https://c1.neweggimages.com/ProductImageCompressAll300/14-500-456-V08.jpg,"[[' 3 x DisplayPort 1.4', ' 1 x DVI-D', ' 1 x HDMI 2.0b', ' 8.30"" x 5.08""', 'ZT-T20700E-10P']]"
9SIB1PGFBY5669,SAPPHIRE NITRO Radeon R9 390 8GB GDDR5 PCI Express 3.0 x16 Tri-X OC Version w/ backplate (UEFI) Video Card 100382NTOC-2L,Sapphire Tech,4.2,146.0,399.0,0,https://c1.neweggimages.com/ProductImageCompressAll300/14-202-164-10.jpg,"[[' 1040 MHz', ' 3 x DisplayPort', ' 1 x DVI-D', ' 1 x HDMI', '100382NTOC-2L']]"
9SIB1PGFBZ1242,EVGA GeForce GTX 1080 8GB GDDR5X PCI Express 3.0 SLI Support GAMING Video Card 08G-P4-5180-KR,EVGA,4.3,12.0,598.0,0,https://c1.neweggimages.com/ProductImageCompressAll300/14-487-278-S99.jpg,"[[' 1607 MHz', ' 7680 x 4320', ' 3 x DisplayPort 1.4', ' 1 x Dual-Link DVI-D', '08G-P4-5180-KR']]"
9SIB1PGFBZ0280,"EVGA GeForce GTX 960 04G-P4-3969-KR 4GB FTW GAMING w/ACX 2.0+, Whisper Silent Cooling w/ Free Installed Backplate Graphics Card",EVGA,4.6,98.0,429.0,0,https://c1.neweggimages.com/ProductImageCompressAll300/14-487-164-01.jpg,"[[' 1304 MHz', ' Analog: 2048 x 1536\r\nDigital: 4096 x 2160', ' 3 x DisplayPort 1.2', ' 1 x Dual-link DVI', '04G-P4-3969-KR']]"
9SIB1PGFBY1705,EVGA GeForce 9500 GT 512MB DDR2 PCI Express 2.0 x16 SLI Support Video Card 512-P3-N954-TR,EVGA,4.3,264.0,169.0,0,https://c1.neweggimages.com/ProductImageCompressAll300/14-130-378-02.jpg,"[[' 550 MHz', ' 2560 x 1600', ' 2 x DVI', ' DirectX 10', '512-P3-N954-TR', '9SIB1PGFBY1705']]"
9SIB1PGFBX8026,"EVGA GeForce GTX 1650 KO ULTRA GDDR6 GAMING, 04G-P4-1457-KR, 4GB GDDR6, Dual Fan, Metal Backplate",EVGA,4.5,21.0,379.0,0,https://c1.neweggimages.com/ProductImageCompressAll300/14-487-514-V01.jpg,"[[' 7680 x 4320', ' 1 x DisplayPort 1.4', ' 1 x Dual-Link DVI-D', ' 1 x HDMI 2.0b', '04G-P4-1457-KR', '9SIB1PGFBX8026']]"
9SIB1PGJHA8181,MSI GeForce GTX 980TI GAMING 6G GOLDEN EDITION,MSI,4.6,29.0,595.0,0,https://c1.neweggimages.com/ProductImageCompressAll300/14-127-912-12.jpg,"[[' 1190 MHz (OC)\n1140 MHz (Gaming)\n1000 MHz (Silent)', ' 4096 x 2160', ' 3 x DisplayPort 1.2', ' 1 x Dual-link DVI-I', 'GTX980Ti GAMING 6G G']]"
9SIBGFDJDR0921,"GIGABYTE GeForce RTX 2060 Super WINDFORCE OC 8G Graphics Card, 2 x WINDFORCE Fans, 8GB 256-Bit GDDR6, GV-N206SWF2OC-8GD Video Card",GIGABYTE,3.9,41.0,319.99,$40.00 Shipping,https://c1.neweggimages.com/ProductImageCompressAll300/14-932-174-V01.jpg,"[[' 1680 MHz', ' 7680 x 4320 @ 60 Hz', ' 3 x DisplayPort 1.4', ' 1 x HDMI 2.0b', 'GV-N206SWF2OC-8GD']]"
9SIBMWJJX13522,GIGABYTE GeForce GTX 1650 4GB GDDR6 PCI Express 3.0 x16 ATX Video Card GV-N1656WF2OC-4GD (rev. 2.0),GIGABYTE,4.4,17.0,138.0,$49.99 Shipping,https://c1.neweggimages.com/ProductImageCompressAll300/14-932-314-S03.jpg,"[[' 1650 MHz', ' 7680 x 4320 @ 60 Hz', ' 1 x DisplayPort 1.4', ' 1 x DVI-D', 'GV-N1656WF2OC-4GDV2']]"
9SIB1PGFBX5543,DELL OEM NVIDIA GTX 745 4GB TC2P0 DDR3 PCIE 3.0 VIDEO GRAPHICS CARD,NVIDIA,,,282.0,0,https://c1.neweggimages.com/ProductImageCompressAll300/AE8D_131759712356910459rMJXbMgJ3E.jpg,"[['TC2P0', '9SIB1PGFBX5543']]"
9SIB1PGGS93236,XFX Radeon VII 16GB HBM2 PCI Express 3.0 CrossFireX Support Video Card RX-VEGMA3FD6,XFX,4.1,38.0,2390.0,0,https://c1.neweggimages.com/ProductImageCompressAll300/14-150-820-V07.jpg,"[[' 1400 MHz', ' 4096 x 2160', ' 3 x DisplayPort 1.4', ' 1 x HDMI 2.0b', 'RX-VEGMA3FD6']]"
9SIB1PGJ9P5853,"EVGA GeForce RTX 3080 12GB FTW3 Ultra Gaming, 12G-P5-4877-KL, 12GB GDDR6X, iCX3 Technology, ARGB LED, Metal Backplate, LHR",EVGA,,,1410.0,0,https://c1.neweggimages.com/ProductImageCompressAll300/AKRFS22022306DZ9T4F.jpg,"[['EVGA 12G-P5-4877-KL', '9SIB1PGJ9P5853']]"
9SIB1PGFBW4106,EVGA GeForce GTX 1070 FTW2 Gaming Video Card 8GB GDDR5,EVGA,,,579.0,0,https://c1.neweggimages.com/ProductImageCompressAll300/V11H_1_201809111445236857.jpg,"[[' 1.6 GHz', ' 7680 x 4320', ' 1 x Mini DisplayPort', ' 1 x DVI', 'QF7-2D-00497-NW', '9SIB1PGFBW4106']]"
9SIB1PGJJF7064,EVGA RTX 2070 Super Black Edition SHIPS FROM USA 08G-P4-3071-KR,NVIDIA,,,675.0,0,https://c1.neweggimages.com/ProductImageCompressAll300/A4RRS210720FryxR.jpg,[['RTX 2070 Super']]
9SIAT8UEUY7981,ONDA RX 550 4GB D5 DDR5 1071/6000MHz DP HDMI DVI PCI-Express 3.0 128-Bit Graphics Card,,,,119.99,0,https://c1.neweggimages.com/ProductImageCompressAll300/AT8UD210607VWE0U.jpg,"[['ONDA-RX 550-4GBD5-01', '9SIAT8UEUY7981']]"
9SIB1PGG213677,ASUS GeForce GTX 650 1GB GDDR5 PCI Express 3.0 Video Card GTX650-DCO-1GD5,ASUS,5,2.0,215.0,0,https://c1.neweggimages.com/ProductImageCompressAll300/14-121-708-04.jpg,"[[' 1137MHz', ' D-Sub Max Resolution: 2048x1536\nDVI Max Resolution: 2560x1600', ' 2 x DVI-D', ' 1 x HDMI', 'GTX650-DCO-1GD5']]"
9SIB1PGHV83840,ASUS GeForce GTX 590 (Fermi) 3GB GDDR5 PCI Express 2.0 x16 SLI Support Video Card ENGTX590/3DIS/3GD5,ASUS,3.6,37.0,299.0,0,https://c1.neweggimages.com/ProductImageCompressAll300/14-121-436-06.jpg,"[[' 612MHz', ' 2560 x 1600', ' 1 x Mini DisplayPort', ' 3 x DVI', 'ENGTX590/3DIS/3GD5', '9SIB1PGHV83840']]"
9SIA4REJEM6271,EVGA GeForce GT 620 1GB DDR3 PCI Express 2.0 x16 Video Card 01G-P3-2621-KR,EVGA,4.1,15.0,167.15,0,https://c1.neweggimages.com/ProductImageCompressAll300/14-130-791-14.jpg,"[[' 700 MHz', ' 2560 x 1600', ' 2 x DVI', ' 1 x mini HDMI', '01G-P3-2621-KR']]"
9SIB601GSZ1088,Graphic Card GTX 760 2GB GDDR5 256-Bit for PC Desktop Gaming Discrete Video Card for PC,Mannajue,,,189.99,0,https://c1.neweggimages.com/ProductImageCompressAll300/B601S220116Xry9X.jpg,"[[' 980 MHz', ' 3840 x 2160', ' 1 x DVI', ' 1 x HDMI', '760 2G', '9SIB601GSZ1088']]"
9SIB1PGFBZ1270,"EVGA GeForce GTX 960 04G-P4-3966-KR 4GB SSC GAMING w/ACX 2.0+, Whisper Silent Cooling w/ Free Installed Backplate Graphics Card",EVGA,4.5,75.0,429.0,0,https://c1.neweggimages.com/ProductImageCompressAll300/14-487-128-09.jpg,"[[' 1279 MHz', ' Analog: 2048 x 1536\nDigital: 4096 x 2160', ' 3 x DisplayPort', ' 1 x DVI-I', '04G-P4-3966-KR']]"
9SIBF3CJ4W3793,Peladn Gaming Graphics AMD RX 6500XT 4GB Video Card GDDR6 PCI Express 4.0,Peladn,,,159.0,0,https://c1.neweggimages.com/ProductImageCompressAll300/BF3CS2302230DRUEZFE.jpg,"[[' 2685 MHz', ' 1 x DisplayPort', ' 1 x HDMI', ' 201mm*113mm', '6972410027479', '9SIBF3CJ4W3793']]"
9SIA24GJUG9742,"ASUS ROG Strix GeForce RTX 4090 OC Edition Gaming Graphics Card (PCIe 4.0, 24GB GDDR6X, HDMI 2.1a, DisplayPort 1.4a) ROG-STRIX-RTX4090-O24G-GAMING",ASUS,4.8,63.0,2099.99,0,https://c1.neweggimages.com/ProductImageCompressAll300/14-126-593-V01.jpg,"[[' 7680 x 4320', ' 3 x DisplayPort 1.4a', ' 2 x HDMI 2.1', ' 357.6 x 70.1mm', 'ROG-STRIX-RTX4090-O24G-GAMING']]"
9SIAZUEGSX6466,Yeston GT730 2GB GDDR3  128bit  PCIExpress 2.0 DirectX11 Single Slot 4*HDMI compatible graphics card of Desktop,yeston,,,109.0,0,https://c1.neweggimages.com/ProductImageCompressAll300/AZUES220101g8DuG.jpg,"[[' 993 MHz', ' 4096 x 2160', ' 4 x HDMI', ' Single Slot', 'GT730-2G 4HDMI G', '9SIAZUEGSX6466']]"
9SIB1PGJHD7311,NVIDIA GeForce RTX 3090 Ti Founders Edition FE 24GB Video Card,NVIDIA,,,1925.0,0,https://c1.neweggimages.com/ProductImageCompressAll300/AYTVS2204070UZBMH76.jpg,"[['C-RTX 3090 Ti Founders Edition', '9SIB1PGJHD7311']]"
9SIBMWJJWB4934,GIGABYTE AORUS GeForce RTX 3060 Ti ELITE 8GB GDDR6 PCI Express 4.0 ATX Video Card GV-N306TAORUS E-8GD (rev. 2.0) (LHR),GIGABYTE,4.8,86.0,464.15,$49.99 Shipping,https://c1.neweggimages.com/ProductImageCompressAll300/14-932-469-V01.jpg,"[[' 1785 MHz', ' 7680 x 4320', ' 2 x DisplayPort 1.4a', ' 2 x HDMI 2.1', 'GV-N306TAORUS E-8GD REV2']]"
9SIB11NFMR9908,MSI Ventus GeForce RTX 3060 12GB GDDR6 PCI Express 4.0 Video Card RTX 3060 Ventus 2X 12G OC LHR,MSI,4.7,3.0,349.99,0,https://c1.neweggimages.com/ProductImageCompressAll300/APBUD210706HUEJ9.jpg,"[[' 7680 x 4320', ' 3 x DisplayPort', ' 1 x HDMI', ' 9.25*4.88', 'B-RTX 3060 VENTUS 2X']]"
9SIAUPUDS48119,"805132-B21 808409-001 806127-001
HPE Sourcing Tesla M6 Graphic Card - 8 GB GDDR5",HP,,,115.0,Special Shipping,https://c1.neweggimages.com/ProductImageCompressAll300/AUPUS210127OVRTP.jpg,"[[' NVIDIA', '805132-B21', '9SIAUPUDS48119']]"
9SIB9XKHY97107,"SAPLOS Radeon RX 550 Graphics Card, 4GB, GDDR5, 128-Bit,DisplayPort DVI-D HDMI, Video Card for PC, Computer Gaming GPU, 4K Display Support,PCI Express x 8 3.0,Dual Cooling Fans",SAPLOS,,,149.99,0,https://c1.neweggimages.com/ProductImageCompressAll300/B9XKS2206090HE25258.jpg,"[[' 1183 MHz', ' 4096 x 2160', ' 1 x DisplayPort', ' 1 x DVI', 'RX 550 4G-Dual Fans', '9SIB9XKHY97107']]"
9SIA25VH3Y3494,MSI G166SVXSC Gaming GeForce GTX 1660 Super 192-bit 6GB GDRR6 Graphics Card,MSI,,,287.18,0,https://c1.neweggimages.com/ProductImageCompressAll300/AKRFS200518ezRJT.jpg,"[[' NVIDIA GeForce GTX 16 Series', ' 125W', ' 247 mm', 'co-MSI G166SVXSC', '9SIA25VH3Y3494']]"
9SIBMWJJX13466,ASUS GeForce GTX 1650 4GB Phoenix Fan Overclocked Edition HDMI DP DVI Graphics Card (PH-GTX1650-O4G),ASUS,4.3,18.0,148.8,$49.99 Shipping,https://c1.neweggimages.com/ProductImageCompressAll300/14-126-322-V07.jpg,"[[' 1485 MHz', ' 7680 x 4320', ' 1 x DisplayPort 1.4', ' 1 x DVI-D', 'PH-GTX1650-O4G']]"
9SIA4REGRY8203,"SAPPHIRE RX 6600 8G Platinum Graphics Card, 8GB 128-bit GDDR6, Support PCI Express 4.0, Video Memory Rate 14 Gbps, 1×HDMI2.1 Interface, 3×DisplayPort1.4 Interface",Sapphire Tech,,,369.99,0,https://c1.neweggimages.com/ProductImageCompressAll300/A4RES2111120E89926F.jpg,"[[' 7680 x 4320', ' 3 x DisplayPort 1.4', ' 1 x HDMI', ' 7.60"" x 4.73""', 'SAPPHIRE RX 6600 8G Platinum']]"
9SIA4REHDT9972,"ASRock Radeon RX 6700 XT Challenger D 12GB Graphics Card, 12GB 192-bit GDDR6, Support PCI Express 4.0,1×HDMI 2.1 Interface, 3×DisplayPort 1.4 Interface",ASRock,,,639.77,0,https://c1.neweggimages.com/ProductImageCompressAll300/A4RES2201060I9WQV16.jpg,[['ASROCK Radeon RX6700XT CLD 12G']]
9SIAPNMEMF1521,MSI GeForce GT 730 4GB DDR3 PCI Express 2.0 x16 Video Card N730-4GD3V2,MSI,3.2,21.0,99.99,0,https://c1.neweggimages.com/ProductImageCompressAll300/14-127-907-01.jpg,"[[' 700 MHz', ' 2560 x 1600', ' 1 x DL-DVI-I', ' 1 x HDMI 1.4a', 'N730-4GD3V2']]"
9SIB9XKJ2A3700,"SAPLOS Radeon HD 5450 Low Profile Graphics Card, 2GB GDDR3 64-bit,DVI-I HDMI VGA, PCI Express x16,PC Video Card,Computer GPU,DirectX 11",SAPLOS,,,50.39,0,https://c1.neweggimages.com/ProductImageCompressAll300/B9XKS2207200KPZJ2F6.jpg,"[[' 650 MHz', ' 1 x DVI', ' 1 x HDMI', ' Single Slot', 'HD 5450-2GB', '9SIB9XKJ2A3700']]"
9SIB1PGJPM8216,Video Card EVGA GeForce RTX 3070 Ti FTW3 ULTRA GAMING 08G-P5-3797-KL 8GB GDDR6X iCX3 Technology ARGB LED Metal Backplate,EVGA,,,925.0,0,https://c1.neweggimages.com/ProductImageCompressAll300/A92GS210916E9CD4.jpg,"[[' 7680 x 4320', ' 3 x DisplayPort 1.4a', ' 1 x HDMI 2.1', ' 11.81"" x 5.38""', '08GP53797KL']]"
9SIB86XHY50069,51RISC GTX1080 8G Gaming Video Card 256-bit DDR5 Graphics Card Core Frequency and 8000MHz Memory Frequency 1920 CUDA Pro,51Risc,,,310.25,0,https://c1.neweggimages.com/ProductImageCompressAll300/B86XS2207130QGVPW5D.jpg,"[[' Double Fans', '51RISC1070TI', '9SIB86XHY50069']]"
9SIAYTVESH8820,ASUS TUF Gaming GeForce GTX 1660 SUPER Overclocked 6GB Edition HDMI DP DVI Gaming Graphics Card (TUF-GTX1660S-O6G-GAMING),ASUS,,,259.99,$49.99 Shipping,https://c1.neweggimages.com/ProductImageCompressAll300/AU1ZS210301KEb5x.jpg,[['TUF 1660 SUPER']]
9SIAGKC9V57605,MAXSUN GeForce GTX 1050 Ti DirectX 12 GTX 1050 Ti TF4G 4GB 128-Bit GDDR5 PCI Express 3.0 x16 Standard ATX Video Card Gaming Graphics Card GTX 1050TI  GPU,MAXSUN,,,299.99,0,https://c1.neweggimages.com/ProductImageCompressAll300/AGKC_1_20190814938175980.jpg,"[[' 1291 MHz', ' 4096 x 2160', ' 1 x DVI', ' 1 x HDMI', 'VGAMXS1050TiTF4G', '9SIAGKC9V57605']]"
9SIB1PGFBY4124,GIGABYTE Radeon RX Vega 56 8GB HBM2 PCI Express 3.0 x16 CrossFireX Support ATX Video Card GV-RXVEGA56GAMING OC-8GD,GIGABYTE,2.4,45.0,585.0,0,https://c1.neweggimages.com/ProductImageCompressAll300/14-932-030-V01.jpg,"[[' 1170 MHz', ' HDMI-2.0b: 4096 x 2160 @ 60 Hz\nDisplay Port-1.4: 7680 x 4320 @ 60 Hz', ' 3 x DisplayPort 1.4', ' 3 x HDMI 2.0b', 'GV-RXVEGA56GAMING OC']]"
9SIB1PGFBY5642,ASUS Turbo GeForce GTX 1060 6GB GDDR5 PCI Express 3.0 Video Card TURBO-GTX1060-6G,ASUS,4.2,49.0,489.0,0,https://c1.neweggimages.com/ProductImageCompressAll300/14-126-115-S99.jpg,"[[' 1506 MHz', ' 7680 x 4320', ' 2 x DisplayPort 1.4', ' 1 x DVI-D', 'TURBO-GTX1060-6G']]"
9SIB1PGFBY9424,EVGA GeForce GTX 970 4GB GDDR5 PCI Express 3.0 x16 SLI Support Video Card 04G-P4-3973-KR,EVGA,4.3,38.0,469.0,0,https://c1.neweggimages.com/ProductImageCompressAll300/14-487-136-02.jpg,"[[' 1050 MHz', ' 4096 x 2160', ' 3 x DisplayPort 1.2', ' 1 x Dual-link DVI-I', '04G-P4-3973-KR']]"
9SIB1PGFBZ1263,ZOTAC GeForce GTX 1080 Ti AMP Edition 11GB GDDR5X 352-bit Gaming Graphics Card VR Ready 16+2 Power Phase Freeze Fan Stop IceStorm Cooling Spectra Lighting ZT-P10810D-10P,ZOTAC,4.1,18.0,749.0,0,https://c1.neweggimages.com/ProductImageCompressAll300/14-500-419-Z01.jpg,"[[' 1569 MHz', ' 3 x DisplayPort 1.4', ' 1 x DL-DVI-D', ' 1 x HDMI 2.0b', 'ZT-P10810D-10P']]"
9SIB1PGFBX8045,EVGA GeForce GT 740 Superclocked 2GB DDR3 PCI Express 3.0 Video Card 02G-P4-2742-KR,EVGA,3.8,12.0,258.0,0,https://c1.neweggimages.com/ProductImageCompressAll300/14-487-045-11.jpg,"[[' 1059MHz', ' 1 x DVI-D\n1 x DVI-I', ' 1 x mini HDMI', ' 6.0"" x 4.4""', '02G-P4-2742-KR', '9SIB1PGFBX8045']]"
9SIB1PGFBY9450,"EVGA GeForce GTX 1080 GAMING ACX 3.0, 08G-P4-6181-KR, 8GB GDDR5X, LED, DX12 OSD Support (PXOC)",EVGA,4,16.0,598.0,0,https://c1.neweggimages.com/ProductImageCompressAll300/14-487-246-S99.jpg,"[[' 1607 MHz', ' 7680 x 4320', ' 3 x DisplayPort 1.4', ' 1 x Dual-Link DVI-D', '08G-P4-6181-KR']]"
9SIAPMXHKF7602,MSI Suprim GeForce RTX 3080 12GB GDDR6X PCI Express 4.0 Video Card RTX 3080 SUPRIM X 12G LHR,MSI,,,1198.0,0,https://c1.neweggimages.com/ProductImageCompressAll300/BBB1S2204040FA21WC3.jpg,[['RTX 3080 SUPRIM X 12G LHR1111']]
9SIBKMGK0D9278,"ZOTAC GAMING GeForce RTX 2080 Ti Blower Graphic Card, ZT-T20810A-10P, 11GB GDDR6",ZOTAC,,,1060.0,0,https://c1.neweggimages.com/ProductImageCompressAll300/14-500-451-S07.jpg,"[[' 3 x DisplayPort 1.4', ' 1 x HDMI 2.0b', ' 10.55"" x 4.45""', ' 2 Slots', 'ZT-T20810A-10P']]"
9SIB1PGHUP3805,DIAMOND Radeon HD 6870 1GB GDDR5 PCI Express 2.1 x16 CrossFireX Support Video Card with Eyefinity 6870PE51G,Diamond Multimedia,4.4,19.0,249.0,0,https://c1.neweggimages.com/ProductImageCompressAll300/14-103-123-04.jpg,"[[' 900 MHz', ' 2560 x 1600', ' 2 x Mini DisplayPort', ' 2 x DVI (1 Single Link, 1 Dual Link)', '6870PE51G']]"
9SIB1PGJEE4825,PNY Quadro NVS 310 VCNVS310DP-PB 512MB 64-bit DDR3 PCI Express 2.0 x16 Low Profile Workstation Video Card,"PNY Technologies, Inc.",,,65.0,0,https://c1.neweggimages.com/ProductImageCompressAll300/ARF6D2204130G7ZP710.jpg,[['PNY15']]
9SIB1PGFC02054,nVidia Quadro 600 1GB DDR3 PCIe x16 DVI DisplayPort Video Graphics Card OEM,NVIDIA,,,88.0,0,https://c1.neweggimages.com/ProductImageCompressAll300/AA4T_131214674084035123T56wcbWSt6.jpg,"[[' Video card, driver CD', '600-25']]"
9SIANMWDVF4999,"FM664 - Dell ATI Radeon HD2400 XT, 256MB, DMS-59, TV out, Low Profile, OPGA5",DELL,,,24.99,0,https://c1.neweggimages.com/ProductImageCompressAll300/ANMWD2102100T3P5.jpg,"[['FM664', '9SIANMWDVF4999']]"
9SIB1PGFBX4916,EVGA e-GeForce 7800 GTX Graphics Card,EVGA,,,263.0,0,https://c1.neweggimages.com/ProductImageCompressAll300/AE8D_131746887923231058k7QQaloqzi.jpg,"[[' 400 MHz', ' 2048 x 1536', ' Yes', ' 256-Bit', '256P2N538AX', '9SIB1PGFBX4916']]"
9SIA0ZX6BK0344,"Lenovo 4X60M97031 Nvidia Geforce Gt730 - Graphics Card - Gf Gt 730 - 2 Gb Gddr5 - Pcie 2.0 X8 Low Profile - Displayport - For Thinkcentre M710S (Sff, Tower) , M710T (Sff, Tower) , M910S (Sff, Tower)",Lenovo,4.3,3.0,113.92,Special Shipping,https://c1.neweggimages.com/ProductImageCompressAll300/AFYUD2111060IAXVQE6.jpg,[['4X60M97031']]
9SIAT8UHAX2919,"ASUS GT730-4H-SL-2GD5 NVIDIA GeForce GT 730 2 GB GDDR5 Graphics Card , 4X HDMI Ports, Single-Slot Design, Passive Cooling",ASUS,,,100.5,0,https://c1.neweggimages.com/ProductImageCompressAll300/AT8UD2203210IQVG7BE.jpg,[['HS-GT730-4H-SL-2GD5-01']]
9SIASGMHS07562,MSI GeForce RTX 3050 VENTUS 2X 8G OC GDDR6 LHR,MSI,,,299.99,0,https://c1.neweggimages.com/ProductImageCompressAll300/ARUXS220128057G5TB6.jpg,[['MSI GeForce RTX 3050 VENTUS 2X 8G OC']]
9SIB1PGFBY2573,EVGA SuperClocked 015-P3-1582-AR GeForce GTX 580 (Fermi) 1536MB 384-bit GDDR5 PCI Express 2.0 x16 HDCP Ready SLI Support Video Card,EVGA,4.6,244.0,295.0,0,https://c1.neweggimages.com/ProductImageCompressAll300/14-130-590-03.jpg,"[[' 797Mhz (vs. 772Mhz reference)', ' 2560 x 1600', ' 2 x DVI', ' 1 x mini HDMI', '015-P3-1582-AR', '9SIB1PGFBY2573']]"
9SIB1PGFBY2495,EVGA 03G-P3-1596-AR GeForce GTX 590 (Fermi) Classified 3072MB 768-bit GDDR5 PCI Express 2.0 x16 HDCP Ready SLI Support Video Card,EVGA,4.3,83.0,299.0,0,https://c1.neweggimages.com/ProductImageCompressAll300/14-130-693-04.jpg,"[[' 630 MHz', ' 2560 x 1600', ' 1 x Mini DisplayPort', ' 3 x DVI', '03G-P3-1596-AR', '9SIB1PGFBY2495']]"
9SIB1PGFBV9516,"EVGA GeForce GTX 580 1536 MB GDDR5 PCI Express 2.0 2DVI/Mini HDMI SLI Ready Graphics Card, 015-P3-1580-TR",EVGA,,,295.0,0,https://c1.neweggimages.com/ProductImageCompressAll300/A7U1_1_202002151190349330.jpg,[['h2020PB004BA117G']]
9SIAPMXG082653,ASRock Challenger D Radeon RX 6600 XT 8GB GDDR6 PCI Express 4.0 Video Card RX6600XT CLD OC,ASRock,,,729.99,0,https://c1.neweggimages.com/ProductImageCompressAll300/APMXS211009F8Ji6.jpg,[['XRL-77']]
9SIB1PGFBZ2213,PNY GeForce GTX 1080 DirectX 12 VCGGTX10808PB 8GB 256-Bit GDDR5X PCI Express 3.0 x16 Blower Edition Video Card,"PNY Technologies, Inc.",5,3.0,598.0,0,https://c1.neweggimages.com/ProductImageCompressAll300/14-133-739-Z01.jpg,"[[' 1607 MHz', ' 7680 x 4320', ' 3 x DisplayPort 1.4', ' 1 x DL-DVI-D', 'VCGGTX10808PB', '9SIB1PGFBZ2213']]"
9SIARPHJT25794,ASUS ROG Strix GeForce RTX 2080 Ti 11GB GDDR6 PCI Express 3.0 SLI Support Video Card ROG-STRIX-RTX2080TI-A11G-GAMING,ASUS,2.9,19.0,691.18,$49.99 Shipping,https://c1.neweggimages.com/ProductImageCompressAll300/14-126-265-V50.jpg,"[[' 1350 MHz', ' 7680 x 4320', ' 2 x DisplayPort 1.4', ' 2 x HDMI 2.0b', 'RTX2080TI-A11G-GAMIN']]"
9SIB1PGFBX6860,GIGABYTE GeForce RTX 2080 SUPER 8GB GDDR6 PCI Express 3.0 x16 SLI Support ATX Video Card GV-N208SWF3-8GD,GIGABYTE,4,2.0,849.0,0,https://c1.neweggimages.com/ProductImageCompressAll300/14-932-323-V01.jpg,"[[' 1815 MHz', ' 7680x4320@60Hz', ' 3 x DisplayPort 1.4', ' 1 x HDMI 2.0b', 'GV-N208SWF3-8GD']]"
9SIASGMHSE8833,"ASUS ATS NVIDIA Strix GeForce RTX 3050 OC Edition Gaming Graphics Card - PCIe 4.0, 8GB GDDR6 Memory, HDMI 2.1, DisplayPort 1.4a Video Card,ATS-RTX3050-O8G-GAMING",ASUS,,,339.99,0,https://c1.neweggimages.com/ProductImageCompressAll300/AYTVS2202100HXFE466.jpg,[['B-ASUS RTX3050-O8G-GAMING']]
9SIB1PGJCT4390,GIGABYTE Gaming GeForce RTX 3070 Ti 8GB GDDR6X PCI Express 4.0 ATX Video Card GV-N307TGAMING OC-8GD,GIGABYTE,,,925.0,0,https://c1.neweggimages.com/ProductImageCompressAll300/A73MS2204210J8PWZE2.jpg,"[[' NVIDIA', ' NVIDIA GeForce RTX 30 Series', ' 1830 MHz', ' 6144 Cores', '(GV-N307TGAMING OC-8GD)']]"
9SIB1PGJJF8297,ASUS Dual GeForce RTX 2070 8GB GDDR6 PCI Express 3.0 Video Card DUAL-RTX2070-O8G-EVO-V2,ASUS,4.5,24.0,675.0,0,https://c1.neweggimages.com/ProductImageCompressAll300/14-126-424-V08.jpg,"[[' 1410 MHz', ' 7680 x 4320', ' 1 x DisplayPort 1.4', ' 1 x DL-DVI-D', 'DUAL-RTX2070-O8G-EV2']]"
9SIB601GVK1859,"Radeon R9 370 4G War Wolf Video Card,AMD Chip,4GB 256-bit GDDR5,PCI Express 3.0,1×HDMI Interface, 1×DVI Interface,1×DisplayPort Interface",LISM,1,1.0,199.99,0,https://c1.neweggimages.com/ProductImageCompressAll300/B601S220121HolWH.jpg,"[[' 860 MHz', ' 2560×1440(2K)', ' 1 x DisplayPort', ' 1 x DVI', 'NEW R9 370 4G', '9SIB601GVK1859']]"
9SIB1PGFBX6773,EVGA 02G-P4-3771-KR G-SYNC Support GeForce GTX 770 2GB 256-Bit GDDR5 PCI Express 3.0 SLI Support Video Card,EVGA,4.8,29.0,330.0,0,https://c1.neweggimages.com/ProductImageCompressAll300/14-130-939-08.jpg,"[[' 1085MHz', ' 1 x DisplayPort', ' 2 x DVI', ' 1 x HDMI', '02G-P4-3771-KR', '9SIB1PGFBX6773']]"
9SIA4REJEM6286,EVGA GeForce GT 240 1GB DDR5 PCI Express 2.0 x16 Video Card 01G-P3-1246-LR,EVGA,4,33.0,158.71,0,https://c1.neweggimages.com/ProductImageCompressAll300/14-130-542-02.jpg,"[[' 550 MHz', ' 2560 x 1600', ' 1 x DVI', ' 1 x HDMI', '01G-P3-1246-LR', '9SIA4REJEM6286']]"
9SIA4REH883858,"ASUS TUF Gaming Radeon RX 6900 XT 16GB Overclocked Graphics Card, 16GB 256-bit GDDR6, Support PCI Express 4.0,1 x HDMI 2.1, 3 x DisplayPort1.4a",ASUS,,,1587.23,0,https://c1.neweggimages.com/ProductImageCompressAll300/A4RES2112100E0XRBD0.jpg,"[[' 7680 x 4320', ' 3 x DisplayPort 1.4a', ' 1 x HDMI 2.1', ' 13.00"" x 5.52""', 'ASUS TUF RX 6900 XT O16G GAMING']]"
9SIB4KCJ5Z8383,ASUS GeForce GT 1030 DirectX 12 GT1030-SL-2G-BRK 2GB 64-Bit GDDR5 PCI Express 3.0 HDCP Ready Video Card,ASUS,5,1.0,99.75,0,https://c1.neweggimages.com/ProductImageCompressAll300/14-126-215-V02.jpg,"[[' OC Mode: 1266 MHz\nGaming Mode (Default): 1228 MHz', ' 1920 x 1200', ' 1 x DVI-D', ' 1 x HDMI', 'GT1030-SL-2G-BRK']]"
9SIAGGGHR60402,"GIGABYTE GeForce RTX 2080 Super WINDFORCE OC 8G Graphics Card, 3 x WINDFORCE Fans, 8GB 256-Bit GDDR6, GV-N208SWF3OC-8GD Video Card",GIGABYTE,3.8,19.0,599.99,$7.99 Shipping,https://c1.neweggimages.com/ProductImageCompressAll300/14-932-211-V10.jpg,"[[' 1830 MHz', ' 7680 x 4320 @ 60 Hz', ' 3 x DisplayPort 1.4', ' 1 x HDMI 2.0b', 'GV-N208SWF3OC-8GD']]"
9SIA4REHAW2093,"MAXSUN RX 550 Transformers 4G Graphics Card, 4GB 128-bit GDDR5, 1×HDMI Interface, 1×DVI Interface, 1×DisplayPort Interface",MAXSUN,,,139.58,0,https://c1.neweggimages.com/ProductImageCompressAll300/A4RES21122807A5TU1A.jpg,"[[' 1183 MHz', ' 4096 x 2160', ' 1 x DisplayPort', ' 1 x DVI', 'MAXSUN RX550 Transformers 4G', '9SIA4REHAW2093']]"
9SIAYTVFC66484,Asus TUF-GTX1660S-O6G-GAMING TUF Gaming GeForce GTX 1660 Super Gaming Graphics Card,ASUS,,,274.99,$49.99 Shipping,https://c1.neweggimages.com/ProductImageCompressAll300/A2W0S210623GUfwp.jpg,"[[' 1530 MHz', ' 7680 x 4320', ' 1 x DisplayPort', ' DVI-D', 'TUF-GTX1660S-O6G-GAMING D1']]"
9SIARA8JM75647,"ASUS EKWB GeForce RTX 3090 24GB GDDR6X (PCIe 4.0, 24GB GDDR6X Memory, HDMI 2.1, DisplayPort 1.4a, Auto-Extreme Technology, Protective Backplate, Single-slot Design, and EK Water Block), RTX3090-24G-EK",ASUS,5,1.0,4992.71,0,https://c1.neweggimages.com/ProductImageCompressAll300/14-126-485-V19.jpg,"[[' 7680 x 4320', ' 3 x DisplayPort 1.4a', ' 1 x HDMI 2.1', ' 8.50"" x 5.36""', 'RTX3090-24G-EK']]"
9SIB9XKHB83254,"SAPLOS Radeon HD 7670 Graphics Card,2GB,128 Bit,DDR3,PCI Express x 16,Computer GPU,VGA/HDMI/DVI-D,Desktop Video Card for PC Working, Single Fan",SAPLOS,,,69.99,0,https://c1.neweggimages.com/ProductImageCompressAll300/B9XKS2203230EBTYI25.jpg,"[[' 650 MHz', ' 2048 x 1536@60Hz', ' 1 x DVI', ' 1 x HDMI', '7670 2G-New', '9SIB9XKHB83254']]"
9SIASGMJSK0029,GIGABYTE GeForce GTX 1660 SUPER 6GB GDDR6 PCI Express 3.0 x16 ATX Video Card GV-N166SD6-6GD,GIGABYTE,5,1.0,246.99,0,https://c1.neweggimages.com/ProductImageCompressAll300/14-932-467-V01.jpg,"[[' 1785 MHz', ' 7680 x 4320 @ 60 Hz', ' 3 x DisplayPort 1.4', ' 1 x HDMI 2.0b', 'GV-N166SD6-6G']]"
9SIBMWJJX13441,ASUS Phoenix GeForce GTX 1650 4GB GDDR6 PCI Express 3.0 Video Card PH-GTX1650-O4GD6,ASUS,4.5,23.0,144.6,$49.99 Shipping,https://c1.neweggimages.com/ProductImageCompressAll300/14-126-446-V01.jpg,"[[' 1410 MHz', ' 7680 x 4320', ' 1 x DisplayPort 1.4', ' 1 x DVI-D', 'PH-GTX1650-O4GD6']]"
9SIAYTVHAT8875,"GIGABYTE Radeon RX 6700 XT EAGLE OC 12G Graphics Card, WINDFORCE 3X Cooling System, 12GB 192-bit GDDR6, GV-R67XTEAGLE OC-12GD Video Card",GIGABYTE,3.8,6.0,449.99,$49.99 Shipping,https://c1.neweggimages.com/ProductImageCompressAll300/14-932-494-V01.jpg,"[[' 7680 x 4320', ' 2 x DisplayPort 1.4a', ' 2 x HDMI 2.1', ' 11.10"" x 4.45""', 'GV-R67XTEAGLE OC-12GD']]"
9SIBMWJJX67383,"ASUS Cerberus GeForce GTX 1050 Ti 4GB OC Edition GDDR5 Gaming Graphics Card, CERBERUS-GTX1050TI-O4G",ASUS,4.3,14.0,140.79,$49.99 Shipping,https://c1.neweggimages.com/ProductImageCompressAll300/14-126-237-V10.jpg,"[[' OC Mode: 1366 MHz\nGaming Mode (Default): 1341 MHz', ' 7680 x 4320', ' 1 x DisplayPort 1.4', ' 1 x DVI-D', 'CERBERUS-GTX1050TI-O']]"
9SIAKNUH000460,ASUS GeForce GT 730 2GB GDDR5 Graphics Card,ASUS,,,104.44,0,https://c1.neweggimages.com/ProductImageCompressAll300/A8UC_1_2020031383056494.jpg,[['90YV06N1-M0NA00']]
9SIB68EH8W6146,"EVGA GeForce RTX 2060 12GB XC BLACK GAMING, 12G-P4-2261-KR, 12GB GDDR6, Dual Fans, Metal Backplate",EVGA,5,3.0,474.0,0,https://c1.neweggimages.com/ProductImageCompressAll300/14-487-563-V82.jpg,"[[' 7680 x 4320', ' 1 x DisplayPort 1.4', ' Dual-Link DVI-D', ' 1 x HDMI 2.0b', '12G-P4-2261-KR']]"
9SIB46UGS33638,ASUS ROG STRIX GeForce RTX 3080 O10G GAMING OC D6X 10GB White,ASUS,,,1695.0,0,https://c1.neweggimages.com/ProductImageCompressAll300/AUYWS210818weUSC.jpg,"[[' Triple Fans', 'ASUS ROG STRIX GeForce RTX 3080 O10G', '9SIB46UGS33638']]"
9SIBFUMJ799313,MSI Gaming GeForce RTX 3060 12GB 15 Gbps GDRR6 192-Bit HDMI/DP PCIe 4 Torx Triple Fan Ampere OC Graphics Card (RTX 3060 Ventus 3X 12G OC),MSI,,,508.0,0,https://c1.neweggimages.com/ProductImageCompressAll300/A73MS2206060IKG2E82.jpg,"[[' NVIDIA', ' NVIDIA GeForce RTX 30 Series', ' 1807 MHz', ' 3584 Cores', '(RTX 3060 Ventus 3X 12G OC)']]"
9SIBDCAJ949514,"Inno3D GeForce RTX 3060 Ti Ice Dragon Edition (iCHILL X3) Graphics Card, PCIE 4.0  8GB 256-bit GDDR6, 1×HDMI Interface, 3×DisplayPort Interface Video Graphics Card,RED LED lighting GPU",Inno3D,,,779.99,0,https://c1.neweggimages.com/ProductImageCompressAll300/AYTVS2206090IWCDLBC.jpg,"[['B-Inno3D RTX3060Ti Ice Dragon super', '9SIBDCAJ949514']]"
9SIABT1JAE1663,GIGABYTE Gaming GeForce RTX 4090 24GB GDDR6X PCI Express 4.0 x16 ATX Video Card GV-N4090GAMING OC-24GD,GIGABYTE,4.7,175.0,1829.99,0,https://c1.neweggimages.com/ProductImageCompressAll300/14-932-550-23.jpg,"[[' 7680 x 4320', ' 3 x DisplayPort 1.4', ' 1 x HDMI 2.1', ' L=340 mm, W=150.2 mm, H=75.2 mm', 'GV-N4090GAMING OC-24GD']]"
9SIB1PGFBZ9133,PNY GeForce RTX 2080 SUPER 8GB GDDR6 PCI Express 3.0 x16 SLI Support Video Card VCG20808SBLMPB,"PNY Technologies, Inc.",,,849.0,0,https://c1.neweggimages.com/ProductImageCompressAll300/A24G_1_20190915699454023.jpg,"[[' 1650 MHz', ' 7680 x 4320 @60Hz', ' 3 x DisplayPort 1.4', ' 1 x HDMI 2.0b', 'VCG20808SBLMPB']]"
9SIB1PGFBW8736,ATI Radeon R9 270 2GB DDR5 Graphics Video Card,,,,269.0,0,https://c1.neweggimages.com/ProductImageCompressAll300/A78Y_131042915599385045KQcs5EMSFK.jpg,"[[' 1400MHz', ' 2560 x 1600', ' 1 x DisplayPort', ' 2 x DVI', '102C6300500', '9SIB1PGFBW8736']]"
9SIB1PGFBX9979,GIGABYTE AORUS GeForce RTX 2080 SUPER 8GB GDDR6 PCI Express 3.0 x16 SLI Support ATX Video Card GV-N208SAORUS W-8GC,GIGABYTE,4.3,19.0,995.0,0,https://c1.neweggimages.com/ProductImageCompressAll300/14-932-206-V01.jpg,"[[' 1860 MHz', ' 7680 x 4320 @ 60 Hz', ' 3 x DisplayPort 1.4', ' 3 x HDMI 2.0b', 'GV-N208SAORUS W-8GC']]"
9SIA4RE7717516,CORN GTX750Ti 2GB 128Bit GDDR5 Graphic Card Video Card GPU DirectX 12 PCI Express3.0 x16 DVI-D/VGA/HDMI,Corn Electronics,4.2,11.0,99.99,0,https://c1.neweggimages.com/ProductImageCompressAll300/A4RES2208090CLG7O25.jpg,"[[' 1020 MHz', ' 4096 x 2160', ' 1 x DVI', ' 1 x HDMI', 'DZ-XK-006', '9SIA4RE7717516']]"
9SIAGGGHT38739,"ASUS TUF Gaming NVIDIA GeForce RTX 3070 Ti OC Edition Graphics Card (PCIe 4.0, 8GB GDDR6X, HDMI 2.1, DisplayPort 1.4a, Dual Ball Fan Bearings, Military-Grade Certification, GPU Tweak II)",ASUS,,,699.99,$4.99 Shipping,https://c1.neweggimages.com/ProductImageCompressAll300/AYTVD210628RS9X5.jpg,"[[' NVIDIA GeForce RTX 30 Series', ' OC mode: 1815 MHz Gaming mode: 1785 MHz', ' 6144', ' 290W', 'RTX3070TIO8G-GAMING']]"
14-129-427,VisionTek Radeon HD 6570 1GB GDDR3 PCI Express 2.0 x16 Video Card 901491,VisionTek,4.9,7.0,64.99,0,https://c1.neweggimages.com/ProductImageCompressAll300/A24GD2111091B19LP56.jpg,"[[' 480 MHz', ' 1920 x 1080', ' 1 x DVI', ' 1 x HDMI', '901491', 'N82E16814129427']]"
9SIB1PGJAB1684,NVidia GeForce Titan V Volta Blower 12GB HBM2 900-1G500-2500-000 Video Graphic Card GPU,NVIDIA,,,2450.0,0,https://c1.neweggimages.com/ProductImageCompressAll300/AWFGD21111407M8EA62.jpg,"[['shoudong14', '9SIB1PGJAB1684']]"
9SIAPMXFEM7699,ASUS ROG Strix GeForce RTX 3070 8GB GDDR6 PCI Express 4.0 Video Card ROG-STRIX-RTX3070-O8G-WHITE-V2,ASUS,,,899.0,0,https://c1.neweggimages.com/ProductImageCompressAll300/APMXS210730xpGFl.jpg,"[['ROG-STRIX-RTX3070-O8G-WHITE-V2', '9SIAPMXFEM7699']]"
9SIB1PGFBW1092,DELL NJ0D3 AMD ATI Radeon HD 7570 1GB DVI Display Port PCI-e Video Card,DELL,,,129.0,0,https://c1.neweggimages.com/ProductImageCompressAll300/AFUSD2006031UD4T.jpg,"[['32026209222718', '9SIB1PGFBW1092']]"
9SIB1PGJEE3322,NVIDIA GeForce Titan X (Pascal) 12GB 384-Bit GDDR5X PCI Express 3.0 HDCP Ready SLI Support Video Card,NVIDIA,,,795.0,0,https://c1.neweggimages.com/ProductImageCompressAll300/AWFGD211114084EC795.jpg,"[['shoudong59', '9SIB1PGJEE3322']]"
9SIB1PGJGU8403,NVIDIA - NVIDIA GeForce RTX 2080 Super 8GB GDDR6 PCI Express 3.0 Graphics Card - Black/Silver 9001G1802540000,NVIDIA,,,849.0,0,https://c1.neweggimages.com/ProductImageCompressAll300/AWFGD210824C8Y97.jpg,"[['shoudong23', '9SIB1PGJGU8403']]"
9SIB1PGFBZ8284,New NVidia Quadro FX 4600 768MB GDDR3 DUAL DVI PCI-E Video Graphics Card Dell JP111 0JP111 CN-0JP111,NVIDIA,,,149.0,0,https://c1.neweggimages.com/ProductImageCompressAll300/A9AX_131693354227209904c1cprkjt77.jpg,"[[' 400MHz', ' Single Fan', 'JP111']]"
9SIB1PGFBV6266,ASUS GeForce RTX 2080 Ti 11G Turbo Edition GDDR6 HDMI DP 1.4 Type-C graphics card (TURBO-RTX2080TI-11G),ASUS,,,1079.0,0,https://c1.neweggimages.com/ProductImageCompressAll300/APSAD200727YHMXK.jpg,[['971912768091-5']]
9SIB1PGFBZ4408,PowerColor Radeon HD 7770 1GB GDDR5 PCI Express 3.0 x16 CrossFireX Support Video Card AX7770 1GBD5-2DH,PowerColor,3.2,17.0,299.0,0,https://c1.neweggimages.com/ProductImageCompressAll300/14-131-460-03.jpg,"[[' 1000 MHz', ' 2560 x 1600', ' 2 x Mini DisplayPort', ' 1 x DVI', 'AX7770 1GBD5-2DH']]"
9SIBGFDJPZ7217,MSI GeForce GTX 1660 Ti 6GB Gaming X GDDR6 Graphics Card,MSI,,,235.99,$40.00 Shipping,https://c1.neweggimages.com/ProductImageCompressAll300/A4YU_1_201908191901717208.jpg,[['V375-040R']]
9SIB1PGFC02102,"EVGA GeForce GTX 950 2GB SC+ GAMING, Silent Cooling Graphics Card 02G-P4-2956-KR",EVGA,,,335.0,0,https://c1.neweggimages.com/ProductImageCompressAll300/AE7U_1_2017072277126333.jpg,"[[' 90W', '13W-013WQC9Z2']]"
9SIAYTVENZ1743,MSI Mech Radeon RX 6700 XT 12GB GDDR6 PCI Express 4.0 Video Card RX 6700 XT MECH 2X 12G,MSI,4.4,68.0,439.99,$49.99 Shipping,https://c1.neweggimages.com/ProductImageCompressAll300/14-137-641-01.jpg,"[[' 7680 x 4320', ' 3 x DisplayPort 1.4', ' 1 x HDMI 2.1', ' 9.72"" x 5.16""', 'RX 6700 XT MECH 2X 12G']]"
9SIAXZZGT50009,MAXSUN Geforce GTX 1650 4GB GDDR6 128-Bit Video Gaming Graphics Card Dual Fan HDMI/DP/DVI HDCP DirectX 12 Metal Backplate,MAXSUN,,,169.99,0,https://c1.neweggimages.com/ProductImageCompressAll300/AXZZS21111506AXI630.jpg,"[[' 1410 MHz', ' 7680 x 4320', ' 1 x DisplayPort', ' 1 x DVI', 'MS-GEFORCEGTX1650TERMINATOR4GD6V1']]"
9SIB46UGSC6287,NVIDIA RTX A5000 Enterprise 24GB 105MH/s 230W,NVIDIA,,,1799.0,0,https://c1.neweggimages.com/ProductImageCompressAll300/B2K2S211209pz7Tt.jpg,"[['0030', '9SIB46UGSC6287']]"
9SIBGFDJP94492,ASUS ROG Strix GeForce RTX 3090 24GB GDDR6X PCI Express 4.0 SLI Support Video Card ROG-STRIX-RTX3090-O24G-WHITE,ASUS,4.9,47.0,1499.99,$53.00 Shipping,https://c1.neweggimages.com/ProductImageCompressAll300/14-126-482-01.jpg,"[[' 1890 MHz', ' 7680 x 4320', ' 3 x DisplayPort 1.4a', ' 2 x HDMI 2.1', 'STRIX3090-O24G-WHITE']]"
9SIASGMFFK2374,GIGABYTE GeForce GT 710 2GB DDR3 PCI Express 2.0 x8 Low Profile Video Card GV-N710D3-2GL 1.0,GIGABYTE,4.2,9.0,45.79,0,https://c1.neweggimages.com/ProductImageCompressAll300/14-125-844-01.jpg,"[[' 954 MHz', ' 1 x Dual-Link DVI-D', ' 1 x HDMI', ' 5.70"" x 2.71""', 'GV-N710D3-2GL 1.0']]"
9SIAY2WK031207,MSI Suprim GeForce RTX 3090 24GB GDDR6X PCI Express 4.0 Video Card RTX 3090 SUPRIM X 24G,MSI,4.8,58.0,1397.99,0,https://c1.neweggimages.com/ProductImageCompressAll300/14-137-610-V01.jpg,"[[' 3 x DisplayPort', ' 1 x HDMI', ' NVIDIA', ' NVIDIA GeForce RTX 30 Series', 'RTX 3090 SUPRIM X 24G']]"
9SIAY2WJZZ6951,MSI Gaming GeForce RTX 3060 12GB GDDR6 PCI Express 4.0 Video Card RTX 3060 Gaming X Trio 12G,MSI,4.6,55.0,403.89,$49.99 Shipping,https://c1.neweggimages.com/ProductImageCompressAll300/14-137-629-V03.jpg,"[[' 7680 x 4320', ' 3 x DisplayPort 1.4a', ' 1 x HDMI 2.1', ' 12.72"" x 5.51""', 'RTX3060GamingXTrio12']]"
9SIARPHJK33744,GIGABYTE Radeon RX 590 8GB GDDR5 PCI Express 3.0 x16 CrossFireX Support ATX Video Card GV-RX590GAMING-8GD Rev. 2.0,GIGABYTE,3.3,42.0,350.83,$49.99 Shipping,https://c1.neweggimages.com/ProductImageCompressAll300/14-932-222-V01.jpg,"[[' OC mode: 1560 MHz\nGaming mode: 1545 MHz', ' 7680 x 4320', ' 3 x DisplayPort', ' 1 x HDMI', 'GV-RX590GAMING-8GDR2']]"
9SIAYTVH699126,MSI Gaming GeForce RTX 3070 Ti 8GB GDDR6X PCI Express 4.0 Video Card RTX 3070 Ti Gaming X Trio 8G,MSI,5,1.0,600.99,$49.99 Shipping,https://c1.neweggimages.com/ProductImageCompressAll300/APMXS210922K7vuU.jpg,[['XRL-73']]
9SIA4REH881857,"ASUS Radeon DUAL RX 6700 XT 12G Graphics Card, 12GB 192-bit GDDR6, Support PCI Express 4.0,1×HDMI Interface, 3×DisplayPort Interface",ASUS,,,664.36,0,https://c1.neweggimages.com/ProductImageCompressAll300/A4RES2112090D33JPF9.jpg,"[[' 7680 x 4320', ' 3 x DisplayPort 1.4a', ' 1 x HDMI 2.1', ' 295×139 mm', 'ASUS DUAL RX 6700 XT 12G']]"
9SIAYTVEYC9919,MSI Mech Radeon RX 6700 XT 12GB GDDR6 PCI Express 4.0 x16 Video Card RX 6700 XT MECH 2X 12G,MSI,,,439.99,$49.99 Shipping,https://c1.neweggimages.com/ProductImageCompressAll300/APBUD2106071XVII.jpg,"[['WBHAMD1-9', '9SIAYTVEYC9919']]"
9SIAXZZJES0466,"MAXSUN AMD Radeon RX 550 4GB Low Profile Small Form Factor Video Graphics Card for Gaming Computer PC GPU GDDR5 ITX SFF HDPC 128-Bit DirectX 12 PCI Express X16 3.0, HDMI, DisplayPort",MAXSUN,,,131.99,0,https://c1.neweggimages.com/ProductImageCompressAll300/AXZZS2206110E331A8D.jpg,"[[' 1071 MHz', ' 7680 x 4320', ' 1 x DisplayPort 1.4a', ' 1 x HDMI 2.0', 'MS-RX550 Transformer SI 4G', '9SIAXZZJES0466']]"
9SIBF3CJ3S2700,Peladn Gaming GeForce GTX 1650 4G Graphics Card PCI Express 3.0 Video Card Dual-fan Edition HDMI DP 1.4,Peladn,,,159.0,0,https://c1.neweggimages.com/ProductImageCompressAll300/BF3CS2208030I670W02.jpg,"[[' 1485 MHz', ' 1 x DisplayPort 1.4', ' 1 x DVI', ' 1 x HDMI', '6972410021095', '9SIBF3CJ3S2700']]"
9SIBGFDK0V4081,MSI Gaming GeForce GTX 1660 SUPER 6GB GDDR6 PCI Express 3.0 x16 Video Card GTX 1660 SUPER GAMING X,MSI,4.8,167.0,242.0,0,https://c1.neweggimages.com/ProductImageCompressAll300/14-137-476-V01.jpg,"[[' 7680 x 4320', ' 3 x DisplayPort 1.4a', ' 1 x HDMI 2.0b', ' 9.72"" x 5.00""', '1660SuperGamingX']]"
9SIA4P0JTA9853,MSI Ventus GeForce RTX 4080 16GB GDDR6X PCI Express 4.0 Video Card RTX 4080 16GB VENTUS 3X OC,MSI,4.6,36.0,1249.99,$14.10 Shipping,https://c1.neweggimages.com/ProductImageCompressAll300/14-137-765-01.jpg,"[[' 7680 x 4320', ' 3 x DisplayPort 1.4a', ' 1 x HDMI 2.1', ' DirectX 12 Ultimate', 'RTX 4080 16GB VENTUS 3X OC']]"
9SIAZUEJM41519,Yeston Radeon RX 7900 XTX 24GD6 GDDR6 384bit 5nm video cards Desktop computer PC Video Graphics Cards support PCI-Express 4.0 3*DP+1*HDMI-compatible RGB light effect Fragrant graphics card,yeston,5,1.0,1049.0,0,https://c1.neweggimages.com/ProductImageCompressAll300/AZUES2302230KD3O3A4.jpg,"[[' 2270MHz', ' 7680 x 4320', ' 1 x DisplayPort', ' 3 x HDMI', 'RX7900XTX-24GD6 sugar YA', '9SIAZUEJM41519']]"
9SIA4P0JWW5725,MSI Gaming GeForce RTX 4090 24GB GDDR6X PCI Express 4.0 Video Card RTX 4090 GAMING X TRIO 24G,MSI,4.7,86.0,1662.32,$16.60 Shipping,https://c1.neweggimages.com/ProductImageCompressAll300/14-137-761-34.png,"[[' 7680 x 4320', ' 3 x DisplayPort 1.4a', ' 1 x HDMI 2.1', ' DirectX 12 Ultimate', 'RTX 4090 GAMING X TRIO 24G']]"
9SIAZUEJM11138,Yeston GeForce RTX 4080 16GB GDDR6X PCI Express 4.0 Video Card HDMI 2.1*1 + DP1.4a*3 video cards Desktop computer PC video gaming graphics card,yeston,5,3.0,1199.0,0,https://c1.neweggimages.com/ProductImageCompressAll300/AZUES2302220GA2UU8C.jpg,"[[' 2205MHz', ' 7680 x 4320', ' 1 x DisplayPort', ' 3 x HDMI', 'RTX4080-16G D6X YA', '9SIAZUEJM11138']]"
27N-0002-00172,XFX Speedster MERC 319 AMD RX 6950 XT Black Gaming Graphics Card with 16GB GDDR6 RX-695XATBD9,XFX,4.5,51.0,579.99,0,https://c1.neweggimages.com/ProductImageCompressAll300/27N-0002-00172-12.jpg,"[[' 2009 MHz', ' 7680 x 4320', ' 3 x DisplayPort 1.4', ' 1 x HDMI 2.1', 'RX-695XATBD9', '27N-0002-00172']]"
9SIB601H8T4017,RX580 8G 256Bit GDDR5 Graphic Card Video Card GPU DirectX 12 PCI Express 3.0 16X DVI-D/DP/HDMI Gaming,Mannajue,,,85.0,0,https://c1.neweggimages.com/ProductImageCompressAll300/B601S2208160SRX4366.jpg,"[['6770 1G', '9SIB601H8T4017']]"
9SIBMWJJX67449,"GIGABYTE GeForce RTX 2070 GAMING OC 8G Graphics Card, 3 x WINDFORCE Fans, 8GB 256-Bit GDDR6, GV-N2070GAMING OC-8GC Video Card",GIGABYTE,3.4,20.0,442.0,$49.99 Shipping,https://c1.neweggimages.com/ProductImageCompressAll300/14-932-089-V16.jpg,"[[' OC Mode: 1740 MHz\nGaming Mode: 1725 MHz', ' 7680 x 4320 @ 60 Hz', ' 3 x DisplayPort 1.4', ' 1 x HDMI 2.0b', 'GVN2070GAMING OC-8GC']]"
9SIB1PGFBX8692,ASUS GeForce GTX 560 Ti (Fermi) 1GB GDDR5 PCI Express 2.0 x16 SLI Support Video Card ENGTX560 TI DCII TOP/2DI/1GD5,ASUS,4,131.0,269.0,0,https://c1.neweggimages.com/ProductImageCompressAll300/14-121-425-03.jpg,"[[' 900 MHz', ' 2560 x 1600', ' 2 x DVI', ' 1 x mini HDMI', 'ENGTX560 TI DCII TOP']]"
9SIB1PGFBY1755,ASUS TUF Gaming X3 Radeon RX 5600 XT 6GB GDDR6 PCI Express 4.0 Video Card TUF 3-RX5600XT-O6G-EVO-GAMING,ASUS,4.8,16.0,495.0,0,https://c1.neweggimages.com/ProductImageCompressAll300/14-126-371-V01.jpg,"[[' 7680 x 4320', ' 3 x DisplayPort 1.4', ' 1 x HDMI 2.0b', ' 11.13"" x 5.06""', 'TUF 3-RX5600XT-O6G-E']]"
9SIB1PGFBY1835,SAPPHIRE TRI-X OC Radeon R9 290X 4GB GDDR5 PCI Express 3.0 CrossFireX Support Video Card 100361-2SR,Sapphire Tech,4.2,95.0,329.0,0,https://c1.neweggimages.com/ProductImageCompressAll300/14-202-079-04.jpg,"[[' 1040MHz', ' 1 x DisplayPort', ' 2 x DVI-D', ' 1 x HDMI', '100361-2SR', '9SIB1PGFBY1835']]"
9SIB1PGJEA0462,NVIDIA GeForce RTX 2080 Ti Founders Edition 11GB GDDR6 PCI Express 3.0 Graphics Card,NVIDIA,,,1079.0,0,https://c1.neweggimages.com/ProductImageCompressAll300/AWFGD210824C8Y69.jpg,[['shoudong12']]
9SIAY2WK0A5003,GIGABYTE Gaming GeForce RTX 3070 Ti 8GB GDDR6X PCI Express 4.0 ATX Video Card GV-N307TGAMING OC-8GD,GIGABYTE,4.7,208.0,571.88,$49.99 Shipping,https://c1.neweggimages.com/ProductImageCompressAll300/14-932-443-V01.jpg,"[[' 1830 MHz', ' 7680 x 4320', ' 2 x DisplayPort 1.4a', ' 2 x HDMI 2.1', 'GV-N307TGAMING OC-8G']]"
9SIB1PGFC00645,EVGA GeForce GTX 1060 Graphic Card - 1.6GHz Core - 1.84GHz Boost Clock - 3 GB,EVGA,,,389.0,0,https://c1.neweggimages.com/ProductImageCompressAll300/A575_131689346029404102HaQ7RLyJVg.jpg,"[[' 1607 MHz', ' 7680 x 4320', ' 3 x DisplayPort 1.4', ' 1 x HDMI 2.0b', 'TTIVDO64', '9SIB1PGFC00645']]"
9SIAUNCK0W0642,ASUS TUF Gaming Radeon RX 6500 XT 4GB GDDR6 PCI Express 4.0 CrossFireX Support Video Card TUF-RX6500XT-O4G-GAMING,ASUS,4.8,8.0,182.0,$49.99 Shipping,https://c1.neweggimages.com/ProductImageCompressAll300/14-126-552-01.jpg,"[[' 7680 x 4320', ' 1 x DisplayPort 1.4a', ' 1 x HDMI 2.1', ' 9.76"" x 5.78""', 'TUF-RX6500XT-O4G-GAMING']]"
9SIARPHJJP0768,MSI Ventus GeForce RTX 2060 6GB GDDR6 PCI Express 3.0 x16 ATX Video Card RTX 2060 VENTUS GP OC,MSI,4.8,47.0,247.7,$49.99 Shipping,https://c1.neweggimages.com/ProductImageCompressAll300/14-137-695-02.png,"[[' 7680 x 4320', ' 3 x DisplayPort 1.4a', ' 1 x HDMI 2.0b', ' 9.09"" x 5.04""', 'RTX 2060 VENTUS GPOC']]"
9SIB1PGFBX8633,GIGABYTE GeForce GT 630 1GB DDR3 PCI Express 2.0 x16 Video Card GV-N630-1GI,GIGABYTE,4.9,8.0,179.0,0,https://c1.neweggimages.com/ProductImageCompressAll300/14-125-426-02.jpg,"[[' 810 MHz', ' 2560 x 1600', ' 1 x DVI', ' 1 x HDMI', 'GV-N630-1GI']]"
9SIBMWJJX13644,MSI Ventus GeForce GTX 1650 4GB GDDR6 PCI Express 3.0 x16 Video Card GTX 1650 D6 Ventus XS OC,MSI,4.6,80.0,126.49,$49.99 Shipping,https://c1.neweggimages.com/ProductImageCompressAll300/14-137-529-V02.jpg,"[[' 7680 x 4320', ' 1 x DisplayPort 1.4a', ' 1 x DL-DVI-D', ' 1 x HDMI 2.0b', 'GTX1650 D6Ventus XOC']]"
9SIAZUEGA94185,Yeston Radeon R7 350-4G 6miniDP 4GB 128bit GDDR5 700MHz 512processors PCIExpress 3.0*16 video cards 6 Screen Graphics Card DirectX12 6*Mini Displayport graphics card of Desktop,yeston,5,1.0,199.0,0,https://c1.neweggimages.com/ProductImageCompressAll300/AZUES211021F10E6.jpg,"[[' 700 MHz', ' 6 x Mini DisplayPort', ' DirectX 12', ' AMD', 'Yeston R7 350-4G D5 6MINIDP GA', '9SIAZUEGA94185']]"
9SIAY2WJZW1617,MSI Ventus GeForce RTX 3090 24GB GDDR6X PCI Express 4.0 SLI Support Video Card RTX 3090 VENTUS 3X 24G,MSI,5,1.0,1389.99,0,https://c1.neweggimages.com/ProductImageCompressAll300/14-137-599-V28.jpg,"[[' 7680 x 4320', ' 3 x DisplayPort 1.4a', ' 1 x HDMI 2.1', ' 12.01"" x 4.72""', '3090Ventus3X24G']]"
9SIBMWJJWP6761,ASUS TUF Gaming GeForce GTX 1660 SUPER Overclocked 6GB Edition HDMI DP DVI Gaming Graphics Card (TUF-GTX1660S-O6G-GAMING),ASUS,4.6,188.0,205.0,$49.99 Shipping,https://c1.neweggimages.com/ProductImageCompressAll300/14-126-359-02.png,"[[' 1530 MHz', ' 7680 x 4320', ' 1 x DisplayPort 1.4', ' 1 x DVI-D', 'TUF-GTX1660S-O6G-GAM']]"
9SIB1PGJK83092,MSI Radeon RX Vega 64 8GB HBM2 PCI Express 3.0 x16 CrossFireX Support Video Card - Liquid Cooler RADEON RX VEGA 64 WAVE 8G,MSI,4.3,6.0,799.0,0,https://c1.neweggimages.com/ProductImageCompressAll300/14-137-224-V01.jpg,"[[' 1406 MHz', ' 3 x DisplayPort', ' 1 x HDMI', ' 11.14"" x 5.12""', 'RX Vega 64 WAVE 8G', '9SIB1PGJK83092']]"
9SIB1PGJHJ5828,GIGABYTE AORUS Radeon RX 580 4GB GDDR5 PCI Express 3.0 x16 CrossFireX Support ATX Video Card GV-RX580AORUS-4GD,GIGABYTE,4,3.0,485.0,0,https://c1.neweggimages.com/ProductImageCompressAll300/14-125-963-Z01.jpg,"[[' 7680 x 4320', ' 3 x DisplayPort 1.4', ' 1 x Dual-Link DVI-D', ' 1 x HDMI 2.0', 'GV-RX580AORUS-4GD']]"
9SIASGMJHS1040,ASUS GeForce GT 710 90YV0943-M0NA00 2GB DDR3 PCI Express 2.0 Video Card,ASUS,,,59.99,0,https://c1.neweggimages.com/ProductImageCompressAll300/AD7H_1_20170711466332736.jpg,"[[' 1 x DVI', ' 1 x HDMI', ' NVIDIA', ' 1 x D-SUB', '90YV0943-M0NA00', '9SIASGMJHS1040']]"
9SIA2W0JNH7489,"ASUS TUF Gaming GeForce RTX 4090 OC Edition Gaming Graphics Card (PCIe 4.0, 24GB GDDR6X, HDMI 2.1a, DisplayPort 1.4a) TUF-RTX4090-O24G-GAMING",ASUS,4.4,76.0,1793.99,0,https://c1.neweggimages.com/ProductImageCompressAll300/14-126-594-V01.jpg,"[[' 7680 x 4320', ' 3 x DisplayPort 1.4a', ' 2 x HDMI 2.1', ' 348.2 x 72.6 mm', 'TUF-RTX4090-O24G-GAMING']]"
9SIAZUEJJW4639,Yeston Radeon RX 7900 XT 20GD6 GDDR6 320bit 5nm video cards Desktop computer PC Video Graphics Cards support PCI-Express 4.0 3*DP+1*HDMI-compatible RGB light effect Fragrant graphics card,yeston,5,1.0,849.0,0,https://c1.neweggimages.com/ProductImageCompressAll300/AZUES2302070KQ1K8A4.jpg,"[[' 3 x DisplayPort 2.1', ' 1 x HDMI 2.1', ' AMD', ' AMD Radeon RX 7000 Series', 'RX7900XT-20GD6 sugar YA', '9SIAZUEJJW4639']]"
9SIA0ZXJ1Y6183,Sapphire Pulse AMD Radeon RX 6700 XT Gaming 12GB GDDR6 HDMI / Triple DP (11306-02-20G),Sapphire Tech,4.5,29.0,437.43,Special Shipping,https://c1.neweggimages.com/ProductImageCompressAll300/14-202-400-01.jpg,"[[' 7680 x 4320', ' 3 x DisplayPort', ' 1 x HDMI', ' 10.24"" x 4.72""', '11306-02-20G']]"
9SIAZUEJYH5933,Yeston Sakura GeForce RTX 4070 12GB GDDR6X PCI Express 4.0 Video Card HDMI 2.1*1 + DP1.4a*3 video cards Desktop computer PC video gaming graphics card,yeston,,,679.0,0,https://c1.neweggimages.com/ProductImageCompressAll300/AZUES23060908I4FIBA.jpg,"[[' 1920 MHz', ' 7680 x 4320', ' 3 x DisplayPort 1.4a', ' 1 x HDMI 2.1a', 'RTX4070-12G D6X SA', '9SIAZUEJYH5933']]"
9SIAZUEJXD2547,Yeston Sakura GeForce RTX 4070 Ti 12GB GDDR6X PCI Express 4.0 Video Card HDMI 2.1*1 + DP1.4a*3 video cards Desktop computer PC video gaming graphics card,yeston,,,979.0,0,https://c1.neweggimages.com/ProductImageCompressAll300/AZUES230531gQsVV.jpg,"[[' 2310 MHz', ' 7680 x 4320', ' 3 x DisplayPort', ' 1 x HDMI', 'RTX4070Ti - 12G D6X SA', '9SIAZUEJXD2547']]"
9SIAZUEJZU8556,Yeston Sakura GeForce RTX 4060 Ti 8GB GDDR6 PCI Express 4.0 Video Card HDMI 2.1*1 + DP1.4a*3 video cards Desktop computer PC video gaming graphics card,yeston,,,479.0,0,https://c1.neweggimages.com/ProductImageCompressAll300/AZUES2306270GU3ES39.jpg,"[[' 2310 MHz', ' 7680 x 4320', ' 3 x DisplayPort', ' 1 x HDMI', 'RTX4060Ti-8G D6 PA', '9SIAZUEJZU8556']]"
9SIB1PGFBX9851,"EVGA GeForce RTX 2070 FTW3 ULTRA GAMING, 08G-P4-2277-KR, 8GB GDDR6, iCX2 & RGB LED",EVGA,5,5.0,675.0,0,https://c1.neweggimages.com/ProductImageCompressAll300/14-487-436-Z01.jpg,"[[' 7680 x 4320', ' 3 x DisplayPort 1.4', ' 1 x HDMI 2.0b', ' 11.89"" x 5.48""', '08G-P4-2277-KR']]"
9SIB1PGFBZ2271,"EVGA GeForce GTX 1080 SC2 GAMING iCX, 08G-P4-6583-KR, 8GB GDDR5X, 9 Thermal Sensors, Asynchronous Fan Control, Thermal Display LED System, Optimized Airflow Fin Design, Die Cast/Form Fitted Baseplate",EVGA,4.6,34.0,598.0,0,https://c1.neweggimages.com/ProductImageCompressAll300/14-487-318-S99.jpg,"[[' 1708 MHz', ' 7680 x 4320', ' 3 x DisplayPort 1.4', ' 1 x DualLink DVI-D', '08G-P4-6583-KR']]"
9SIB1PGFBX8607,PNY Commercial Series GeForce 8400 GS 1GB DDR3 PCI Express 2.0 x16 Low Profile Video Card VCG84DMS1D3SXPB-CG,"PNY Technologies, Inc.",4,6.0,103.0,0,https://c1.neweggimages.com/ProductImageCompressAll300/14-133-454-08.jpg,"[[' 520 MHz', ' 2048 x 1536', ' 7.57"" x 2.71""', ' Single Slot', 'VCG84DMS1D3SXPB-CG', '9SIB1PGFBX8607']]"
9SIAPMXFZ84538,"GIGABYTE Radeon RX 6600 XT GAMING OC 8G Graphics Card, WINDFORCE 3X Cooling System, 8GB 128-bit GDDR6, GV-R66XTGAMING OC-8GD Video Card",GIGABYTE,5,2.0,464.99,0,https://c1.neweggimages.com/ProductImageCompressAll300/AYTVD210823H216T.jpg,[['THAMD-15']]
9SIB1PGFBZ3915,"EVGA GeForce GTX 1070 FTW HYBRID GAMING, 08G-P4-6278-KR, 8GB GDDR5, RGB LED, All-In-One Watercooling with 10CM FAN, 10 Power Phases, Double BIOS, DX12 OSD Support (PXOC)",EVGA,4.5,24.0,579.0,0,https://c1.neweggimages.com/ProductImageCompressAll300/14-487-264-S99.jpg,"[[' 1607 MHz', ' 7680 x 4320', ' 3 x DisplayPort 1.4', ' 1 x Dual-Link DVI-D', '08G-P4-6278-KR', '9SIB1PGFBZ3915']]"
9SIB1PGJNB4193,"EVGA GeForce RTX 3090 XC3 ULTRA GAMING, 24G-P5-3975-KR, 24GB GDDR6X, iCX3 Cooling, ARGB LED, Metal Backplate",EVGA,,,1699.0,0,https://c1.neweggimages.com/ProductImageCompressAll300/AKRFS2112290GUNS7D9.jpg,"[['EVGA 24G-P5-3975-KR', '9SIB1PGJNB4193']]"
14-129-429,VisionTek Radeon RX 550 4GB GDDR5 PCI Express 3.0 x8 Video Card 901507,VisionTek,,,227.99,0,https://c1.neweggimages.com/ProductImageCompressAll300/14-129-429-01.png,"[[' 4 x Mini DisplayPort', ' 7.25"" x 3.25""', ' AMD', ' 50W', '901507', 'N82E16814129429']]"
9SIB1PGFBX7338,ASUS GeForce RTX 2080 8G Turbo Edition GDDR6 HDMI DP 1.4 USB Type-C Graphics Card (TURBO-RTX2080-8G),ASUS,3.9,7.0,849.0,0,https://c1.neweggimages.com/ProductImageCompressAll300/14-126-261-V50.jpg,"[[' 1515 MHz', ' 7680 x 4320', ' 2 x DisplayPort 1.4', ' 1 x HDMI 2.0b', 'TURBO-RTX2080-8G']]"
9SIB1PGJFB4713,EVGA GeForce GTX 560 Ti (Fermi) 2GB GDDR5 PCI Express 2.0 x16 SLI Support Video Card 02G-P3-1568-KR,EVGA,4.5,157.0,269.0,0,https://c1.neweggimages.com/ProductImageCompressAll300/14-130-683-04.jpg,"[[' 822MHz', ' 2560 x 1600', ' 2 x DVI', ' 1 x mini HDMI', '02G-P3-1568-KR', '9SIB1PGJFB4713']]"
9SIB601GTR2917,LISM GT730 4GB 64Bit DDR3 Graphic Card Video Card GPU DirectX 11 PCI Express 1.1 16X DVI/VGA/HDMI,LISM,,,94.99,0,https://c1.neweggimages.com/ProductImageCompressAll300/B601S2209150VEW518C.jpg,"[[' 902 MHz', ' 1 x DisplayPort', ' 1 x DVI', ' 1 x HDMI', 'GT730 2GB', '9SIB601GTR2917']]"
9SIB1PGFBW5194,"EVGA GeForce GTX 1060 SC GAMING 3GB, ACX 2.0 (Single Fan), 03G-P4-6162-KR, GDDR5, DX12 OSD Support (PXOC) Video Graphics Card",EVGA,,,420.0,0,https://c1.neweggimages.com/ProductImageCompressAll300/A73M_131716332880441793FAo3fXQM7l.jpg,"[[' 1607 MHz', ' 7680 x 4320', ' 3 x DisplayPort 1.4', ' 1 x Dual-Link DVI-D', 'SDAFSA66', '9SIB1PGFBW5194']]"
9SIB1PGFBY6861,DIAMOND Radeon HD 5870 2GB GDDR5 PCI Express 2.0 x16 CrossFireX Support Eyefinity 6 Edition Video Card 5870PE52GOC,Diamond Multimedia,5,1.0,329.0,0,https://c1.neweggimages.com/ProductImageCompressAll300/14-103-121-02.jpg,"[[' 925 MHz', ' 6 x Mini DisplayPort', ' 11.1"" x 4.4"" x 1.5""', ' DirectX 11', '5870PE52GOC', '9SIB1PGFBY6861']]"
9SIB1PGFBZ4370,PNY GeForce 6600 256MB DDR PCI Express x16 SLI Support Video Card VCG66256XPB,"PNY Technologies, Inc.",4.5,89.0,263.0,0,https://c1.neweggimages.com/ProductImageCompressAll300/14-133-154-10.jpg,"[[' 2048 x 1536', ' 1 x DVI', ' DirectX 9', ' NVIDIA', 'VCG66256XPB', '9SIB1PGFBZ4370']]"
9SIAVH0JNX3819,MSI Suprim GeForce RTX 4090 24GB GDDR6X PCI Express 4.0 Video Card RTX 4090 SUPRIM X 24G,MSI,4.5,39.0,2268.9,0,https://c1.neweggimages.com/ProductImageCompressAll300/14-137-760-16.png,"[[' 7680 x 4320', ' 3 x DisplayPort 1.4a', ' 1 x HDMI 2.1', ' DirectX 12 Ultimate', 'RTX 4090 SUPRIM X 24G']]"
9SIAD2CJVJ6653,"XFX SPEEDSTER SWFT319 AMD Radeon RX 6800 XT CORE Gaming Graphics Card with 16GB GDDR6, AMD RDNA 2",XFX,5,3.0,499.99,0,https://c1.neweggimages.com/ProductImageCompressAll300/14-150-867-V01.jpg,"[[' 1825 MHz', ' 7680 x 4320', ' 3 x DisplayPort 1.4', ' 1 x HDMI 2.1', 'RX-68XTAQFD9', '9SIAD2CJVJ6653']]"
14-126-597,"ASUS ROG Strix GeForce RTX 4080 OC Edition Gaming Graphics Card (PCIe 4.0, 16GB GDDR6X, HDMI 2.1a, DisplayPort 1.4a) ROG-STRIX-RTX4080-O16G-GAMING",ASUS,4.8,25.0,1449.99,0,https://c1.neweggimages.com/ProductImageCompressAll300/14-126-597-01.jpg,"[[' 7680 x 4320', ' 3 x DisplayPort 1.4a', ' 2 x HDMI 2.1', ' 357.6 x 70.1mm', 'ROG-STRIX-RTX4080-O16G-GAMING', 'N82E16814126597']]"
9SIA24GJUG9741,"ASUS ROG Strix GeForce RTX 4090 Gaming Graphics Card (PCIe 4.0, 24GB GDDR6X, HDMI 2.1a, DisplayPort 1.4a) ROG-STRIX-RTX4090-24G-GAMING",ASUS,4.8,4.0,2028.33,0,https://c1.neweggimages.com/ProductImageCompressAll300/14-126-600-01.jpg,"[[' 7680 x 4320', ' 3 x DisplayPort 1.4a', ' 2 x HDMI 2.1', ' 357.6 x 70.1mm', 'ROG-STRIX-RTX4090-24G-GAMING']]"
9SIB4KCJEC5338,"ASUS GT730-4H-SL-2GD5 NVIDIA GeForce GT 730 2 GB GDDR5 Graphics Card , 4X HDMI Ports, Single-Slot Design, Passive Cooling",ASUS,,,95.31,0,https://c1.neweggimages.com/ProductImageCompressAll300/AT8UD2203210IR2ZWD0.jpg,[['HS-GT730-4H-SL-2GD5-02']]
9SIAMFBJK56891,"ZOTAC GAMING GeForce RTX 3050 AMP 8GB GDDR6 128-bit 14 Gbps PCIE 4.0 Gaming Graphics Card, IceStorm 2.0 Advanced Cooling, FREEZE Fan Stop, Active Fan Control, ZT-A30500F-10M",ZOTAC,,,209.99,0,https://c1.neweggimages.com/ProductImageCompressAll300/AMFBS221004147VEQ7A.jpg,"[[' 7680 x 4320', ' 3 x DisplayPort 1.4a', ' 1 x HDMI 2.1', ' 8.82"" x 4.58""', 'ZT-A30500F-10M']]"
9SIB3GDJJU2267,Peladn Radeon RX 5500 XT 8GB GDDR6 PCI Express 4.0 Video Card RX 5500 XT GAMING X 8G,Peladn,,,238.88,0,https://c1.neweggimages.com/ProductImageCompressAll300/B3GDS22092206OEQQ2A.jpg,"[[' Double Fans', 'RX5500', '9SIB3GDJJU2267']]"
9SIB4KCJ552122,"Biostar Gaming Radeon RX 550 4GB GDDR5 128-Bit DirectX 12 PCI Express 3.0 DVI-D Dual Link, HDMI, DisplayPort",Biostar,3.5,20.0,109.5,0,https://c1.neweggimages.com/ProductImageCompressAll300/A23XS200507tnmOi.jpg,"[[' 1183 MHz', ' 1 x DisplayPort 1.4', ' 1 x DVI', ' 1 x HDMI', 'VA5505RF41']]"
9SIBMWJJXN0685,MSI Radeon RX 5500 XT 8GB GDDR6 PCI Express 4.0 Video Card RX 5500 XT GAMING X 8G,MSI,4.3,22.0,344.55,$49.99 Shipping,https://c1.neweggimages.com/ProductImageCompressAll300/14-137-489-V01.jpg,"[[' 1685 MHz', ' 7680 x 4320', ' 3 x DisplayPort 1.4', ' 1 x HDMI 2.0b', 'R5500XTGX8']]"
9SIAYTVES36484,"MSI GeForce GTX 1650 D6 VENTUS XS OC Graphics Card, PCI-E, VR & 4K HDR Ready Video Card",MSI,,,149.99,$49.99 Shipping,https://c1.neweggimages.com/ProductImageCompressAll300/AYTVS21122515QLOA2A.jpg,"[[' Double Fans', 'ideo Card']]"
9SIBGFDK093330,MSI Gaming GeForce RTX 3080 10GB GDDR6X PCI Express 4.0 ATX Video Card RTX 3080 GAMING Z TRIO 10G LHR,MSI,4.7,93.0,779.0,$52.00 Shipping,https://c1.neweggimages.com/ProductImageCompressAll300/14-137-677-V07.jpg,"[[' 7680 x 4320', ' 3 x DisplayPort 1.4a', ' 1 x HDMI 2.1', ' 12.72"" x 5.51""', 'RTX3080GamZTrio10LHR']]"
14-129-221,"Visiontek Radeon 6350 SFF 1GB DDR3 (DVI-I, HDMI, VGA), 900484",VisionTek,,,67.99,$0.05 Shipping,https://c1.neweggimages.com/ProductImageCompressAll300/14-129-221-05.jpg,"[[' 1 x DVI', ' 1 x HDMI', ' 5.90"" x 2.40""', ' DirectX 11', '900484', 'N82E16814129221']]"
9SIAGSC9MR2208,EVGA GeForce GT 430 (Fermi) 1GB DDR3 PCI Express 2.0 x16 Video Card 01G-P3-1430-LR,EVGA,4,89.0,99.99,0,https://c1.neweggimages.com/ProductImageCompressAll300/14-130-579-03.jpg,"[[' 700 MHz', ' 2560 x 1600', ' 1 x DVI', ' 1 x HDMI 1.4a Connector', '01G-P3-1430-LR', '9SIAGSC9MR2208']]"
9SIAPMXETW9615,"PowerColor Red Devil AMD Radeon RX 6900 XT Ultimate Gaming Graphics Card with 16GB GDDR6 Memory, Powered by AMD RDNA 2, HDMI 2.1 (AXRX 6900XTU 16GBD6-3DHE/OC)",PowerColor,4.6,26.0,1099.99,0,https://c1.neweggimages.com/ProductImageCompressAll300/14-131-785-08.jpg,"[[' 7680 x 4320', ' 3 x DisplayPort 1.4', ' 1 x HDMI 2.1', ' 12.60"" x 5.31""', '6900XTU 16GBD6-3DHE/']]"
9SIAY2WJZZ6947,GIGABYTE AORUS GeForce RTX 3070 Ti 8GB GDDR6X PCI Express 4.0 ATX Video Card GV-N307TAORUS M-8GD,GIGABYTE,4.5,132.0,660.05,$49.99 Shipping,https://c1.neweggimages.com/ProductImageCompressAll300/14-932-441-01.jpg,"[[' 1875 MHz', ' 7680 x 4320', ' 3 x DisplayPort 1.4a', ' 2 x HDMI 2.1 \n1 x HDMI 2.0 (The middle HDMI output supports up to HDMI 2.0)', 'GV-N307TAORUS M-8GD']]"
9SIB1PGFBZ7548,Nvidia Geforce GTX 770 2GB GDDR5 PCIe Video Graphics Card CRVMW,NVIDIA,,,330.0,0,https://c1.neweggimages.com/ProductImageCompressAll300/ADFR_131929407486665898xqlKqVlJYC.jpg,[['CRVMW']]
9SIB1PGFBZ3158,PNY NVIDIA GeForce GTX 1080 8GB XLR8 Gaming Overclocked Graphics Card (VCGGTX10808XGPB-OC),"PNY Technologies, Inc.",,,598.0,0,https://c1.neweggimages.com/ProductImageCompressAll300/ABVR_131880048347414302HGe4cGa44l.jpg,"[[' 1708 MHz', ' 7680 x 4320', ' 3 x DisplayPort 1.4', ' 1 x HDMI 2.0b', 'VCGGTX10808XGPB-OC']]"
9SIB1PGFBX5529,Nvidia Tesla K10 8GB GDDR5 GK104 Kepler Dual GPU Graphics Processing Unit,NVIDIA,,,196.0,0,https://c1.neweggimages.com/ProductImageCompressAll300/AA4T_131182769764757841cc9EMKx6WE.jpg,"[['K10', '9SIB1PGFBX5529']]"
9SIASGMHYG8784,"GIGABYTE GeForce RTX 3050 EAGLE OC 8G Video Card,8GB 128-bit GDDR6,PCI Express 4.0,2×HDMI 2.1 Interface, 2×DisplayPort 1.4a Interface",GIGABYTE,5,1.0,309.45,0,https://c1.neweggimages.com/ProductImageCompressAll300/A4RES2203180HEVX205.jpg,"[[' 7680 x 4320', ' 2 x DisplayPort 1.4a', ' 2 x HDMI 2.1', ' 213×120 mm', 'GIGABYTE GeForce RTX 3050 EAGLE OC 8G']]"
9SIB1PGG1Y2665,PNY GeForce RTX 2070 SUPER Graphic Card - 8 GB GDDR6,"PNY Technologies, Inc.",2,1.0,675.0,0,https://c1.neweggimages.com/ProductImageCompressAll300/A24G_1_20190914806105501.jpg,"[[' 3', ' 1 x HDMI', ' DirectX 12\nOpenGL 4.5\nVulkan', ' NVIDIA', 'VCG20708SBLMPB']]"
9SIA24GJY43359,"ASUS Dual GeForce RTX 4070 White OC Edition 12GB GDDR6X (PCIe 4.0, 12GB GDDR6X, DLSS 3, HDMI 2.1, DisplayPort 1.4a, 2.56-slot design, Axial-tech fan design, 0dB technology) DUAL-RTX4070-O12G-WHITE",ASUS,4.7,3.0,653.34,0,https://c1.neweggimages.com/ProductImageCompressAll300/14-126-645-05.png,"[[' 2550 MHz', ' 7680 x 4320', ' 3 x DisplayPort 1.4a', ' 2 x HDMI 2.1', 'DUAL-RTX4070-O12G-WHITE']]"
14-126-638,"ASUS Dual GeForce RTX 4070 OC Edition 12GB GDDR6X, IP5X, Auto-Extreme Technology, 144-Hour Validation Program, HDMI 2.1a, DP 1.4a, DUAL-RTX4070-O12G",ASUS,4.6,19.0,599.99,0,https://c1.neweggimages.com/ProductImageCompressAll300/14-126-638-V01.jpg,"[[' 7680 x 4320', ' 3 x DisplayPort 1.4a', ' 1 x HDMI 2.1', ' 2.55 Slots', 'DUAL-RTX4070-O12G', 'N82E16814126638']]"
9SIAZUEJC49634,Yeston Radeon RX 6750 XT 12GB D6 GDDR6 192bit 7nm video cards Desktop computer PC Video Graphics Cards support PCI-Express 4.0 3*DP+1*HDMI-compatible   RGB light effect Fragrant graphics card,yeston,5,2.0,429.0,0,https://c1.neweggimages.com/ProductImageCompressAll300/AZUES2211210DOEQY35.jpg,"[[' 2495MHz', ' 3 x DisplayPort 1.4', ' 1 x HDMI 2.1', ' DirectX 12', 'RX6750XT-12G D6']]"
9SIBJT4JV35880,GIGABYTE WINDFORCE GeForce RTX 4090 24GB GDDR6X PCI Express 4.0 ATX Video Card GV-N4090WF3-24GD,GIGABYTE,4.8,38.0,1749.99,0,https://c1.neweggimages.com/ProductImageCompressAll300/14-932-554-60.jpg,"[[' 2520 MHz', ' 7680 x 4320', ' 3 x DisplayPort 1.4', ' 1 x HDMI 2.1', 'GV-N4090WF3-24GD']]"
9SIAVH0JNX3670,MSI Gaming GeForce RTX 4090 24GB GDDR6X PCI Express 4.0 Video Card RTX 4090 GAMING TRIO 24G,MSI,4.5,73.0,2098.0,0,https://c1.neweggimages.com/ProductImageCompressAll300/14-137-762-38.jpg,"[[' 7680 x 4320', ' 3 x DisplayPort 1.4a', ' 1 x HDMI 2.1', ' DirectX 12 Ultimate', 'RTX 4090 GAMING TRIO 24G']]"
14-126-607,"ASUS TUF Gaming NVIDIA GeForce RTX 4070 Ti Gaming Graphics Card (PCIe 4.0, 12GB GDDR6X, HDMI 2.1a, DisplayPort 1.4a) TUF-RTX4070TI-12G-GAMING",ASUS,4.9,29.0,799.99,0,https://c1.neweggimages.com/ProductImageCompressAll300/14-126-607-32.jpg,"[[' 2310 MHz', ' 7680 x 4320', ' 3 x DisplayPort 1.4a', ' 2 x HDMI 2.1a', 'TUF-RTX4070TI-12G-GAMING', 'N82E16814126607']]"
9SIA4REH762483,"PowerColor Red Devil AMD Radeon RX 6800 XT 16GB Graphics Card, 16GB 256-bit GDDR6, Support PCI Express 4.0,1 x HDMI 2.1 Interface, 3 x DisplayPort1.4 Interface",PowerColor,,,992.02,0,https://c1.neweggimages.com/ProductImageCompressAll300/A4RES211201I5bx0.jpg,"[[' 7680 x 4320', ' 3 x DisplayPort 1.4', ' 1 x HDMI 2.1', ' 12.60"" x 5.31""', 'PowerColor Red Devil RX 6800 XT 16GB']]"
9SIAYTVEUC3429,MSI Radeon RX 6700 XT DirectX 12 Ultimate RX 6700 XT MECH 2X 12G 12GB 192-Bit GDDR6 PCI Express 4.0 x16 HDCP Ready Video Card,MSI,,,439.99,$49.99 Shipping,https://c1.neweggimages.com/ProductImageCompressAll300/ARA8S2104068SSxR.jpg,"[[' 7680 x 4320', ' 3 x DisplayPort 1.4', ' 1 x HDMI 2.1', ' 9.72"" x 5.16""', 'MSI Radeon RX 6700 XT DirectX 12 Ultimat', '9SIAYTVEUC3429']]"
9SIAUNCJCC6024,AMD Radeon RX 6800 XT 16GB GDDR6 Graphics Card,AMD,,,848.99,$49.99 Shipping,https://c1.neweggimages.com/ProductImageCompressAll300/APBUS2204110KV86TAE.jpg,"[[' Triple Fans', 'EB-AMD Radeon RX 6800 XT']]"
9SIAXZZF242430,MAXSUN Nvidia GEFORECE GT 1030 2GB GDDR5 64-bit PCIe 3.0 DirectX 12 ITX HDCP Ready Low Profile DVI HDMI Video Graphics Card GPU,MAXSUN,,,99.99,0,https://c1.neweggimages.com/ProductImageCompressAll300/AXZZS210617wLvpf.jpg,"[[' 1227 MHz', ' 4096 x 2160', ' 1 x DVI', ' 1 x HDMI', 'MS-GT1030HAMMERII2G', '9SIAXZZF242430']]"
9SIAZUEGAC0523,Yeston Radeon R7 350-2G 4miniDP 2GB 128bit GDDR5 750MHz 512processors PCIExpress 3.0*16 video cards 4Screen Graphics Card DirectX12 4*Mini Displayport graphics card of Desktop,yeston,,,149.0,0,https://c1.neweggimages.com/ProductImageCompressAll300/AZUES21102113ECA.jpg,"[[' 750 MHz', ' 4 x Mini DisplayPort', ' DirectX 12', ' AMD', 'Yeston R7 350-2G D5 4MINIDP GA', '9SIAZUEGAC0523']]"
9SIB1PGFBY5615,GIGABYTE GeForce GTX 1070 Ti DirectX 12 AORUS 8GB 256-Bit GDDR5 PCI Express 3.0 x16 ATX Video Card,GIGABYTE,4.7,6.0,720.0,0,https://c1.neweggimages.com/ProductImageCompressAll300/14-932-029-V01.jpg,"[[' OC Mode: 1683 MHz\nGaming Mode: 1607 MHz', ' 7680 x 4320', ' 3 x DisplayPort 1.4', ' 1 x Dual-link DVI-D', 'GV-N107TAORUS-8GD']]"
9SIA8X5JUW9683,"ASUS Dual Radeon RX 6700 XT OC Edition 12GB GDDR6 Gaming Graphics Card (AMD RDNA 2, PCIe 4.0, 12GB GDDR6, HDMI 2.1, DisplayPort 1.4a, Axial-tech Fan Design, 0dB Technology) DUAL-RX6700XT-O12G",ASUS,4.5,30.0,522.97,0,https://c1.neweggimages.com/ProductImageCompressAll300/14-126-543-S01.jpg,"[[' 7680 x 4320', ' 3 x DisplayPort 1.4a', ' 1 x HDMI 2.1', ' 11.61"" x 5.47""', 'DUAL-RX6700XT-O12G']]"
9SIAMJDJVG3589,MSI Gaming GeForce RTX 3060 12GB GDDR6 PCI Express 4.0 Video Card RTX 3060 Gaming X 12G,MSI,4.8,181.0,,$46.78 Shipping,https://c1.neweggimages.com/ProductImageCompressAll300/14-137-630-03.jpg,"[[' 7680 x 4320', ' 3 x DisplayPort 1.4a', ' 1 x HDMI 2.1', ' 10.87"" x 5.16""', 'RTX 3060 Gaming X12G']]"
9SIAN0MBM76665,MSI GeForce GT 1030 2GB DDR4 PCI Express 3.0 x16 (Uses x4) Low Profile Video Card GT 1030 2GD4 LP OC,MSI,4.7,17.0,102.5,0,https://c1.neweggimages.com/ProductImageCompressAll300/14-137-318-V05.jpg,"[[' 1189 MHz', ' 1 x DisplayPort 1.4a', ' 1 x HDMI 2.0b', ' 5.91"" x 2.72""', 'GT 1030 2GD4 LP OC']]"
9SIBMWJJW81757,ASUS TUF Gaming GeForce RTX 3070 Ti 8GB GDDR6X PCI Express 4.0 Video Card TUF-RTX3070TI-8G-GAMING,ASUS,5,4.0,619.0,$49.99 Shipping,https://c1.neweggimages.com/ProductImageCompressAll300/14-126-513-V04.jpg,"[[' 7680 x 4320', ' 3 x DisplayPort 1.4a', ' 2 x HDMI 2.1', ' 11.81"" x 5.00""', 'TUF-RTX3070TI-8G-GAM']]"
9SIASGMJ5U7384,GIGABYTE GeForce GT 1030 GV-N1030D5-2GL Low Profile 2G Computer Graphics,GIGABYTE,,,113.99,0,https://c1.neweggimages.com/ProductImageCompressAll300/AGKHS210412aNrJ2.jpg,[['GV-N1030D5-2GL 2G']]
9SIAFVFJB37119,"ZOTAC GAMING GeForce RTX 4090 Trinity OC DLSS 3 24GB GDDR6X 384-bit 21 Gbps PCIE 4.0 Gaming Graphics Card, IceStorm 3.0 Advanced Cooling, SPECTRA 2.0 RGB Lighting, ZT-D40900J-10P",ZOTAC,4.6,16.0,1624.99,0,https://c1.neweggimages.com/ProductImageCompressAll300/14-500-540-17.jpg,"[[' 3 x DisplayPort 1.4a', ' 1 x HDMI 2.1', ' 3.5-Slot', ' DirectX 12 Ultimate', 'ZT-D40900J-10P']]"
14-126-601,"ASUS ROG Strix GeForce RTX 4080 Gaming Graphics Card (PCIe 4.0, 16GB GDDR6X, HDMI 2.1a, DisplayPort 1.4a) ROG-STRIX-RTX4080-16G-GAMING",ASUS,5,2.0,1389.99,0,https://c1.neweggimages.com/ProductImageCompressAll300/14-126-601-01.jpg,"[[' 7680 x 4320', ' 3 x DisplayPort 1.4a', ' 2 x HDMI 2.1', ' 357.6 x 70.1mm', 'ROG-STRIX-RTX4080-16G-GAMING', 'N82E16814126601']]"
9SIB601JBU4200,GeForce RTX 2060 SUPER 8GB GDDR6 PCI Express 3.0 x16 Video Card RTX 2060 SUPER 8G,Mannajue,5,2.0,249.99,0,https://c1.neweggimages.com/ProductImageCompressAll300/B601S2211170Y8PLMB8.jpg,"[['WC2060S', '9SIB601JBU4200']]"
9SIAZUEHCM9085,Yeston Radeon RX 6500 XT 4GB D6 GDDR6 6nm video cards Desktop computer PC Video Graphics Cards support PCI-Express 4.0 1*DP+1*HDMI-compatible  graphics card,yeston,5,1.0,169.0,0,https://c1.neweggimages.com/ProductImageCompressAll300/AZUES2204138WsWv.jpg,"[[' 2610MHz', ' 7680 x 4320', ' 1 x DisplayPort 1.4a', ' 1 x HDMI 2.1', 'RX6500XT-4G D6 MA', '9SIAZUEHCM9085']]"
9SIAPMXJYW1427,"ASUS Dual GeForce RTX 4070 12GB GDDR6X, IP5X, Auto-Extreme Technology, 144-Hour Validation Program, HDMI 2.1a, DP 1.4a, DUAL-RTX4070-12G",ASUS,4.6,29.0,749.97,0,https://c1.neweggimages.com/ProductImageCompressAll300/14-126-639-V01.jpg,"[[' 7680 x 4320', ' 3 x DisplayPort 1.4a', ' 1 x HDMI 2.1', ' 2.55 Slots', 'DUAL-RTX4070-12G']]"
9SIBMWJJX98428,ASUS GeForce GTX 1080 8GB GDDR5X PCI Express 3.0 Video Card STRIX-GTX1080-8G-GAMING,ASUS,4,63.0,502.49,$49.99 Shipping,https://c1.neweggimages.com/ProductImageCompressAll300/14-126-106-90.jpg,"[[' 1607 MHz', ' 2 x DisplayPort 1.4', ' 1 x Dual-link DVI-D', ' 1 x HDMI 2.0', 'STRIX-GTX1080-8G-GAM']]"
9SIAPMXEWT0719,ASUS TUF Gaming GeForce RTX 3080 Ti 12GB GDDR6X PCI Express 4.0 Video Card TUF-RTX3080TI-O12G-GAMING,ASUS,4.6,129.0,1049.99,0,https://c1.neweggimages.com/ProductImageCompressAll300/14-126-509-02.jpg,"[[' 7680 x 4320', ' 3 x DisplayPort 1.4a', ' 2 x HDMI 2.1', ' 11.81"" x 5.00""', 'TUF-RTX3080TI-O12G-G']]"
9SIB1PGFBZ0493,EVGA GeForce GTX 960 2GB GDDR5 PCI Express 3.0 x16 SLI Support FTW ACX 2.0+ Video Card 02G-P4-2968-KR,EVGA,5,1.0,329.0,0,https://c1.neweggimages.com/ProductImageCompressAll300/14-487-100-09.jpg,"[[' 1304 MHz', ' Analog: 2048 x 1536\nDigital: 4096 x 2160', ' 3 x DisplayPort', ' 1 x Dual-Link DVI-I', '02G-P4-2968-KR']]"
9SIB1PGFBZ4949,Asus GTX650TI-DC2T-1GD5 GeForce GTX 650 TI Graphic Card - 1.03 GHz Core - 1 GB GDDR5 - PCI Express 3.0,ASUS,,,245.0,0,https://c1.neweggimages.com/ProductImageCompressAll300/A98Y_1_20161001313874586.jpg,"[[' 1.03 GHz', ' 2560 x 1600', ' Yes', ' Yes', '90-YV03B0-M0NA00']]"
9SIB1PGFBW0383,New Sapphire TOXIC AMD Radeon R9 270X 2GB GDDR5 2DVI/HDMI/DisplayPort PCI-Express Video Card(SaveMart),Sapphire Tech,4,1.0,489.0,0,https://c1.neweggimages.com/ProductImageCompressAll300/A575_1307241986749021706NqBW63hV4.jpg,"[[' 1100 MHz', ' 2560 x 1600', ' 1 x DisplayPort', ' 2 x DVI', 'JRABS01']]"
9SIBMWJJWB4916,"GIGABYTE AORUS GeForce RTX 3060 ELITE 12G Graphics Card, 3 x WINDFORCE Fans, 12GB 192-bit GDDR6, GV-N3060AORUS E-12GD Video Card",GIGABYTE,4.8,13.0,417.4,$49.99 Shipping,https://c1.neweggimages.com/ProductImageCompressAll300/14-932-400-V05.jpg,"[[' 7680 x 4320', ' 2 x DisplayPort 1.4a', ' 2 x HDMI 2.1', ' 11.65"" x 4.61""', 'GV-N3060AORUS E-12GD']]"
9SIAZUEJB57733,Yeston GeForce GTX 1650  4GB GDDR6 LP Single Slot Graphics cards Nvidia pci express x16 3.0 video cards DirectX 12 Desktop computer PC video gaming graphics card 4GB With Fan GTX 1650 4G,yeston,4.7,3.0,199.0,0,https://c1.neweggimages.com/ProductImageCompressAll300/AZUES2211090K5GDQB6.jpg,"[[' 1410 MHz', ' DirectX 12', ' NVIDIA', ' NVIDIA GeForce GTX 16 Series', 'GTX1650-4G D6 LP', '9SIAZUEJB57733']]"
14-126-611,"ASUS TUF Gaming NVIDIA GeForce RTX 3070 Ti OC V2 Graphics Card (PCIe 4.0, 8GB GDDR6X, HDMI 2.1, DisplayPort 1.4a, Military-grade Certification, GPU Tweak III) TUF-RTX3070TI-O8G-V2-GAMING",ASUS,4.8,38.0,459.99,0,https://c1.neweggimages.com/ProductImageCompressAll300/14-126-611-13.jpg,"[[' 7680 x 4320', ' 3 x DisplayPort 1.4a', ' 2 x HDMI 2.1', ' 2.7 Slot', 'TUF-RTX3070TI-O8G-V2-GAMING', 'N82E16814126611']]"
9SIAZUEGTE6614,Yeston Radeon RX 550 4GB GDDR5 1183MHz 512processors PCIExpress 3.0 video cards DirectX12 Double slot 4*HDMI compatible Half height graphics card of Desktop,yeston,5,1.0,129.0,0,https://c1.neweggimages.com/ProductImageCompressAll300/AZUES220105aH8Pp.jpg,"[[' 1183 MHz', ' 4096 x 2160', ' 4 x HDMI', ' 2 Slots', 'Yeston RX550-4G D5 4HDMI GA', '9SIAZUEGTE6614']]"
9SIB1PGFBW9558,ROG ROG-STRIX-GTX1080-A8G-11GBPS GeForce GTX 1080 Graphic Card - 1.68 GHz Core - 1.82 GHz Boost Clock - 8 GB GDDR5X - Triple Slot Space Required,ASUS,,,598.0,0,https://c1.neweggimages.com/ProductImageCompressAll300/A98Y_1_20180521832714300.jpg,"[[' 1.68 GHz', ' Yes', ' Yes', ' Yes', '90YV09M5-M0NA00', '9SIB1PGFBW9558']]"
9SIB1PGHWS7297,Sapphire Technology Technology Radeon 11276-02-40G Pulse RX Vega 56 8GB HBM2 HDMI/ Triple DP (UEFI) PCI-E Graphics Card,Sapphire Tech,,,585.0,0,https://c1.neweggimages.com/ProductImageCompressAll300/AKXC_1_202003121363408405.jpg,"[['9901239028824', '9SIB1PGHWS7297']]"
9SIB1PGFBY5739,EVGA 03G-P4-3788-KR G-SYNC Support GeForce GTX 780 3GB 384-Bit GDDR5 PCI Express 3.0 SLI Support Classified w/ EVGA ACX Cooler Video Card,EVGA,4.4,85.0,369.0,0,https://c1.neweggimages.com/ProductImageCompressAll300/14-130-943-10.jpg,"[[' 993MHz', ' 4096 x 2160', ' 1 x DisplayPort', ' 2 x DVI', '03G-P4-3788-KR', '9SIB1PGFBY5739']]"
9SIB1PGFBV9623,"ZOTAC GeForce GTX 1060 AMP Edition, ZT-P10600B-10M, 6GB GDDR5 VR Ready S... New",ZOTAC,,,489.0,0,https://c1.neweggimages.com/ProductImageCompressAll300/AHN4_132161001584782166VeIUR7d2w4.jpg,"[['303256334847USEB', '9SIB1PGFBV9623']]"
9SIB1PGFBW9480,EVGA - NVIDIA GeForce GTX 1080 8GB GDDR5X PCI Express 3.0 Graphics Card - Black/silver,EVGA,,,598.0,0,https://c1.neweggimages.com/ProductImageCompressAll300/A6V6_131617202590823859AQ9Ynu4QHn.jpg,"[[' 3 x DisplayPort', ' 2 Slots', ' DirectX 12', ' NVIDIA', 'B079B9BF3V', '9SIB1PGFBW9480']]"
9SIASGMJHH9755,ASUS TUF Gaming GeForce GTX 1650 OC Edition 4GB GDDR6 PCI Express 3.0 Video Card TUF-GTX1650-O4GD6-P-GAMING,ASUS,4.4,119.0,185.99,0,https://c1.neweggimages.com/ProductImageCompressAll300/14-126-445-02.jpg,"[[' 1410 MHz', ' 7680 x 4320', ' 1 x DisplayPort 1.4', ' 1 x DVI-D', 'TUF-GTX1650-O4GD6-P-']]"
9SIB1PGFBW6777,nVidia Quadro 600 1GB DDR3 PCIe x16 DVI DisplayPort Video Graphics Card OEM,NVIDIA,,,88.0,0,https://c1.neweggimages.com/ProductImageCompressAll300/AA4T_131214619720635206Y1JDUGa2QD.jpg,[['600_24']]
9SIB1PGFBY6994,PNY Nvidia Quadro K1200 4GB GDDR5 4x Mini DP Video Graphics Card VCQK1200DVI-PB,"PNY Technologies, Inc.",,,198.0,0,https://c1.neweggimages.com/ProductImageCompressAll300/A4UB_1_20191123668601473.jpg,"[[' DirectX 12', ' NVIDIA', ' 128-Bit', ' OpenGL 4.5', '085A0349590489', '9SIB1PGFBY6994']]"
9SIBMWJJW81814,MSI Ventus GeForce RTX 3070 Ti 8GB GDDR6X PCI Express 4.0 Video Card RTX 3070 Ti Ventus 3X 8G OC,MSI,4.6,66.0,583.76,$49.99 Shipping,https://c1.neweggimages.com/ProductImageCompressAll300/14-137-662-V01.jpg,"[[' 7680 x 4320', ' 3 x DisplayPort 1.4a', ' 1 x HDMI 2.1', ' 12.44"" x 4.76""', 'RTX 3070 Ti Ventus 3X 8G OC']]"
9SIB1PGJJA7862,NVIDIA GeForce RTX 2080 Ti Graphic Card - 1.35 GHz Core - 1.64 GHz Boost Clock - 11 GB GDDR6 - Dual Slot Space Required,NVIDIA,,,1079.0,0,https://c1.neweggimages.com/ProductImageCompressAll300/AWFGD21111407KIFJFF.jpg,[['shoudong13']]
9SIAT8UEWN3295,"Yeston GeForce GTX 1050Ti 4G D5 TD Edition 1291-1392MHz / 7008MHz 4GB / 128Bit / GDDR5 Graphic Card DirectX 12,NVIDIA GeForce GTX 1050 Ti DVI-D HDMI DP Desktop Graphics Card",,,,185.99,0,https://c1.neweggimages.com/ProductImageCompressAll300/AT8UD210603AKF8R.jpg,"[['GTX -1050Ti-4g-td-yt-oc', '9SIAT8UEWN3295']]"
9SIB1PGFBV8707,ASUS Turbo RTX 2070 8GB GDDR6 Graphics Card (90YV0C80-M0NA00),ASUS,,,675.0,0,https://c1.neweggimages.com/ProductImageCompressAll300/AD7H_1_201811152060161052.jpg,"[[' 225W', '90YV0C80-M0NA00']]"
9SIB1PGFBZ3157,"EVGA GeForce GTX 960 04G-P4-3962-KR 4GB SC GAMING, Only 6.8 inches, Perfect for mITX Build Graphics Card",EVGA,4.7,33.0,429.0,0,https://c1.neweggimages.com/ProductImageCompressAll300/14-487-133-09.jpg,"[[' 1216 MHz', ' Analog: 2048 x 1536\nDigital: 4096 x 2160', ' 1 x DisplayPort', ' 1 x DVI-D\n1 x DVI-I', '04G-P4-3962-KR']]"
9SIB1PGHBJ4710,EVGA GeForce RTX 2080 SUPER 8GB GDDR6 PCI Express 3.0 SLI Support Video Card 08G-P4-3081-KR,EVGA,,,849.0,0,https://c1.neweggimages.com/ProductImageCompressAll300/ADV2D2006031CWS1.jpg,"[[' 7680 x 4320', ' 3 x DisplayPort 1.4', ' 1 x HDMI 2.0b', ' 10.62"" x 4.38""', '08G-P4-3081-KR', '9SIB1PGHBJ4710']]"
9SIB1PGFBY3333,Hpe Quadro Rtx 6000 Graphic Card - 24 Gb Gddr6,HP,,,4894.0,0,https://c1.neweggimages.com/ProductImageCompressAll300/A6ZPD200912731OK.jpg,"[[' 267 mm', 'R0Z45C', '9SIB1PGFBY3333']]"
9SIB1PGJJC5954,MSI GeForce RTX 2070 8GB Gaming GDDR6 Graphics Card,MSI,,,675.0,0,https://c1.neweggimages.com/ProductImageCompressAll300/A4YU_1_201908171014302864.jpg,[['V373-034R']]
9SIBBAEJSX6206,PNY GeForce GTX 1650 4GB GDDR6 PCI Express 3.0 x16 Video Card VCG16504D6DFPPB,"PNY Technologies, Inc.",,,175.0,$8.34 Shipping,https://c1.neweggimages.com/ProductImageCompressAll300/1B4-00JY-002B9-08.jpg,"[[' 1410 MHz', ' 7680 x 4320', ' 2 x DisplayPort 1.4', ' 1 x HDMI 2.0b', 'VCG16504D6DFPPB']]"
9SIB1PGFBW8581,"NVIDIA Quadro 2000 by PNY 1GB GDDR5 PCI Express Gen 2 x16 DVI-I DL and Dual DisplayPort OpenGL, Direct X, CUDA and OpenCL Profesional Graphics Board, VCQ2000-PB","PNY Technologies, Inc.",,,133.0,0,https://c1.neweggimages.com/ProductImageCompressAll300/AE7U_1_20170930827591677.jpg,"[['0046HSHD0', '9SIB1PGFBW8581']]"
9SIAMJDJVC8837,ASUS TUF Gaming GeForce GTX 1660 SUPER 6GB GDDR6 PCI Express 3.0 Video Card TUF-GTX1660S-6G-GAMING,ASUS,,,,$46.78 Shipping,https://c1.neweggimages.com/ProductImageCompressAll300/14-126-465-S02.jpg,"[[' 1530 MHz', ' 7680 x 4320', ' 1 x DisplayPort 1.4', ' 1 x DVI-D', 'TUF-GTX1660S-6G-GAMI']]"
9SIB1PGFC02147,PNY Quadro NVS 510 Graphic Card - 2 GB DDR3 SDRAM - Low-profile - Single Slot Sp,"PNY Technologies, Inc.",,,145.0,0,https://c1.neweggimages.com/ProductImageCompressAll300/A575_131691405811395306FDzLdF5xPq.jpg,"[[' 3840 x 2160', ' 4 x Mini DisplayPort', ' DirectX 11', ' 192 Cores', 'TTIVDO70', '9SIB1PGFC02147']]"
9SIARPHJT71047,"GIGABYTE GeForce RTX 3080 Vision OC 10G (REV2.0) Graphics Card, 3X WINDFORCE Fans, LHR, 10GB 320-bit GDDR6X, GV-N3080VISION OC-10GD REV2.0 Video Card,LHR",GIGABYTE,4,1.0,793.88,$49.99 Shipping,https://c1.neweggimages.com/ProductImageCompressAll300/AYTVD210902JAR72.jpg,[['LHR-15']]
9SIB1PGFJ27212,AMD Radeon HD 8570 1GB 128-Bit DDR3 Video Card PCI-e x16 DP/DVI  FOR DELL,,,,81.5,0,https://c1.neweggimages.com/ProductImageCompressAll300/A575_132141141222175984vgolCYagnS.jpg,"[['40188', '9SIB1PGFJ27212']]"
9SIB1PGFBY6876,PNY GeForce 8600 GT 512MB DDR3 PCI Express x16 SLI Support Video Card VCG86512GXXB,"PNY Technologies, Inc.",,,269.0,0,https://c1.neweggimages.com/ProductImageCompressAll300/14-133-293-Z01.jpg,"[[' 540 MHz', ' 2560 x 1600', ' 2 x DVI', ' DirectX 10', 'VCG86512GXXB', '9SIB1PGFBY6876']]"
9SIB1PGJEE3334,NVIDIA 900-1G611-2550-000 GeForce GTX 1080 Ti Founders Edition DirectX 12 11GB 352-Bit GDDR5X PCI Express 3.0 x16 HDCP Ready SLI Support Video Card,NVIDIA,,,865.0,0,https://c1.neweggimages.com/ProductImageCompressAll300/AWFGD210824C9HEY.jpg,"[['shoudong15', '9SIB1PGJEE3334']]"
9SIB1PGJJF0671,NVIDIA Official GeForce RTX 2080 Founders Edition 8GB GDDR6 PCI Express 3.0 Graphics Card,NVIDIA,,,849.0,0,https://c1.neweggimages.com/ProductImageCompressAll300/AWFGD210824C5M1C.jpg,[['shoudong21']]
9SIAJZYAX92459,PNY NVIDIA G-SYNC VCQFXGSYNCG80 PCI-E X1 ADD-ON INTERFACE CARD,NVIDIA,,,199.0,$15.00 Shipping,https://c1.neweggimages.com/ProductImageCompressAll300/V13Z_131559376175587076u9dN3QnsSG.jpg,[['VCQFXGSYNCG80']]
9SIB1PGFBW3513,PNY NVIDIA Quadro K2200 4GB GDDR5 DVI/2DisplayPorts PCI-Express Video Card VCQK2200-PB,"PNY Technologies, Inc.",,,185.0,0,https://c1.neweggimages.com/ProductImageCompressAll300/AE7U_1_20170930413944297.jpg,"[['-00NGZ5RLS', '9SIB1PGFBW3513']]"
9SIAT8UJ8F2589,"ASUS NVIDIA GeForce GT 710 Graphics Card (PCIe 2.0, 2GB GDDR5 Memory, 4X HDMI Ports, Single-Slot Design, Passive Cooling)",ASUS,4.7,3.0,118.0,0,https://c1.neweggimages.com/ProductImageCompressAll300/AMF7D201117XSJ39.jpg,[['90YV0E60-M0NA00']]
9SIARPHJJP0686,GIGABYTE GeForce GTX 1660 Ti DirectX 12 GV-N166TOC-6GD 6GB 192-Bit GDDR6 PCI Express 3.0 x16 ATX Video Card,GIGABYTE,5,1.0,207.99,$49.99 Shipping,https://c1.neweggimages.com/ProductImageCompressAll300/APBUS210108SK52m.jpg,[['GIGABYTE GV-N166TOC-']]
9SIB1PGFBY3355,GRAPHIC_BO TS NVIDIA QUADRO P620 LP,Lenovo,,,243.0,0,https://c1.neweggimages.com/ProductImageCompressAll300/ADZG_1_20190806968845122.jpg,"[[' 40W', ' 144 mm', '4X60R60469', '9SIB1PGFBY3355']]"
9SIB1PGJJF0666,ASUS Dual GeForce RTX 2080 8GB GDDR6 PCI Express 3.0 SLI Support Video Card DUAL-RTX2080-8G-EVO,ASUS,3,2.0,849.0,0,https://c1.neweggimages.com/ProductImageCompressAll300/14-126-340-V05.jpg,"[[' 1515 MHz', ' 7680 x 4320', ' 3 x DisplayPort 1.4', ' 1 x HDMI 2.0b', 'DUAL-RTX2080-8G-EVO']]"
9SIAAESD3F5942,??./?????. P106 GTX 1060 GPU VGA ????? ??? MSI Gece GTX1060 GTX-1060-6GT-OC INNO3D GTX 1060 6GB ?????????? ??????????,SXDOOL,,,35.69,0,https://c1.neweggimages.com/ProductImageCompressAll300/AAESS201126eSnP8.jpg,"[[' 30-35 CFM', '1a80d172-8ed5-adfc-0', '9SIAAESD3F5942']]"
9SIB1PGJHA9234,NVIDIA GeForce RTX 3090 Founders Edition GDDR6X 24GB,NVIDIA,5,1.0,1630.0,0,https://c1.neweggimages.com/ProductImageCompressAll300/ARUXS2111240ELDHADB.jpg,[['9001G1362510000']]
9SIAFVFHY20292,"EVGA GeForce RTX 2060 KO ULTRA GAMING Video Card, 06G-P4-2068-KR, 6GB GDDR6, Dual Fans, Metal Backplate",EVGA,4.5,247.0,307.44,$16.99 Shipping,https://c1.neweggimages.com/ProductImageCompressAll300/14-487-486-V07.jpg,"[[' 7680 x 4320', ' 1 x DisplayPort 1.4', ' 1 x Dual-Link DVI-D', ' 1 x HDMI 2.0b', '06G-P4-2068-KR']]"
9SIB1PGFBZ7564,Supermicro Tesla K20C Graphic Card - 1 GPUs - 706 MHz Core - 5 GB GDDR5 - PCI Express 2.0 x16,Supermicro,,,699.0,0,https://c1.neweggimages.com/ProductImageCompressAll300/AE8D_131818668366145563kEmU8QO9A7.jpg,"[[' 706 MHz', ' NVIDIA', ' 384-Bit', ' Fan Cooler', 'AOC-GPU-NVK20C', '9SIB1PGFBZ7564']]"
9SIARPHJT72154,"GIGABYTE GeForce RTX 3080 VISION OC 10GB Video Card, GV-N3080VISION OC-10GD (REV2.0)",GIGABYTE,4,1.0,794.99,$49.99 Shipping,https://c1.neweggimages.com/ProductImageCompressAll300/APMXS210719XBGmH.jpg,[['GV-N3080VISION OC-10GD REV2']]
9SIAPMXHKF7645,"ASUS TUF-RTX3080TI-O12G-GAMING Video Card,12GB 384-bit GDDR6X PCI Express 4.0 x16,1785MHz Core Frequency,2×HDMI interface, 3×DisplayPort interface",ASUS,5,1.0,1474.98,0,https://c1.neweggimages.com/ProductImageCompressAll300/A4RES211102B6E35.jpg,"[[' OC mode: 1785 MHz Gaming mode: 1755 MHz', ' 7680 x 4320', ' 3 x DisplayPort 1.4a', ' 2 x HDMI 2.1', 'ASUS TUF-RTX3080TI-O12G-GAMING']]"
9SIB1PGGS92196,AMD Radeon Pro Radeon Pro VII Graphic Card 16 GB HBM2 Full-height 100506163,AMD,,,3299.0,0,https://c1.neweggimages.com/ProductImageCompressAll300/V1DSD201006DIMHM.jpg,"[['100506163', '9SIB1PGGS92196']]"
9SIBMWJJW81787,ASUS TUF Gaming GeForce RTX 3070 Ti 8GB GDDR6X PCI Express 4.0 Video Card TUF-RTX3070TI-O8G-GAMING,ASUS,4.6,197.0,620.96,$49.99 Shipping,https://c1.neweggimages.com/ProductImageCompressAll300/14-126-512-02.jpg,"[[' 7680 x 4320', ' 3 x DisplayPort 1.4a', ' 2 x HDMI', ' 11.81"" x 5.00""', 'TUF-RTX3070TI-O8G-GAMING']]"
9SIBMWJJX67368,ASUS GeForce GTX 1050 Ti 4GB PHOENIX Fan Edition DVI-D HDMI DP 1.4 Gaming Graphics Card (PH-GTX1050Ti-4G),ASUS,4.4,148.0,146.8,$49.99 Shipping,https://c1.neweggimages.com/ProductImageCompressAll300/14-126-170-V01.jpg,"[[' 1290 MHz', ' 7680 x 4320', ' 1 x Native DisplayPort 1.4', ' 1 x Native DVI-D', 'PH-GTX1050TI-4G']]"
9SIB4KCJN42907,"ZOTAC GAMING GeForce GTX 1650 OC 4GB GDDR6 128-bit Gaming Graphics Card, Super Compact, ZT-T16520F-10L",ZOTAC,4.7,40.0,212.0,0,https://c1.neweggimages.com/ProductImageCompressAll300/14-500-494-S01.jpg,"[[' 1 x DisplayPort 1.4', ' Dual Link DVI-D', ' 1 x HDMI 2.0b', ' 5.94"" x 4.38""', 'ZT-T16520F-10L']]"
9SIAY2WJZW1630,"ZOTAC GAMING GeForce RTX 3070 Twin Edge OC LHR 8GB GDDR6 256-bit 14 Gbps PCIE 4.0 Gaming Graphics Card, IceStorm 2.0 Advanced Cooling, White LED Logo Lighting, ZT-A30700H-10PLHR",ZOTAC,4.8,12.0,574.99,0,https://c1.neweggimages.com/ProductImageCompressAll300/14-500-519-V01.jpg,"[[' 7680 x 4320', ' 3 x DisplayPort 1.4a', ' 1 x HDMI 2.1', ' 9.10"" x 5.60""', 'ZT-A30700H-10PLHR']]"
9SIBMWJJWP5957,"GIGABYTE Geforce RTX 2060 OC 6G Graphics Card, 2 x WINDFORCE Fans, 6GB 192-Bit GDDR6, GV-N2060OC-6GD Video Card",GIGABYTE,4.1,112.0,238.48,$49.99 Shipping,https://c1.neweggimages.com/ProductImageCompressAll300/14-932-115-01.jpg,"[[' 1755 MHz', ' 7680 x 4320 @ 60 Hz', ' 3 x DisplayPort 1.4', ' 1 x HDMI 2.0b', 'GV-N2060OC-6GD v2.0']]"
9SIARPHJNA9167,MSI GeForce GTX 1070 Ti 8GB GDDR5 PCI Express 3.0 x16 SLI Support ATX Video Card GTX 1070 Ti Titanium 8G,MSI,4.1,60.0,463.05,$49.99 Shipping,https://c1.neweggimages.com/ProductImageCompressAll300/14-137-255-V08.jpg,"[[' 1607 MHz', ' 3 x DisplayPort', ' 1 x DL-DVI-D', ' 1 x HDMI', 'GTX 1070 Ti Titaniu']]"
9SIAD6HHFJ6232,"ZOTAC GAMING GeForce RTX 3050 Twin Edge OC 8GB GDDR6 128-bit 14 Gbps PCIE 4.0 Gaming Graphics Card, IceStorm 2.0 Advanced Cooling, FREEZE Fan Stop, Active Fan Control, ZT-A30500H-10M",ZOTAC,4.2,13.0,330.99,0,https://c1.neweggimages.com/ProductImageCompressAll300/14-500-529-V01.jpg,"[[' 7680 x 4320', ' 3 x DisplayPort 1.4a', ' 1 x HDMI 2.1', ' 8.80"" x 4.60""', 'ZT-A30500H-10M']]"
9SIAY2WJZW1635,"EVGA GeForce RTX 3060 Ti XC GAMING Video Card, 08G-P5-3663-KL, 8GB GDDR6, Metal Backplate, LHR",EVGA,4.7,73.0,634.99,0,https://c1.neweggimages.com/ProductImageCompressAll300/14-487-540-V02.jpg,"[[' 7680 x 4320', ' 3 x DisplayPort 1.4a', ' 1 x HDMI 2.1', ' 7.94"" x 4.33""', '08G-P5-3663-KL']]"
9SIA4REJEM5228,ASUS Turbo GeForce RTX 2080 SUPER 8GB GDDR6 PCI Express 3.0 SLI Support Video Card TURBO-RTX2080S-8G-EVO,ASUS,3.3,3.0,1487.04,0,https://c1.neweggimages.com/ProductImageCompressAll300/14-126-356-V01.jpg,"[[' 1650 MHz', ' 7680 x 4320', ' 3 x DisplayPort 1.4', ' 1 x HDMI 2.0b', 'TURBO-RTX2080S8GEVO']]"
9SIA4REH887341,"GIGABYTE GeForce RTX 3080 VISION OC 10G (LHR) Graphics Card, 10GB 320-Bit GDDR6X, PCI Express 4.0, 2×HDMI Interface, 3×DisplayPort Interface",GIGABYTE,,,1336.24,0,https://c1.neweggimages.com/ProductImageCompressAll300/A4RES2112140F1J0BE4.jpg,"[[' 7680 x 4320', ' 3 x DisplayPort 1.4a', ' 2 x HDMI 2.1', ' 12.60"" x 4.96""', 'GIGABYTE RTX 3080 VISION OC 10G LHR']]"
9SIARPHJT72198,ASUS ROG Strix GeForce RTX 3080 10GB GDDR6X PCI Express 4.0 x16 Video Card ROG-STRIX-RTX3080-O10G-V2-GAMING LHR,ASUS,5,2.0,900.0,$49.99 Shipping,https://c1.neweggimages.com/ProductImageCompressAll300/APMXS210802t2Gv7.jpg,[['STRIX-RTX3080-O10G-V2']]
9SIAZRPJKS9950,SAPPHIRE Radeon RX 550 DirectX 12 100414P2GL 2GB 128-Bit GDDR5 Video Card,Sapphire Tech,4.1,9.0,136.08,0,https://c1.neweggimages.com/ProductImageCompressAll300/14-202-286-V06.jpg,"[[' 1 x DisplayPort 1.4', ' 1 x DL-DVI-D', ' 1 x HDMI 2.0b', ' 9.25"" x 6.50""', '100414P2GL']]"
9SIA25VHZS0698,PNY RTX A2000 VCNRTXA2000-PB 6GB 192-bit GDDR6 PCI Express 4.0 x16 Low Profile Workstation Video Card,"PNY Technologies, Inc.",,,483.18,0,https://c1.neweggimages.com/ProductImageCompressAll300/ARF6D2204130GQBSN88.jpg,"[['PNY157', '9SIA25VHZS0698']]"
9SIA4REH8N6573,"MSI GeForce RTX 3080 GAMING Z TRIO 10G (LHR) Graphics Card, 10GB 320-bit GDDR6X, PCI Express 4.0, 1×HDMI2.1 Interface, 3×DisplayPort1.4a Interface",MSI,,,1120.98,0,https://c1.neweggimages.com/ProductImageCompressAll300/A4RES2112210ESD1ZE0.jpg,[['MSI RTX 3080 GAMING Z TRIO 10G LHR']]
9SIARPHJK14380,"ASUS Radeon RX 580 8GB GDDR5 CrossFireX Support Video Card ROG-RX580-2048SP-8G -OEM Packaging, BrandNew, Without Box, No Warranty",ASUS,,,314.19,$49.99 Shipping,https://c1.neweggimages.com/ProductImageCompressAll300/APBUS210624CKjLD.jpg,"[['WBH2-37', '9SIARPHJK14380']]"
9SIAFVFJ7J5690,"ZOTAC GAMING GeForce RTX 2060 SUPER MINI 8GB GDDR6 256-bit 14 Gbps Gaming Graphics Card, IceStorm 2.0, Super Compact, ZT-T20610E-10M",ZOTAC,4.5,34.0,465.44,$20.00 Shipping,https://c1.neweggimages.com/ProductImageCompressAll300/14-500-471-V01.jpg,"[[' 3 x DisplayPort 1.4', ' 1 x HDMI 2.0b', ' 8.30"" x 4.70""', ' 2 Slots', 'ZT-T20610E-10M']]"
9SIA4REHDE6337,"ZOTAC GeForce GTX1650-4GD6 Thunderbolt TSI Graphics Card, 4GB 128-bit GDDR6, Support PCI Express 3.0,1×HDMI Interface, 1×DVI-D Interface, 1×DisplayPort Interface",ZOTAC,,,293.55,0,https://c1.neweggimages.com/ProductImageCompressAll300/A4RES2201050HLVWYCC.jpg,"[[' 1410 MHz', ' 7680 x 4320', ' 1 x DisplayPort 1.4', ' 1 x DVI', 'ZOTAC GTX1650-4GD6 Thunderbolt TSI', '9SIA4REHDE6337']]"
9SIBGFDJFX1779,MSI GeForce GTX 1660 SUPER VENTUS XS OC EDITION 6GB GDDR6 192-bit HDMI/DP Support PCI Express 3.0 x16 DirectX 12 Dual Fan VR Ready Graphics Card,MSI,,,,$46.00 Shipping,https://c1.neweggimages.com/ProductImageCompressAll300/AWZTS210602cwmPI.jpg,"[[' 7680 x 4320', ' 3 x DisplayPort 1.4', ' 1 x HDMI 2.0b', ' 8.03"" x 5.04""', '768697040876']]"
9SIAUNCK0V8391,MSI Ventus GeForce RTX 4070 12GB GDDR6X PCI Express 4.0 ATX Video Card RTX 4070 VENTUS 3X 12G,MSI,4.4,10.0,728.8,$49.99 Shipping,https://c1.neweggimages.com/ProductImageCompressAll300/14-137-790-01.jpg,"[[' 7680 x 4320', ' 3 x DisplayPort 1.4a', ' 1 x HDMI 2.1a', ' DirectX 12 Ultimate', 'RTX 4070 VENTUS 3X 12G']]"
14-133-844,PNY GeForce RTX 4080 16GB XLR8 Gaming VERTO EPIC-X RGB Overclocked Triple Fan Graphics Card DLSS 3,"PNY Technologies, Inc.",4.4,8.0,1179.99,0,https://c1.neweggimages.com/ProductImageCompressAll300/14-133-844-34.jpg,"[[' 2205 MHz', ' 7680 x 4320', ' 3 x DisplayPort 1.4a', ' 1 x HDMI 2.1', 'VCG408016TFXXPB1-O', 'N82E16814133844']]"
9SIAFVFJV49639,"ASUS ROG Strix GeForce RTX 4090 White OC Edition Gaming Graphics Card (PCIe 4.0, 24GB GDDR6X, HDMI 2.1a, DisplayPort 1.4a) ROG-STRIX-RTX4090-O24G-WHITE",ASUS,4.9,10.0,2159.99,0,https://c1.neweggimages.com/ProductImageCompressAll300/14-126-616-01.jpg,"[[' 7680 x 4320', ' 3 x DisplayPort 1.4a', ' 2 x HDMI 2.1a', ' 3.5 Slot', 'ROG-STRIX-RTX4090-O24G-WHITE']]"
9SIAYTVFVU0429,MSI Suprim GeForce RTX 3080 10GB GDDR6X PCI Express 4.0 Video Card RTX 3080 SUPRIM X 10G LHR,MSI,5,13.0,711.54,$49.99 Shipping,https://c1.neweggimages.com/ProductImageCompressAll300/14-137-676-V08.jpg,"[[' 7680 x 4320', ' 3 x DisplayPort 1.4a', ' 1 x HDMI 2.1', ' 13.23"" x 5.51""', 'RTX3080SuprimX10GLHR']]"
9SIBJR8JYT1600,MSI Ventus GeForce RTX 3070 8GB GDDR6 PCI Express 4.0 Video Card RTX 3070 VENTUS 2X OC,MSI,4.5,86.0,430.99,$8.60 Shipping,https://c1.neweggimages.com/ProductImageCompressAll300/14-137-602-V13.jpg,"[[' 7680 x 4320', ' 3 x DisplayPort 1.4a', ' 1 x HDMI 2.1', ' 9.13"" x 4.88""', '3070Ventus2XOC']]"
9SIAD6HJ343757,ASUS TUF Gaming GeForce RTX 3060 12GB GDDR6 PCI Express 4.0 Video Card TUF-RTX3060-O12G-V2-GAMING,ASUS,4.8,92.0,384.99,0,https://c1.neweggimages.com/ProductImageCompressAll300/14-126-523-01.jpg,"[[' 7680 x 4320', ' 3 x DisplayPort 1.4a', ' 2 x HDMI 2.1', ' 11.81"" x 5.63""', 'TUF-RTX3060-O12G-V2-GAMING']]"
9SIAY2WK031203,MSI Gaming GeForce RTX 3090 24GB GDDR6X PCI Express 4.0 SLI Support Video Card RTX 3090 GAMING X TRIO 24G,MSI,4.7,91.0,1352.98,0,https://c1.neweggimages.com/ProductImageCompressAll300/14-137-595-V24.jpg,"[[' 7680 x 4320', ' 3 x DisplayPort 1.4a', ' 1 x HDMI 2.1', ' 12.72"" x 5.51""', 'RTX 3090 GAMING X TRIO 24G']]"
9SIB601JAJ4851,"RX 5500 XT 8G D6 Graphics Card, 8GB 128-bit GDDR6, Support PCI Express 4.0, 1717MHz Core Frequency and 14000MHz Memory Frequency, 1×HDMI, 3×DisplayPort",Mannajue,4,2.0,149.99,0,https://c1.neweggimages.com/ProductImageCompressAll300/B601S2211131187DM35.jpg,"[['5500xt8gb', '9SIB601JAJ4851']]"
9SIBBB1JZZ4579,"GIGABYTE Radeon RX 6700 XT GAMING OC 12G Graphics Card, WINDFORCE 3X Cooling System, 12GB 192-bit GDDR6, GV-R67XTGAMING OC-12GD Video Card",GIGABYTE,4.5,54.0,407.99,$49.99 Shipping,https://c1.neweggimages.com/ProductImageCompressAll300/14-932-416-03.jpg,"[[' 7680 x 4320', ' 2 x DisplayPort 1.4a', ' 2 x HDMI 2.1', ' 11.06"" x 4.53""', 'GV-R67XTGAMING OC-12']]"
9SIAPNMJTK1842,MSI Gaming GeForce RTX 3070 8GB GDDR6 PCI Express 4.0 Video Card RTX 3070 GAMING X TRIO,MSI,4.8,153.0,550.0,0,https://c1.neweggimages.com/ProductImageCompressAll300/14-137-603-V10.jpg,"[[' 7680 x 4320', ' 3 x DisplayPort 1.4a', ' 1 x HDMI 2.1', ' 12.72"" x 5.51""', 'RTX3070GAMINGXTRIO']]"
9SIAZUEGVJ4859,Yeston Radeon RX 6600 8GB D6 GDDR6 128bit 7nm Desktop computer PC Video Graphics Cards support PCI-Express 4.0 video cards 3*DP+1*HDMI-compatible  graphics card,yeston,5,2.0,229.0,0,https://c1.neweggimages.com/ProductImageCompressAll300/AZUES220127BerEM.jpg,"[[' 2044MHz', ' 3 x DisplayPort 1.4', ' 1 x HDMI 2.1', ' DirectX 12', 'Yeston RX6600-8G D6 GB', '9SIAZUEGVJ4859']]"
9SIA0ZXJTF6326,MSI Suprim X GeForce RTX 4080 16GB GDDR6X PCI Express 4.0 Video Card RTX 4080 16GB SUPRIM X,MSI,4.8,37.0,1464.83,Special Shipping,https://c1.neweggimages.com/ProductImageCompressAll300/14-137-767-03.jpg,"[[' 7680 x 4320', ' 3 x DisplayPort 1.4a', ' 1 x HDMI 2.1', ' DirectX 12 Ultimate', 'RTX 4080 16GB SUPRIM X']]"
9SIAZUEJB55157,Yeston RTX 3060 8GB GDDR6 LHR Graphics cards Nvidia pci express x16 4.0 video cards Desktop computer PC video gaming graphics card,yeston,,,269.0,0,https://c1.neweggimages.com/ProductImageCompressAll300/AZUES2211090FT0QD6E.jpg,"[[' 1320MHz', ' 7680 x 4320', ' 3 x DisplayPort', ' 1 x HDMI', 'RTX3060-8G D6 GA', '9SIAZUEJB55157']]"
9SIAD2CJ8U9658,XFX SPEEDSTER MERC319 Radeon RX 6750 XT 12GB GDDR6 PCI Express 4.0 Video Card RX-675XYTBDP,XFX,4.7,10.0,389.99,0,https://c1.neweggimages.com/ProductImageCompressAll300/14-150-869-V01.jpg,"[[' 2324 MHz', ' 3 x DisplayPort 1.4', ' 1 x HDMI 2.1', ' 12.72"" x 5.20""', 'RX-675XYTBDP', '9SIAD2CJ8U9658']]"
9SIAD2CJ8U9429,XFX SPEEDSTER MERC308 Radeon RX 6650 XT 8GB GDDR6 PCI Express 4.0 Video Card RX-665X8TBDY,XFX,5,2.0,279.99,0,https://c1.neweggimages.com/ProductImageCompressAll300/14-150-871-V01.jpg,"[[' 2192 MHz', ' 7680 x 4320', ' 3 x DisplayPort 1.4', ' 1 x HDMI 2.1', 'RX-665X8TBDY']]"
9SIAY2WJZZ0670,MSI Ventus GeForce RTX 3080 10GB GDDR6X PCI Express 4.0 Video Card RTX 3080 VENTUS 3X PLUS 10G OC LHR,MSI,4.7,53.0,735.46,$49.99 Shipping,https://c1.neweggimages.com/ProductImageCompressAll300/14-137-686-S06.jpg,"[[' 7680 x 4320', ' 3 x DisplayPort 1.4a', ' 1 x HDMI 2.1', ' 12.01"" x 4.72""', 'RTX 3080 VENTUS 3X PLUS 10G OC LHR']]"
9SIARPHJRH4153,MSI Suprim GeForce RTX 3070 Ti 8GB GDDR6X PCI Express 4.0 Video Card RTX 3070 Ti SUPRIM X 8G,MSI,4.6,68.0,665.37,$49.99 Shipping,https://c1.neweggimages.com/ProductImageCompressAll300/14-137-665-S01.jpg,"[[' EXTREME Mode: 1875 MHz (MSI Center)\nGAMING Mode & SILENT Mode: 1860 MHz', ' 7680 x 4320', ' 3 x DisplayPort 1.4a', ' 1 x HDMI 2.1', 'RTX3070TiSUPRIMX8G']]"
9SIAZUEHWN8117,Yeston RTX 3050 8GB GDDR6 LHR Graphics cards Nvidia pci express 4.0 HDMI 2.1*1 + DP1.4a*3 video cards Desktop computer PC video gaming graphics card,yeston,,,249.0,0,https://c1.neweggimages.com/ProductImageCompressAll300/AZUES22052581hre.jpg,"[[' 1552 MHz', ' 3 x DisplayPort 1.4a', ' 1 x HDMI 2.1', ' DirectX 12', 'RTX3050-8G D6 GA', '9SIAZUEHWN8117']]"
9SIAZUEJ1V6503,Yeston RTX 3060 Ti 8GB GDDR6 LHR Graphics cards Nvidia pci express x16 4.0 video cards Desktop computer PC video gaming graphics card,yeston,,,379.0,0,https://c1.neweggimages.com/ProductImageCompressAll300/AZUES2207150J7YW46E.jpg,"[[' 1410 MHz', ' 7680 x 4320', ' 3 x DisplayPort', ' 1 x HDMI', 'RTX3060TI-8G D6 GA', '9SIAZUEJ1V6503']]"
9SIB11NJTB9939,MSI Gaming GeForce RTX 3070 Ti 8GB GDDR6X PCI Express 4.0 Video Card RTX 3070 Ti Gaming X Trio 8G,MSI,4.7,142.0,618.14,$9.99 Shipping,https://c1.neweggimages.com/ProductImageCompressAll300/14-137-661-01.jpg,"[[' 7680 x 4320', ' 3 x DisplayPort 1.4a', ' 1 x HDMI 2.1', ' 12.72"" x 5.51""', 'RTX3070TGamingXTrio8']]"
9SIAZUEES03131,Yeston Radeon RX 550 4GB GDDR5 1183MHz 512processors video cards PCIExpress 3.0 DirectX12 Single Slot VGA+HDMI+DVI-D graphics card of Desktop,yeston,,,95.0,0,https://c1.neweggimages.com/ProductImageCompressAll300/AZUES210527dIJ2c.jpg,"[[' 1183 MHz', ' 4096 x 2160', ' 1 x DVI', ' 1 x HDMI', 'RX550-4G D5 LP XL2', '9SIAZUEES03131']]"
9SIBF3CJ3S2751,PELADN AMD Radeon RX 5500XT 8GB GDDR6 PCI Express 4.0 Video Card,Peladn,5,2.0,118.0,0,https://c1.neweggimages.com/ProductImageCompressAll300/BF3CS2302130L6CLT74.jpg,"[[' 1506 MHz', ' 3 x DisplayPort', ' 1 x HDMI', ' 231*119MM', '6972410021682']]"
9SIAD2CJUE7407,"XFX SPEEDSTER SWFT309 AMD Radeon RX 6700 CORE Gaming Graphics Card with 10GB 160-Bit GDDR6, AMD RDNA 2, RX-67XLKWFDV",XFX,4.4,14.0,259.99,0,https://c1.neweggimages.com/ProductImageCompressAll300/14-150-874-07.jpg,"[[' 2132 MHz', ' 7680 x 4320', ' 3 x DisplayPort 1.4', ' 1 x HDMI 2.1', 'RX-67XLKWFDV']]"
9SIAZUEFRW5188,Yeston GeForce GT 1030 4GB DDR4 LP Graphics cards Nvidia pci express 3.0 video cards Included Low Profile Bracket Single slot graphics card Desktop computer PC video gaming graphics card,yeston,,,169.0,0,https://c1.neweggimages.com/ProductImageCompressAll300/AZUES2302270CJN8L45.jpg,"[[' 1152 MHz', ' DirectX 12', ' NVIDIA', ' 1380 MHz', 'Yeston GT1030-4G D4 LP', '9SIAZUEFRW5188']]"
9SIAD2CJS91325,XFX Gaming Radeon RX 7900 XT 20GB GDDR6 PCI Express 4.0 x16 Video Card RX-79TMBABF9,XFX,4.2,20.0,779.99,$8.68 Shipping,https://c1.neweggimages.com/ProductImageCompressAll300/14-150-876-07.jpg,"[[' 1500 MHz', ' 7680 x 4320', ' 2 x DisplayPort 2.1', ' 1 x HDMI 2.1', 'RX-79TMBABF9', '9SIAD2CJS91325']]"
9SIA24GJU06838,PNY GeForce RTX 4070 12GB VERTO Dual Fan Graphics Card DLSS 3,"PNY Technologies, Inc.",4.8,5.0,690.91,0,https://c1.neweggimages.com/ProductImageCompressAll300/14-133-855-V01.jpg,"[[' 1920', ' 7680 x 4320', ' 3 x DisplayPort 1.4a', ' 1 x HDMI 2.1', 'VCG407012DFXPB1']]"
9SIAFVFJHA4558,"ZOTAC GAMING GeForce RTX 4070 Ti AMP Extreme AIRO DLSS 3 12GB GDDR6X 192-bit 21 Gbps PCIE 4.0 Gaming Graphics Card, IceStorm 2.0 Advanced Cooling, SPECTRA 2.0 RGB Lighting, ZT-D40710B-10P",ZOTAC,4.7,3.0,899.99,0,https://c1.neweggimages.com/ProductImageCompressAll300/14-500-544-10.jpg,"[[' 7680 x 4320', ' 3 x DisplayPort 1.4a', ' 1 x HDMI 2.1a', ' 4 Slots', 'ZT-D40710B-10P']]"
9SIAZUEFNF3560,Yeston GT730 4GB GDDR3  128bit  PCIExpress 2.0 DirectX11 video cards Single Slot 4*HDMI compatible graphics card of Desktop,yeston,3,4.0,109.0,0,https://c1.neweggimages.com/ProductImageCompressAll300/AZUES2108255qQF6.jpg,"[[' 993 MHz', ' 4096 x 2160', ' 4 x HDMI', ' Single Slot', 'Yeston GT730-4G 4HDMI GA', '9SIAZUEFNF3560']]"
9SIAFVFJJ76622,"ASUS Dual GeForce RTX 3060 White OC Edition 8GB GDDR6 (PCIe 4.0, 8GB GDDR6, HDMI 2.1, DisplayPort 1.4a) DUAL-RTX3060-O8G-WHITE",ASUS,4.8,4.0,295.44,$16.99 Shipping,https://c1.neweggimages.com/ProductImageCompressAll300/14-126-603-15.jpg,"[[' 7680 x 4320', ' 3 x DisplayPort 1.4a', ' 1 x HDMI 2.1', ' 2 Slots', 'DUAL-RTX3060-O8G-WHITE']]"
9SIBMWJJW81792,MSI Ventus GeForce RTX 3070 8GB GDDR6 PCI Express 4.0 Video Card RTX 3070 Ventus 3X 8G OC LHR,MSI,4.9,19.0,513.7,$49.99 Shipping,https://c1.neweggimages.com/ProductImageCompressAll300/14-137-669-V15.jpg,"[[' 1755 MHz', ' 7680 x 4320', ' 3 x DisplayPort 1.4a', ' 1 x HDMI 2.1', 'RTX307Ventus3X8OCLHR']]"
9SIBGFDJR71467,MSI Ventus GeForce RTX 2060 SUPER 8GB GDDR6 PCI Express 3.0 x16 Video Card RTX 2060 SUPER VENTUS GP OC,MSI,4.5,91.0,349.99,$40.00 Shipping,https://c1.neweggimages.com/ProductImageCompressAll300/14-137-477-06.jpg,"[[' 7680 x 4320', ' 3 x DisplayPort 1.4a', ' 1 x HDMI 2.0b', ' 9.13"" x 5.00""', '2060SuperVentusGPOC']]"
9SIARPHJRH4140,"ASUS TUF Gaming GeForce RTX 3060 12GB GDDR6 PCI Express 4.0 Video Card, OC Edition TUF-RTX3060-O12G-GAMING",ASUS,4.6,50.0,411.49,$49.99 Shipping,https://c1.neweggimages.com/ProductImageCompressAll300/14-126-491-01.jpg,"[[' 1852 MHz', ' 7680 x 4320', ' 3 x DisplayPort 1.4a', ' 2 x HDMI 2.1', 'TUF-RTX3060-O12G-GAM']]"
9SIB601HZ88845,RX580 8G 256-Bit GDDR5 PCI Express 3.0 x16 DirectX 12 Gaming Video Card Gaming GPU,Mannajue,,,99.99,0,https://c1.neweggimages.com/ProductImageCompressAll300/B601S220806107GYQ48.jpg,"[['RX580 8G', '9SIB601HZ88845']]"
9SIB1PGJPF6769,ASUS GeForce RTX 3090 STRIX OC 24GB GDDR6X ROG-STRIX-RTX3090-O24G-GAMING Video Graphic Card GPU,ASUS,5,1.0,1699.0,0,https://c1.neweggimages.com/ProductImageCompressAll300/ACVBD210309MR3BZ.jpg,"[[' 1 x DisplayPort', ' 1 x HDMI', ' NVIDIA', ' NVIDIA GeForce GTX 30 Series', 'ROG-3090-O24G-G-R']]"
9SIB601JAD8374,GeForce RTX 2060 6G Graphics Card GDDR6 PCI Express 3.0 Video Card Dual-fan Edition HDMI DP Gpu,Mannajue,4.4,8.0,209.99,0,https://c1.neweggimages.com/ProductImageCompressAll300/B601S2210310SHP7T2B.jpg,"[[' 7680×4320', ' 1 x DisplayPort', ' 1 x DVI', ' 1 x HDMI', '2060', '9SIB601JAD8374']]"
9SIB601JBU3953,GeForce GTX 1660 SUPER 6GB GDDR6 PCI Express 3.0 x16 Video Card GTX 1660 SUPER,Mannajue,,,174.99,0,https://c1.neweggimages.com/ProductImageCompressAll300/B601S2211170XAT7S43.jpg,"[['WC166S', '9SIB601JBU3953']]"
9SIAAY9JKH0565,MSI Ventus GeForce RTX 4070 Ti 12GB GDDR6X PCI Express 4.0 Video Card RTX 4070 Ti VENTUS 3X 12G,MSI,4.5,29.0,888.0,0,https://c1.neweggimages.com/ProductImageCompressAll300/14-137-773-03.jpg,"[[' 7680 x 4320', ' 3 x DisplayPort 1.4a', ' 1 x HDMI 2.1a', ' DirectX 12 Ultimate', 'RTX 4070 Ti VENTUS 3X 12G']]"
9SIB86XJX86665,"51RISC AMD Radeon RX 6700 10GB Gaming Graphics Card with CORE 160-Bit GDDR6, AMD RDNA 2 Video card GPU",51Risc,,,249.0,0,https://c1.neweggimages.com/ProductImageCompressAll300/B86XS2305290P5EBE7F.jpg,"[[' AMD Radeon RX 6000 Series', ' Double Fans', 'PLAMDRX670010GB', '9SIB86XJX86665']]"
9SIB601GRT2034,"GTX 950 128-Bit 2GB GDDR5 Graphic Card with dual fans GTX950 Video Card GPU PCI Express 3.0 DP/DVI/HDMI,Play for LOL,PUBG,OW,War Thunder etc.",Mannajue,,,99.0,0,https://c1.neweggimages.com/ProductImageCompressAll300/B601S2208190WS2SZ7D.jpg,"[[' 1051 MHz', ' 4096 x 2160', ' 1 x DVI', ' 1 x HDMI', '950 2G', '9SIB601GRT2034']]"
9SIAYTVK057296,MSI Ventus GeForce RTX 4060 8GB GDDR6 PCI Express 4.0 x8 ATX Video Card RTX 4060 VENTUS 2X BLACK 8G OC,MSI,5,1.0,339.98,$49.99 Shipping,https://c1.neweggimages.com/ProductImageCompressAll300/14-137-804-11.jpg,"[[' 7680 x 4320', ' 3 x DisplayPort 1.4a', ' 1 x HDMI 2.1a', ' DirectX 12 Ultimate', 'RTX 4060 VENTUS 2X BLACK 8G OC']]"
9SIASGMJSK5770,ASUS Phoenix Radeon RX 550 2GB GDDR5 PCI Express 3.0 Video Card PH-550-2G,ASUS,5,1.0,99.99,0,https://c1.neweggimages.com/ProductImageCompressAll300/14-126-582-V01.jpg,"[[' 1183 MHz', ' 5120 x 2880', ' 1 x DisplayPort 1.4', ' 1 x DL-DVI-D', 'PH-550-2G']]"
9SIBMWJJX67684,ASUS ROG STRIX GeForce RTX 2080 Overclocked 8G GDDR6 HDMI DP 1.4 USB Type-C Graphics Card (ROG-STRIX-RTX2080-O8G-GAMING),ASUS,3.6,47.0,591.19,$49.99 Shipping,https://c1.neweggimages.com/ProductImageCompressAll300/14-126-249-V09.jpg,"[[' 1515 MHz', ' 7680 x 4320', ' 2 x DisplayPort 1.4', ' 2 x HDMI 2.0b', 'STRIX-RTX2080-O8G-GA']]"
9SIB4KCJ5Z8339,ASUS GeForce GT 1030 2GB GDDR5 HDMI DVI Graphics Card (GT1030-2G-CSM),ASUS,4.6,42.0,91.53,0,https://c1.neweggimages.com/ProductImageCompressAll300/14-126-203-V05.jpg,"[[' 1266 MHz (OC mode)\n1228 MHz (Gaming mode - Default)', ' 1920 x 1200', ' 1 x DVI-D', ' 1 x HDMI', 'GT1030-2G-CSM']]"
9SIARPHJT66617,MSI Ventus GeForce RTX 3080 10GB GDDR6X PCI Express 4.0 Video Card RTX 3080 VENTUS 3X 10G OC,MSI,4.4,123.0,718.0,$49.99 Shipping,https://c1.neweggimages.com/ProductImageCompressAll300/14-137-598-V33.jpg,"[[' 7680 x 4320', ' 3 x DisplayPort 1.4a', ' 1 x HDMI 2.1', ' 12.01"" x 4.72""', '3080Ventus3X10GOC']]"
9SIB9ZZJMZ6939,"ASUS TUF Gaming GeForce RTX 4090 Gaming Graphics Card (PCIe 4.0, 24GB GDDR6X, HDMI 2.1a, DisplayPort 1.4a) TUF-RTX4090-24G-GAMING",ASUS,4.4,18.0,1989.99,0,https://c1.neweggimages.com/ProductImageCompressAll300/14-126-596-V01.jpg,"[[' 7680 x 4320', ' 3 x DisplayPort 1.4a', ' 2 x HDMI 2.1', ' 348.2 x 72.6 mm', 'TUF-RTX4090-24G-GAMING']]"
9SIA0ZXJPM6480,PNY VERTO GeForce RTX 3060 Ti 8GB GDDR6 PCI Express 4.0 x16 ATX Video Card VCG3060T8LDFBPB1,"PNY Technologies, Inc.",5,2.0,434.91,Special Shipping,https://c1.neweggimages.com/ProductImageCompressAll300/14-133-846-10.jpg,"[[' 1410 MHz', ' 7680 x 4320', ' 3 x DisplayPort 1.4a', ' 1 x HDMI 2.1', 'VCG3060T8LDFBPB1']]"
9SIAY2WJZW1643,"EVGA GeForce RTX 3070 XC3 ULTRA GAMING Video Card, 08G-P5-3755-KL, 8GB GDDR6, iCX3 Cooling, ARGB LED, Metal Backplate, LHR",EVGA,4.6,25.0,844.99,0,https://c1.neweggimages.com/ProductImageCompressAll300/14-487-545-V10.jpg,"[[' 7680 x 4320', ' 3 x DisplayPort 1.4a', ' 1 x HDMI 2.1', ' 11.23"" x 4.38""', '08G-P5-3755-KL']]"
9SIAPNMJTK0961,"ZOTAC GAMING GeForce RTX 3060 AMP White Edition, 12GB GDDR6, 192-bit, 15 Gbps, PCI 4.0, Gaming Graphics Card, IceStorm 2.0 Advanced Cooling, ZT-A30600F-10P",ZOTAC,5,3.0,432.99,$8.60 Shipping,https://c1.neweggimages.com/ProductImageCompressAll300/AU6US22021008LEZZ98.jpg,"[[' 1320 MHz', ' 7680 x 4320', ' 3 x DisplayPort 1.4a', ' 1 x HDMI 2.1', 'ZT-A30600F-10P']]"
9SIAFVFJXZ4570,PNY Nvidia RTX 4000 SFF Ada Generation  VCNRTX4000ADALP-PB,"PNY Technologies, Inc.",,,1509.22,$20.00 Shipping,https://c1.neweggimages.com/ProductImageCompressAll300/14-133-856-02.png,"[[' 4 x Mini DisplayPort 1.4a', ' 2 Slots', ' NVIDIA', ' VCNRTX4000ADALP-PB', 'VCNRTX4000ADALP-PB']]"
14-126-558,ASUS Phoenix GeForce RTX 3050 8GB GDDR6 PCI Express 4.0 Video Card PH-RTX3050-8G,ASUS,4.6,34.0,229.99,0,https://c1.neweggimages.com/ProductImageCompressAll300/14-126-558-17.jpg,"[[' 7680 x 4320', ' 3 x DisplayPort 1.4a', ' 1 x HDMI 2.1', ' 6.97"" x 5.04""', 'PH-RTX3050-8G', 'N82E16814126558']]"
9SIAD7HJSR3546,PNY VERTO GeForce RTX 4090 24GB GDDR6X PCI Express 4.0 Video Card VCG409024TFXXPB1,"PNY Technologies, Inc.",5,2.0,1901.99,0,https://c1.neweggimages.com/ProductImageCompressAll300/14-133-841-27.jpg,"[[' 2235 MHz', ' 7680 x 4320', ' 3 x DisplayPort 1.4a', ' 1 x HDMI 2.1', 'VCG409024TFXXPB1']]"
9SIAY2WJZW1706,ZOTAC AMP Holo GeForce RTX 3080 Ti 12GB GDDR6X PCI Express 4.0 Video Card ZT-A30810F-10P,ZOTAC,4.5,35.0,1143.5,0,https://c1.neweggimages.com/ProductImageCompressAll300/14-500-515-V01.jpg,"[[' 7680 x 4320', ' 3 x DisplayPort 1.4a', ' 1 x HDMI 2.1', ' 12.50"" x 5.20""', 'ZT-A30810F-10P']]"
9SIBMWJJW81790,GIGABYTE Vision GeForce RTX 3070 Ti 8GB GDDR6X PCI Express 4.0 ATX Video Card GV-N307TVISION OC-8GD,GIGABYTE,4.7,75.0,620.47,$49.99 Shipping,https://c1.neweggimages.com/ProductImageCompressAll300/14-932-442-01.jpg,"[[' 1830 MHz', ' 7680 x 4320', ' 2 x DisplayPort 1.4a', ' 2 x HDMI 2.1', 'GV-N307TVISION OC-8G']]"
9SIAPMXFSV1208,"GIGABYTE Radeon RX 6600 XT GAMING OC PRO 8G Graphics Card, WINDFORCE 3X Cooling System, 8GB 128-bit GDDR6, GV-R66XTGAMINGOC PRO-8GD Video Card",GIGABYTE,,,534.99,0,https://c1.neweggimages.com/ProductImageCompressAll300/APMXS210903k9InS.jpg,"[['XRL-44', '9SIAPMXFSV1208']]"
9SIAY2WJZZ0931,"EVGA GeForce RTX 3080 Ti FTW3 ULTRA GAMING Video Card, 12G-P5-3967-KR, 12GB GDDR6X, iCX3 Technology, ARGB LED, Metal Backplate",EVGA,4.8,247.0,1344.99,0,https://c1.neweggimages.com/ProductImageCompressAll300/14-487-547-S01.jpg,"[[' 3 x DisplayPort 1.4a', ' 1 x HDMI 2.1', ' 11.81"" x 5.38""', ' 2.75 Slots', '12G-P5-3967-KR']]"
9SIAN0MJEN4327,SAPPHIRE Nitro+ Radeon RX 6600 XT 8GB GDDR6 PCI Express 4.0 ATX Video Card 11309-01-20G,Sapphire Tech,4.7,61.0,381.99,0,https://c1.neweggimages.com/ProductImageCompressAll300/14-202-407-01.jpg,"[[' 7680 x 4320', ' 3 x DisplayPort', ' 1 x HDMI', ' 2.2 Slot', '11309-01-20G']]"
9SIAPMXGEF8521,ASUS TUF Gaming GeForce RTX 3090 24GB GDDR6X PCI Express 4.0 SLI Support Video Card TUF-RTX3090-O24G-GAMING,ASUS,4.6,103.0,1349.0,0,https://c1.neweggimages.com/ProductImageCompressAll300/14-126-454-02.jpg,"[[' 1770 MHz', ' 7680 x 4320', ' 3 x DisplayPort 1.4a', ' 2 x HDMI 2.1', 'TUF-RTX3090-O24G-GAM']]"
9SIA4REJWG1707,"SAPPHIRE NITRO+ Radeon RX 6800 XT 16GB GDDR6 PCI Express 4.0 ATX Gaming Graphics Card, AMD RDNA 2 11304-02-20G",Sapphire Tech,4.3,23.0,759.99,0,https://c1.neweggimages.com/ProductImageCompressAll300/14-202-391-01.jpg,"[[' 7680 x 4320', ' 3 x DisplayPort 1.4', ' 1 x HDMI 2.1', ' 12.20"" x 5.29""', '11304-02-20G']]"
9SIBMWJJWB4877,ASUS TUF Gaming GeForce RTX 3060 Ti V2 OC Edition 8GB GDDR6 PCI Express 4.0 Video Card TUF-RTX3060TI-O8G-V2-GAMING (LHR),ASUS,4.8,77.0,484.0,$49.99 Shipping,https://c1.neweggimages.com/ProductImageCompressAll300/14-126-520-01.jpg,"[[' 7680 x 4320', ' 3 x DisplayPort 1.4a', ' 2 x HDMI 2.1', ' 11.85"" x 5.63""', 'TUF-3060TI-O8G-V2-GA']]"
9SIBGFDJSV0278,MSI Gaming Radeon RX 6700 XT 12GB GDDR6 PCI Express 4.0 Video Card RX 6700 XT GAMING X 12G,MSI,4.6,33.0,533.99,$46.00 Shipping,https://c1.neweggimages.com/ProductImageCompressAll300/14-137-642-V01.jpg,"[[' 7680 x 4320', ' 3 x DisplayPort 1.4', ' 1 x HDMI 2.1', ' 10.98"" x 5.16""', 'RX6700XT GAMING X12G']]"
9SIAYE8JRZ7036,MSI GeForce RTX 3050 8GB GDDR6 PCI Express 4.0 Video Card RTX 3050 AERO ITX 8G OC,MSI,4.8,5.0,298.75,0,https://c1.neweggimages.com/ProductImageCompressAll300/14-137-729-01.png,"[[' 7680 x 4320', ' 3 x DisplayPort 1.4', ' 1 x HDMI 2.1', ' 6.77"" x 4.92""', 'RTX 3050 AERO ITX 8G OC']]"
9SIB1PGJRH4988,"ASUS KO NVIDIA GeForce RTX 3070 V2 8GB GDDR6 Gaming Graphics Card (PCIe 4.0, 8GB GDDR6 Memory, LHR, HDMI 2.1, DisplayPort 1.4a, Axial-tech Fan Design, 0dB Technology, Enduring Capacitors)",ASUS,4.8,28.0,895.0,0,https://c1.neweggimages.com/ProductImageCompressAll300/14-126-530-V16.jpg,"[[' 7680 x 4320', ' 3 x DisplayPort 1.4a', ' 2 x HDMI 2.1', ' 10.82"" x 5.16""', 'KO-RTX3070-O8G-V2-GA']]"
9SIB1PGJSF1836,NVIDIA GeForce RTX 3080 Ti Founders Edition 12GB GDDR6 3080 TI FE Video Graphic Card GPU,NVIDIA,,,1530.0,0,https://c1.neweggimages.com/ProductImageCompressAll300/ADFRD2203300ZL4QTAC.jpg,"[[' 1 x DisplayPort', ' 1 x HDMI', ' NVIDIA', ' NVIDIA GeForce GTX 30 Series', '3080 TI FE-R', '9SIB1PGJSF1836']]"
9SIAVH0H884517,Sapphire Nitro+ AMD Radeon RX 6700 XT Gaming OC 12GB GDDR6 HDMI / Triple DP (11306-01-20G),Sapphire Tech,4.6,73.0,709.0,0,https://c1.neweggimages.com/ProductImageCompressAll300/14-202-399-01.jpg,"[[' 7680 x 4320', ' 3 x DisplayPort', ' 1 x HDMI', ' 12.21"" x 5.15""', '11306-01-20G']]"
9SIB1PGJUN9280,XFX Core Edition Radeon HD 7870 GHz Edition 2GB GDDR5 PCI Express 3.0 x16 CrossFireX Support Video Card FX-787A-CNFC,XFX,4,70.0,345.0,0,https://c1.neweggimages.com/ProductImageCompressAll300/14-150-604-05.jpg,"[[' 1000 MHz', ' 2 x Mini DisplayPort', ' 2 x DVI (1 Single Link, 1 Dual Link)', ' 1 x HDMI', 'FX-787A-CNFC', '9SIB1PGJUN9280']]"
9SIARPHJRH3366,GIGABYTE Eagle OC GeForce RTX 3070 8GB GDDR6 PCI Express 4.0 ATX Video Card GV-N3070EAGLE OC-8GD (rev. 2.0) (LHR),GIGABYTE,4.7,19.0,509.0,$49.99 Shipping,https://c1.neweggimages.com/ProductImageCompressAll300/14-932-451-01.jpg,"[[' 1770 MHz', ' 7680 x 4320', ' 2 x DisplayPort 1.4a', ' 2 x HDMI 2.1', 'GV-N3070EAGLE OC-8GD']]"
14-126-557,ASUS Dual GeForce RTX 3050 8GB GDDR6 PCI Express 4.0 Video Card DUAL-RTX3050-O8G,ASUS,4.7,66.0,239.99,0,https://c1.neweggimages.com/ProductImageCompressAll300/14-126-557-20.jpg,"[[' 7680 x 4320', ' 3 x DisplayPort 1.4a', ' 1 x HDMI 2.1', ' 7.87"" x 4.84""', 'DUAL-RTX3050-O8G', 'N82E16814126557']]"
9SIAH41JY19177,"ASUS Dual GeForce RTX 3060 OC Edition 8GB GDDR6 (PCIe 4.0, 8GB GDDR6, HDMI 2.1, DisplayPort 1.4a) DUAL-RTX3060-O8G",ASUS,5,2.0,305.99,0,https://c1.neweggimages.com/ProductImageCompressAll300/14-126-602-19.jpg,"[[' 7680 x 4320', ' 3 x DisplayPort 1.4a', ' 1 x HDMI 2.1', ' 2 Slots', 'DUAL-RTX3060-O8G']]"
9SIB86XJ815418,51RISC RX5500XT 8G D6 Gaming Graphics Card with 8G/128bit/GDDR6 Memory 16GHz Memory Frequency DirectX12 3D Feature GPU Ship From USA,51Risc,5,3.0,119.0,0,https://c1.neweggimages.com/ProductImageCompressAll300/B86XS2305080BRG42BB.jpg,"[[' 1717 MHz', ' 4096 x 2160 (DisplayPort)', ' 2 x DisplayPort', ' 1 x HDMI', 'HTMRX5500XT8GB', '9SIB86XJ815418']]"
9SIB1PGFBZ1220,GIGABYTE GeForce GTX 1080 G1 Gaming GV-N1080G1 GAMING-8GD Video Card,GIGABYTE,4.3,131.0,598.0,0,https://c1.neweggimages.com/ProductImageCompressAll300/14-125-869-S99.jpg,"[[' 1721 MHz in OC Mode\n1695 MHz in Gaming Mode', ' 7680 x 4320 (requires 2 x DP1.3 connectors)', ' 3 x DisplayPort 1.4', ' 1 x Dual-link DVI-D', 'GV-N1080G1 GAMING-8G']]"
9SIB601J5N3177,Geforce GT610 1G 64-Bit DDR3 PCI Express 2.0 x16 DirectX 12 Gaming Video Card Gaming GPU ITX compatible,Mannajue,,,29.99,0,https://c1.neweggimages.com/ProductImageCompressAll300/B601S2211250NB51K4D.jpg,"[['MAN-DK', '9SIB601J5N3177']]"
9SIB86XJMF6466,51RISC GeForce RTX 2060 6GB GDDR6 PCIE16 Graphics Cards RTX2060 6G for Computer office Components video Cards gaming,51Risc,5,3.0,209.0,0,https://c1.neweggimages.com/ProductImageCompressAll300/B86XS2306210K1WN552.jpg,"[[' 1365 MHz', ' 4096 x 2160', ' 1 x DisplayPort', ' 1 x DVI', 'PLRTX20606GB', '9SIB86XJMF6466']]"
9SIA0ZXJT84725,PNY GeForce RTX 3060 8GB VERTO Dual Fan VCG30608DFBPB1,"PNY Technologies, Inc.",,,306.42,Special Shipping,https://c1.neweggimages.com/ProductImageCompressAll300/14-133-853-01.jpg,"[[' 1320 MHz', ' 7680 x 4320 @60Hz (Digital)', ' 3 x DisplayPort 1.4a', ' 1 x HDMI 2.1', 'VCG30608DFBPB1']]"
9SIB1PGFBZ3148,"GIGABYTE GeForce GTX 1070 8GB WINDFORCE OC, GV-N1070WF2OC-8GD R2",GIGABYTE,4.3,97.0,579.0,0,https://c1.neweggimages.com/ProductImageCompressAll300/14-125-875-V01.jpg,"[[' 1582 MHz in OC Mode\n1556 MHz in Gaming Mode', ' 7680 x 4320', ' 3 x DisplayPort 1.4', ' 1 x Dual-link DVI-D', 'GV-N1070WF2OC-8GD R2']]"
9SIARPHJX97907,GIGABYTE GeForce GTX 1060 6GB GDDR5 PCI Express 3.0 x16 ATX Video Card GV-N1060G1 GAMING-6GD REV 2.0,GIGABYTE,4.5,71.0,281.06,$49.99 Shipping,https://c1.neweggimages.com/ProductImageCompressAll300/14-125-881-S99.jpg,"[[' OC Mode: 1620 MHz\nGaming Mode: 1594 MHz', ' 7680 x 4320', ' 3 x DisplayPort 1.4', ' 1 x Dual-link DVI-D', 'GV-N1060G1GAM-6GD R2']]"
9SIASGMJUC6356,ASUS GeForce GT 730 2GB DDR3 PCI Express 2.0 x8 Video Card GT730-SL-2GD3-BRK-EVO,ASUS,5,2.0,62.99,0,https://c1.neweggimages.com/ProductImageCompressAll300/14-126-592-07.jpg,"[[' 3840 x 2160', ' 1 x DVI', ' 1 x HDMI', ' 6.70"" x 2.70""', 'GT730-SL-2GD3-BRK-EVO']]"
9SIBMWJJWB4830,ASUS Dual GeForce RTX 3060 Ti 8GB GDDR6 PCI Express 4.0 Video Card DUAL-RTX3060TI-8G,ASUS,4.7,6.0,460.99,$49.99 Shipping,https://c1.neweggimages.com/ProductImageCompressAll300/14-126-480-V11.jpg,"[[' 7680 x 4320', ' 3 x DisplayPort 1.4a', ' 2 x HDMI 2.1', ' 10.56"" x 5.35""', 'DUAL-RTX3060TI-8G']]"
9SIAY2WK0A4999,MSI Suprim GeForce RTX 3070 8GB GDDR6 PCI Express 4.0 Video Card RTX 3070 Suprim X 8G LHR,MSI,4.4,14.0,592.46,$49.99 Shipping,https://c1.neweggimages.com/ProductImageCompressAll300/14-137-668-V03.jpg,"[[' 7680 x 4320', ' 3 x DisplayPort 1.4a', ' 1 x HDMI 2.1', ' 13.19"" x 5.51""', 'RTX3070SuprimX8GLHR']]"
9SIB1PGJUN9273,MSI Radeon HD 7870 GHz Edition 2GB GDDR5 PCI Express 3.0 x16 CrossFireX Support Video Card R7870-2GD5T/OC,MSI,4.1,122.0,345.0,0,https://c1.neweggimages.com/ProductImageCompressAll300/14-127-722-08.jpg,"[[' 1050 MHz', ' 2560 x 1600', ' 2 x Mini DisplayPort', ' 1 x DVI', 'R7870-2GD5T/OC']]"
9SIBMWJJX98098,MSI GeForce GTX 1070 Ti 8GB GDDR5 PCI Express 3.0 x16 SLI Support ATX Video Card GTX 1070 Ti GAMING 8G,MSI,4.4,55.0,442.91,$49.99 Shipping,https://c1.neweggimages.com/ProductImageCompressAll300/14-137-254-V01.jpg,"[[' 1607 MHz', ' 3 x DisplayPort 1.4', ' 1 x DL-DVI-D', ' 1 x HDMI 2.0b', 'GTX 1070 Ti GAMING']]"
9SIAH8WJHR2867,MSI GeForce RTX 3050 8GB GDDR6 PCI Express 4.0 x8 ATX Video Card GeForce RTX 3050 VENTUS 2X 8G OC,MSI,,,299.6,0,https://c1.neweggimages.com/ProductImageCompressAll300/A4YUD2205210A38TL16.jpg,"[[' 7680 x 4320', ' 3 x DisplayPort 1.4a', ' 1 x HDMI 2.1', ' DirectX 12', 'GeForce RTX 3050 VEN']]"
9SIBKMGK0D9095,GIGABYTE Gaming GeForce RTX 3090 Ti 24GB GDDR6X PCI Express 4.0 ATX Video Card GV-N309TGAMING-24GD,GIGABYTE,4.4,14.0,1908.0,0,https://c1.neweggimages.com/ProductImageCompressAll300/14-932-512-01.jpg,"[[' 1860 MHz', ' 7680 x 4320', ' 3 x DisplayPort 1.4a', ' 1 x HDMI 2.1', 'GV-N309TGAMING-24GD']]"
9SIB1PGJUJ3719,MSI Radeon RX 480 4GB GDDR5 PCI Express 3.0 x16 CrossFireX Support ATX Video Card Radeon RX 480 4G,MSI,4.1,28.0,599.0,0,https://c1.neweggimages.com/ProductImageCompressAll300/14-137-082-S99.jpg,"[[' 3 x DisplayPort 1.4', ' 1 x HDMI 2.0b', ' 9.53"" x 4.41""', ' 2 Slots', 'Radeon RX 480 4G', '9SIB1PGJUJ3719']]"
9SIARPHJRH3388,MSI Suprim GeForce RTX 3070 8GB GDDR6 PCI Express 4.0 ATX Video Card RTX 3070 SUPRIM 8G LHR,MSI,5,10.0,591.93,$49.99 Shipping,https://c1.neweggimages.com/ProductImageCompressAll300/14-137-688-S02.jpg,"[[' 7680 x 4320', ' 3 x DisplayPort 1.4a', ' 1 x HDMI 2.1', ' 13.19"" x 5.51""', 'RTX 3070 SUPRIM8GLHR']]"
9SIBMWJJXN0682,GIGABYTE Radeon RX 5500 XT 4GB GDDR6 PCI Express 4.0 x16 ATX Video Card GV-R55XTOC-4GD,GIGABYTE,2.4,14.0,332.9,$49.99 Shipping,https://c1.neweggimages.com/ProductImageCompressAll300/14-932-239-V01.jpg,"[[' 1647 MHz', ' 7680 x 4320 @ 60 Hz', ' 3 x DisplayPort 1.4', ' 1 x HDMI 2.0b', 'GV-R55XTOC-4GD']]"
9SIBMWJJWP6840,MSI Ventus GeForce GTX 1660 SUPER 6GB GDDR6 PCI Express 3.0 x16 Video Card GTX 1660 SUPER VENTUS XS,MSI,5,1.0,212.8,$49.99 Shipping,https://c1.neweggimages.com/ProductImageCompressAll300/14-137-725-S01.jpg,"[[' 7680 x 4320', ' 3 x DisplayPort 1.4a', ' 1 x HDMI 2.0b', ' 8.03"" x 5.04""', 'GTX 1660 SUPER VENTUS XS']]"
9SIB1PGFBY3904,MSI GeForce RTX 2080 Ti 11GB GDDR6 PCI Express 3.0 x16 SLI Support Video Card RTX 2080 Ti VENTUS GP OC,MSI,4.5,22.0,1079.0,0,https://c1.neweggimages.com/ProductImageCompressAll300/14-137-557-V01.jpg,"[[' 7680 x 4320', ' 3 x DisplayPort 1.4', ' 1 x HDMI 2.0b', ' 10.55"" x 4.41""', 'RTX2080TiVENTUS GPOC']]"
9SIB1PGFBZ2211,MSI GeForce GTX 1080 Ti 11GB GDDR5X PCI Express 3.0 x16 SLI Support ATX Video Card GTX 1080 Ti GAMING X TRIO,MSI,4.7,40.0,749.0,0,https://c1.neweggimages.com/ProductImageCompressAll300/14-137-250-V51.jpg,"[[' 1569 MHz (OC Mode)\n1544 MHz (Gaming Mode) \n1480 MHz (Silent Mode)', ' 2 x DisplayPort 1.4', ' 1 x DL-DVI-D', ' 2 x HDMI 2.0', 'GTX 1080 Ti GAMX TRI']]"
9SIAY2WJZW0672,"EVGA GeForce RTX 3080 Ti XC3 ULTRA GAMING Video Card, 12G-P5-3955-KR, 12GB GDDR6X, iCX3 Cooling, ARGB LED, Metal Backplate",EVGA,4.7,50.0,1149.98,0,https://c1.neweggimages.com/ProductImageCompressAll300/14-487-548-01.jpg,"[[' 3 x DisplayPort 1.4a', ' 1 x HDMI 2.1', ' 11.23"" x 4.38""', ' 2.2 Slots', '12G-P5-3955-KR']]"
9SIB1PGJUJ3715,MSI Gaming N760 TF 2GD5/OC G-SYNC Support GeForce GTX 760 2GB 256-Bit GDDR5 PCI Express 3.0 SLI Support Video Card,MSI,4.5,287.0,328.0,0,https://c1.neweggimages.com/ProductImageCompressAll300/14-127-745-01.jpg,"[[' 1085 MHz', ' 4096 x 2160', ' 1 x DisplayPort', ' 1 x DVI-I\n1 x DVI-D', 'N760 TF 2GD5/OC']]"
9SIB1PGJUW3560,MSI Radeon RX Vega 64 8GB HBM2 PCI Express x16 CrossFireX Support Video Card Radeon RX Vega 64 Air Boost 8G OC,MSI,3.6,19.0,659.0,0,https://c1.neweggimages.com/ProductImageCompressAll300/14-137-326-V01.jpg,"[[' 1272 MHz', ' 3 x DisplayPort', ' 1 x HDMI', ' 10.63"" x 4.33""', 'Vega64Air Boost 8GOC', '9SIB1PGJUW3560']]"
9SIBBN9JRX2804,ZOTAC GeForce RTX 4090 24GB AMP EXTREME AIRO Video Card PCI Express 4.0 RTX 4090 GDDR6X Graphics Card,ZOTAC,,,2198.19,0,https://c1.neweggimages.com/ProductImageCompressAll300/BGVAS2211230P98OM06.jpg,"[[' 7680 x 4320', ' 3 x DisplayPort 1.4a', ' 1 x HDMI 2.1', ' 16.6x7.2', '6974601290815']]"
9SIB1PGFBY1691,MSI Radeon R9 290 GAMING 4GB 512-bit GDDR5 PCI Express 3.0 x16 HDCP Ready CrossFireX Support Video Card,MSI,3.9,93.0,299.0,0,https://c1.neweggimages.com/ProductImageCompressAll300/14-127-774-12.jpg,"[[' 1007MHz (OC mode)\r\n977MHz (Gaming mode)\r\n947MHz (Silent mode)', ' 2560 x 1600', ' 1 x DisplayPort', ' 2 x DVI-D', 'R9 290 GAMING 4G']]"
9SIB1PGJUJ3743,MSI Radeon RX 580 8GB GDDR5 PCI Express x16 CrossFireX Support Video Card RX 580 GAMING X+ 8G,MSI,4.4,9.0,580.0,0,https://c1.neweggimages.com/ProductImageCompressAll300/14-137-116-V05.jpg,"[[' 2 x DisplayPort', ' 1 x DL-DVI-D', ' 2 x HDMI', ' 10.98"" x 5.51""', 'RX 580 GAMING X+ 8G']]"
9SIB4KCJ552173,SAPPHIRE Radeon RX 550 DirectX 12 100414P4GL 4GB 128-Bit GDDR5 Video Card,Sapphire Tech,4.3,67.0,128.24,0,https://c1.neweggimages.com/ProductImageCompressAll300/14-202-287-V06.jpg,"[[' 3840 x 2160', ' 1 x DisplayPort 1.4', ' 1 x DL-DVI-D', ' 1 x HDMI 2.0b', '100414P4GL']]"
9SIB1PGFBZ5534,MSI R9 270 GAMING 2GB 256-Bit GDDR5 HDCP Ready CrossFireX Support Video Card,MSI,4.1,127.0,269.0,0,https://c1.neweggimages.com/ProductImageCompressAll300/14-127-769-11.jpg,"[[' 900 MHz', ' 1 x DisplayPort', ' 1 x DVI-I\r\n1 x DVI-D', ' 1 x HDMI', 'R9 270 GAMING 2G']]"
9SIB1PGJWZ4029,MSI Gaming Radeon RX 6800 XT 16GB GDDR6 PCI Express 4.0 Video Card RX 6800 XT GAMING TRIO 16G,MSI,4,1.0,1059.0,0,https://c1.neweggimages.com/ProductImageCompressAll300/14-137-702-S01.jpg,"[[' 7680 x 4320', ' 3 x DisplayPort 1.4', ' 1 x HDMI 2.1', ' 12.76"" x 5.55""', 'RX 6800 XT GAMING TRIO 16G']]"
9SIB1PGJSF1880,Nvidia 3080 Founders Edition 10GB GDDR6X,NVIDIA,5,1.0,1165.0,0,https://c1.neweggimages.com/ProductImageCompressAll300/ARUXS220218077IPI33.jpg,[['Nvidia 3080 Founders Edition']]
9SIB1PGFBX8669,MSI GeForce RTX 2070 8GB GDDR6 PCI Express 3.0 x16 Video Card RTX 2070 TRI FROZR,MSI,4.2,99.0,675.0,0,https://c1.neweggimages.com/ProductImageCompressAll300/14-137-490-01.jpg,"[[' 7680 x 4320', ' 3 x DisplayPort 1.4', ' 1 x HDMI 2.0b', ' 11.97"" x 5.51""', 'RTX 2070 TRI FROZR']]"
9SIB1PGFBY3318,MSI GeForce GTX 1060 3GB GDDR5 PCI Express 3.0 x16 ATX Video Card GTX 1060 GAMING 3G,MSI,4.3,12.0,430.0,0,https://c1.neweggimages.com/ProductImageCompressAll300/14-137-034-S99.jpg,"[[' 1531 MHz (OC)\n1518 MHz (Gaming)\n1506 MHz (Silent)', ' 3 x DisplayPort', ' 1 x DL-DVI-D', ' 1 x HDMI', 'GTX 1060 GAMING 3G']]"
9SIB1PGFBY8197,ASUS GTX660-DC2O-2GD5 G-SYNC Support GeForce GTX 660 2GB 192-Bit GDDR5 PCI Express 3.0 x16 HDCP Ready SLI Support Video Card,ASUS,4.2,251.0,260.0,0,https://c1.neweggimages.com/ProductImageCompressAll300/14-121-660-14.jpg,"[[' 1020MHz', ' 2560 x 1600', ' 1 x DisplayPort', ' 2 x DVI', 'GTX660-DC2O-2GD5']]"
9SIBGFDJEA7639,MSI GeForce RTX 2060 SUPER 8GB GDDR6 PCI Express 3.0 x16 Video Card RTX 2060 SUPER VENTUS OC,MSI,3.9,12.0,398.88,$46.00 Shipping,https://c1.neweggimages.com/ProductImageCompressAll300/14-137-437-V08.jpg,"[[' 7680 x 4320', ' 3 x DisplayPort 1.4', ' 1 x HDMI 2.0b', ' 9.09"" x 5.04""', 'RTX2060SuperVentusOC']]"
9SIB1PGJX67794,MSI GeForce GTX 1660 6GB GDDR5 PCI Express 3.0 x16 Video Card GTX 1660 GAMING X 6G,MSI,4.7,42.0,439.0,0,https://c1.neweggimages.com/ProductImageCompressAll300/14-137-401-Z01.jpg,"[[' 7680 x 4320', ' 3 x DisplayPort 1.4', ' 1 x HDMI 2.0b', ' 9.72"" x 5.00""', 'GTX 1660 GAMING X 6G', '9SIB1PGJX67794']]"
9SIAPMXJKN2892,MSI Gaming Radeon RX 6800 XT 16GB GDDR6 PCI Express 4.0 CrossFireX Support Video Card RX 6800 XT GAMING X TRIO 16G,MSI,4.3,59.0,834.9,0,https://c1.neweggimages.com/ProductImageCompressAll300/14-137-621-01.jpg,"[[' 1850 MHz', ' 7680 x 4320', ' 3 x DisplayPort 1.4a', ' 1 x HDMI 2.1', 'RX6800XTGAMINGXTRIO']]"
9SIAY2WJZZ6946,"GIGABYTE GeForce RTX 3090 VISION OC 24GB Video Card, GV-N3090VISION OC-24GD",GIGABYTE,3.4,67.0,1407.99,$49.99 Shipping,https://c1.neweggimages.com/ProductImageCompressAll300/14-932-365-01.jpg,"[[' 1755 MHz', ' 7680 x 4320 @ 60 Hz', ' 3 x DisplayPort 1.4a', ' 2 x HDMI 2.1', 'GV-N3090VISIONOC24GD']]"
9SIB1PGJUN9648,MSI Radeon HD 7850 2GB GDDR5 PCI Express 3.0 x16 CrossFireX Support Video Card R7850 Twin Frozr 2GD5,MSI,4.1,9.0,320.0,0,https://c1.neweggimages.com/ProductImageCompressAll300/14-127-706-07.jpg,"[[' 860MHz', ' 2 x Mini DisplayPort', ' 1 x DVI-I', ' 1 x HDMI', 'R7850 TwinFrozr 2GD5', '9SIB1PGJUN9648']]"
9SIB1PGJWZ2683,MSI GM204-200 (Maxwell) 4GB GDDR5 PCI Express 3.0 x16 SLI Support ATX Video Card GTX 970 GAMING 4G Golden Edition,MSI,4.6,79.0,595.0,0,https://c1.neweggimages.com/ProductImageCompressAll300/14-127-837-08.jpg,"[[' 1165 MHz', ' 1 x DisplayPort', ' 1 x DL-DVI-I\n1 x DL-DVI-D', ' 1 x HDMI', 'GTX 970 GAMING 4G GE']]"
9SIB1PGJX67822,MSI GeForce GTX 1660 6GB GDDR5 PCI Express 3.0 x16 Video Card GTX 1660 ARMOR 6G OC,MSI,4.4,8.0,439.0,0,https://c1.neweggimages.com/ProductImageCompressAll300/14-137-402-Z01.jpg,"[[' 7680 x 4320', ' 3 x DisplayPort 1.4', ' 1 x HDMI 2.0b', ' 9.57"" x 5.08""', 'GTX 1660 ARMOR 6G OC', '9SIB1PGJX67822']]"
9SIBMWJJW81741,"GIGABYTE GeForce RTX 3070 EAGLE OC 8GB Video Card, GV-N3070EAGLE OC-8GD",GIGABYTE,4.9,16.0,519.04,$49.99 Shipping,https://c1.neweggimages.com/ProductImageCompressAll300/14-932-343-01.jpg,"[[' 1770 MHz', ' 7680 x 4320 @60Hz', ' 2 x DisplayPort 1.4a', ' 2 x HDMI 2.1', 'GV-N3070EAGLE OC-8GD']]"
9SIAMJDJVH3611,"GIGABYTE Radeon RX 6800 XT GAMING OC 16G Graphics Card, WINDFORCE 3X Cooling System, 16GB 256-bit GDDR6, GV-R68XTGAMING OC-16GD Video Card, Powered by AMD RDNA 2, HDMI 2.1",GIGABYTE,4.3,65.0,,$64.33 Shipping,https://c1.neweggimages.com/ProductImageCompressAll300/14-932-381-12.jpg,"[[' 7680 x 4320', ' 2 x DisplayPort 1.4a', ' 2 x HDMI 2.1', ' 11.26"" x 4.65""', 'GV-R68XTGAMING OC-16']]"
9SIB1PGJUN9399,GIGABYTE Radeon HD 7850 2GB GDDR5 PCI Express 3.0 x16 CrossFireX Support Video Card GV-R785OC-2GD,GIGABYTE,3.4,132.0,320.0,0,https://c1.neweggimages.com/ProductImageCompressAll300/14-125-419-04.jpg,"[[' 975MHz (Std 860)', ' 2 x Mini DisplayPort', ' 1 x DVI', ' 1 x HDMI', 'GV-R785OC-2GD', '9SIB1PGJUN9399']]"
9SIB1PGJUP8768,MSI R9 280 GAMING 3G 384-Bit GDDR5 PCI Express 3.0 x16 HDCP Ready CrossFireX Support Video Card,MSI,4.1,125.0,279.0,0,https://c1.neweggimages.com/ProductImageCompressAll300/14-127-789-03.jpg,"[[' 933 MHz', ' 2 x Mini DisplayPort', ' 1 x DVI-I', ' 1 x HDMI', 'R9 280 GAMING 3G', '9SIB1PGJUP8768']]"
9SIB1PGJUJ3699,MSI GeForce GTX 960 4GB GDDR5 PCI Express 3.0 SLI Support ATX Video Card GTX 960 4GD5T OC,MSI,,,428.0,0,https://c1.neweggimages.com/ProductImageCompressAll300/14-127-903-02.jpg,"[[' 1178 MHz', ' 3 x DisplayPort', ' 1 x DL-DVI-I', ' 1 x HDMI', 'GTX 960 4GD5T OC dup', '9SIB1PGJUJ3699']]"
9SIBMWJJW81759,ASUS TUF Gaming GeForce RTX 3070 8GB GDDR6 PCI Express 4.0 Video Card TUF-RTX3070-O8G-GAMING,ASUS,4.8,149.0,547.0,$49.99 Shipping,https://c1.neweggimages.com/ProductImageCompressAll300/14-126-461-01.jpg,"[[' 1845 MHz', ' 7680 x 4320', ' 3 x DisplayPort 1.4a', ' 2 x HDMI 2.1', 'TUF-RTX3070-O8G-GAMI']]"
9SIB1PGJX67726,"GIGABYTE GeForce GTX 1660 Ti WINDFORCE OC 6G Graphics Card, 2 x WINDFORCE Fans, 6GB 192-Bit GDDR6, GV-N166TWF2OC-6GD Video Card",GIGABYTE,4.4,14.0,499.0,0,https://c1.neweggimages.com/ProductImageCompressAll300/14-932-130-V13.jpg,"[[' 1845 MHz', ' 7680 x 4320 @ 60 Hz', ' 3 x DisplayPort 1.4', ' 1 x HDMI 2.0b', 'GV-N166TWF2OC-6GD', '9SIB1PGJX67726']]"
9SIAUNCK0W0792,"GIGABYTE GeForce RTX 3050 GAMING OC 8G Graphics Card, 3x WINDFORCE Fans, 8GB GDDR6 128-bit GDDR6, GV-N3050GAMING OC-8GD Video Card",GIGABYTE,4.8,101.0,286.8,$49.99 Shipping,https://c1.neweggimages.com/ProductImageCompressAll300/14-932-496-S01.jpg,"[[' 1822 MHz', ' 7680 x 4320', ' 2 x DisplayPort 1.4a', ' 2 x HDMI 2.1', 'GV-N3050GAMING OC-8GD']]"
9SIAPNMJTK0856,MSI Gaming GeForce RTX 3070 8GB GDDR6 PCI Express 4.0 Video Card 3070 GAMING Z TRIO 8G LHR,MSI,4.8,75.0,550.0,$8.68 Shipping,https://c1.neweggimages.com/ProductImageCompressAll300/14-137-670-V05.jpg,"[[' 7680 x 4320', ' 3 x DisplayPort 1.4', ' 1 x HDMI 2.1', ' 12.72"" x 5.51""', 'RTX 3070 GAMING Z TRIO LHR']]"
9SIBG5RJVJ9231,NVIDIA GeForce RTX 4090 Founders Edition Graphics Card 24GB GDDR6X - Titanium and Black,NVIDIA,5,1.0,2188.0,0,https://c1.neweggimages.com/ProductImageCompressAll300/B1AHS221107073TMR4E.jpg,[['nvidia 4090 FE']]
9SIAVH0JSZ5197,MSI Suprim GeForce RTX 4090 24GB GDDR6X PCI Express 4.0 ATX Video Card RTX 4090 SUPRIM 24G,MSI,5,5.0,2261.0,0,https://c1.neweggimages.com/ProductImageCompressAll300/14-137-783-08.png,"[[' 7680 x 4320', ' 3 x DisplayPort 1.4a', ' 1 x HDMI 2.1a', ' DirectX 12 Ultimate', 'RTX 4090 SUPRIM 24G']]"
9SIAD2CJFB5354,"XFX SPEEDSTER QICK319 RADEON RX 6750XT CORE Gaming Graphics Card with 12GB GDDR6 HDMI 3xDP, AMD RDNA 2 - RX-675XYJFDP",XFX,4.5,4.0,379.99,0,https://c1.neweggimages.com/ProductImageCompressAll300/AD2CS23041787SVo.jpg,"[[' 2150 MHz', ' 3 x DisplayPort 1.4', ' 1 x HDMI 2.1', ' 12.72 x 5.20 Inches', 'RX-675XYJFDP']]"
9SIAZUEJAJ6310,Yeston GeForce GTX 1050 Ti 4GB GDDR5 Graphics cards Nvidia pci express x16 3.0 video cards Desktop computer PC video gaming graphics card,yeston,,,229.0,0,https://c1.neweggimages.com/ProductImageCompressAll300/AZUES221101oznXB.jpg,"[[' 1291 MHz', ' DirectX 12', ' NVIDIA', ' NVIDIA GeForce GTX 10 Series', 'GTX1050TI-4G D5 GF', '9SIAZUEJAJ6310']]"
9SIB1PGJUG8947,MSI GTX 780Ti GAMING 3G G-SYNC Support GeForce GTX 780 Ti Graphic Card - 1020 MHz Core - 3 GB GDDR5 SDRAM - PCI Express 3.0 x16,MSI,,,420.0,0,https://c1.neweggimages.com/ProductImageCompressAll300/A98Y_1_201610011456573154.jpg,"[[' 1020 MHz', ' 2560 x 1600', ' 1 x DisplayPort', ' 2 x DVI', 'GTX 780 TI GAMING 3G', '9SIB1PGJUG8947']]"
9SIB1PGJWZ1764,"GIGABYTE GeForce GTX 1650 GAMING OC 4G Graphics Card, 2 x WINDFORCE Fans, 4GB 128-Bit GDDR5, GV-N1650GAMING OC-4GD Video Card",GIGABYTE,,,379.0,0,https://c1.neweggimages.com/ProductImageCompressAll300/14-932-148-S09.jpg,"[[' 1815 MHz', ' 7680 x 4320 @ 60 Hz', ' 1 x DisplayPort 1.4', ' 3 x HDMI 2.0b', 'GV-N1650GAMING OC-4G', '9SIB1PGJWZ1764']]"
9SIB1PGFBZ3135,GIGABYTE Radeon R9 390 8GB GDDR5 PCI Express 3.0 ATX Video Card GV-R939G1 GAMING-8GD,GIGABYTE,3.2,80.0,399.0,0,https://c1.neweggimages.com/ProductImageCompressAll300/14-125-792-08.jpg,"[[' 1025 MHz (standard: 1000 MHz)', ' Digital: 4096 x 2160\r\nAnalog: 2048 x 1536', ' 3 x DisplayPort', ' 1 x Dual-link DVI-D', 'GV-R939G1 GAMING-8GD', '9SIB1PGFBZ3135']]"
9SIBMWJJWP5654,GIGABYTE GeForce RTX 2060 6GB GDDR6 PCI Express 3.0 x16 ATX Video Card GV-N2060GAMINGOC PRO-6GD Ver 2.0,GIGABYTE,5,15.0,305.24,$49.99 Shipping,https://c1.neweggimages.com/ProductImageCompressAll300/14-932-225-V02.jpg,"[[' 1830 MHz', ' 7680x4320@60Hz', ' 3 x DisplayPort 1.4', ' 1 x HDMI 2.0b', 'GVN2060GAMOCPROV2']]"
9SIBMWJJXU6695,GIGABYTE Radeon RX 5700 XT 8GB GDDR6 PCI Express 4.0 x16 ATX Video Card GV-R57XTGAMING OC-8GD (rev. 2.0),GIGABYTE,4.2,63.0,457.46,$49.99 Shipping,https://c1.neweggimages.com/ProductImageCompressAll300/14-932-322-V01.jpg,"[[' 1650 MHz', ' 7680 x 4320 @ 60 Hz', ' 3 x DisplayPort 1.4', ' 1 x HDMI 2.0b', 'GVR57XTGAMINGOC8GDV2']]"
9SIB1PGFBY0718,XFX Radeon RX 580 4GB DDR5 PCI Express 3.0 CrossFireX Support GTS XXX Edition Video Card w/ Backplate RX-580P427D6,XFX,3.2,27.0,485.0,0,https://c1.neweggimages.com/ProductImageCompressAll300/14-150-797-V01.jpg,"[[' AMD Reference: 1257 MHz\nXFX True Clock: 1366 MHz\nOC+ Capable Clock: 1386 MHz', ' 4096 x 2160', ' 3 x DisplayPort 1.4', ' 1 x DL-DVI-D', 'RX-580P427D6']]"
9SIBBN9JEC3851,"ZOTAC Gaming GeForce RTX 3060 Ti Twin Edge OC LHR 8GB GDDR6 256-bit 14 Gbps PCIE 4.0 Gaming Graphics Card, IceStorm 2.0 Advanced Cooling, Active Fan Control, Freeze Fan Stop",ZOTAC,5,1.0,449.97,0,https://c1.neweggimages.com/ProductImageCompressAll300/B7VES2203180FK4NU76.jpg,"[[' 1320 MHz', ' 3 x DisplayPort 1.4a', ' 1 x HDMI 2.1', ' DirectX 12 Ultimate', 'BE-ZT-A30610H-10MLHR']]"
9SIB601J9R3112,RX580 8G 256-Bit GDDR5 PCI Express 3.0 x16 DirectX 12 Gaming Video Card Gaming GPU,Mannajue,4.3,3.0,89.99,0,https://c1.neweggimages.com/ProductImageCompressAll300/B601S23061612E5BO4F.jpg,"[['YE-RX580 8G', '9SIB601J9R3112']]"
9SIBMWJJWB4773,MSI Gaming GeForce RTX 3060 Ti 8GB GDDR6 PCI Express 4.0 Video Card RTX 3060 Ti Gaming X 8G LHR,MSI,4.9,104.0,483.0,$49.99 Shipping,https://c1.neweggimages.com/ProductImageCompressAll300/14-137-672-V02.jpg,"[[' 7680 x 4320', ' 3 x DisplayPort 1.4a', ' 1 x HDMI 2.1', ' 10.94"" x 5.16""', 'RTX3060TGamingX8GLHR']]"
9SIAD2CJEK7016,XFX SPEEDSTER SWFT210 Radeon RX 6650 XT 8GB GDDR6 PCI Express 4.0 Video Card RX-665X8DFDY,XFX,3.9,7.0,259.99,0,https://c1.neweggimages.com/ProductImageCompressAll300/14-150-870-V07.jpg,"[[' 2055 MHz', ' 3 x DisplayPort 1.4', ' 1 x HDMI 2.1', ' 9.49"" x 5.16""', 'RX-665X8DFDY']]"
9SIAY2WK0A5001,GIGABYTE VISION OC GeForce RTX 3080 Ti 12GB GDDR6X PCI Express 4.0 ATX Video Card GV-N308TVISION OC-12GD,GIGABYTE,4.3,64.0,1092.35,$49.99 Shipping,https://c1.neweggimages.com/ProductImageCompressAll300/14-932-437-V06.jpg,"[[' 1710 MHz', ' 7680 x 4320', ' 3 x DisplayPort 1.4a', ' 2 x HDMI 2.1', 'GV-N308TVISION OC-12GD']]"
9SIBMWJJXU6717,GIGABYTE Radeon RX 5700 XT 8GB GDDR6 PCI Express 4.0 x16 ATX Video Card GV-R57XTGAMING-8GD,GIGABYTE,3.9,63.0,439.27,$49.99 Shipping,https://c1.neweggimages.com/ProductImageCompressAll300/14-932-299-S01.jpg,"[[' 1605 MHz', ' 7680 x 4320 @ 60 Hz', ' 3 x DisplayPort 1.4', ' 1 x HDMI 2.0b', 'GV-R57XTGAMING-8GD']]"
9SIB1PGJUF9779,MSI Radeon R9 390X 8GB GDDR5 CrossFireX Support ATX Video Card R9 390X GAMING 8G LE,MSI,5,5.0,449.0,0,https://c1.neweggimages.com/ProductImageCompressAll300/14-127-873-08.jpg,"[[' 1060 MHz', ' 1 x DisplayPort', ' 2 x DL-DVI-D', ' 1 x HDMI', 'R9 390X GAMING 8G LE', '9SIB1PGJUF9779']]"
9SIB1PGFBZ1249,GIGABYTE GeForce GTX 1080 AORUS Xtreme 8GB DirectX 12 GV-N1080AORUS X-8GD 256-Bit GDDR5X PCI Express 3.0 x16 ATX Video Card,GIGABYTE,4.2,13.0,598.0,0,https://c1.neweggimages.com/ProductImageCompressAll300/14-125-942-S99.jpg,"[[' 1784 MHz (OC Mode)\n1759 MHz (Gaming Mode)', ' 3 x DisplayPort', ' 1 x Dual-Link DVI-D', ' 3 x HDMI', 'GV-N1080AORUS X-8GD']]"
9SIB1PGJUF9645,MSI Gaming N780 TF 3GD5/OC G-SYNC Support GeForce GTX 780 3GB 384-Bit GDDR5 PCI Express 3.0 SLI Support Video Card,MSI,3.8,83.0,398.0,0,https://c1.neweggimages.com/ProductImageCompressAll300/14-127-746-06.jpg,"[[' 954 MHz', ' 4096 x 2160', ' 1 x DisplayPort', ' 1 x DVI-I\n1 x DVI-D', 'N780 TF 3GD5/OC', '9SIB1PGJUF9645']]"
9SIB1PGJUW3564,ASRock Phantom Gaming X Radeon RX Vega 64 8GB HBM2 PCI Express 3.0 x16 Video Card VEGA 64 8G,ASRock,4,10.0,659.0,0,https://c1.neweggimages.com/ProductImageCompressAll300/14-930-007-V01.jpg,"[[' 1247 MHz', ' 7680 x 4320', ' 3 x DisplayPort 1.4', ' 1 x HDMI 2.0', 'Phantom X VEGA 64 8G']]"
9SIB601JHC2397,"RX 580 Graphic Cards, 2048SP, Real 8GB, GDDR5, 256 Bit, Pc Gaming Radeon Video Card,3XDP, HDMI, PCI Express 3.0 with Freeze Fan Stop for Desktop Computer Gaming Gpu",Mannajue,4.3,8.0,87.99,0,https://c1.neweggimages.com/ProductImageCompressAll300/B601S2301260ERU8I7F.jpg,"[['RX580 8G-TG', '9SIB601JHC2397']]"
9SIAZUEJ4U5241,Yeston RTX 3060 12GB GDDR6 LHR Graphics cards Nvidia pci express x16 4.0 video cards Desktop computer PC video gaming graphics card,yeston,,,319.0,0,https://c1.neweggimages.com/ProductImageCompressAll300/AZUES2208200AA0EQ32.jpg,"[[' 1320MHz', ' 7680 x 4320', ' 3 x DisplayPort', ' 1 x HDMI', 'RTX3060-12G D6 MA', '9SIAZUEJ4U5241']]"
9SIB86XJMF5578,51RISC Radeon RX5600XT 6G Graphic Card GDDR6 6GB 128Bit Gaming Computer GPU RX5600XT 8GD6 GA Desktop Video Card 2 Fans,51Risc,4.7,3.0,128.99,0,https://c1.neweggimages.com/ProductImageCompressAll300/B86XS230417045JEB91.jpg,"[[' 1420 MHz', ' 3 x DisplayPort 1.4', ' 1 x HDMI 2.0b', ' AMD', 'JPRX5600XT6GB', '9SIB86XJMF5578']]"
9SIAZUEJM41439,Yeston Radeon RX 6650 XT 8GB D6 GDDR6 128bit 7nm Desktop computer PC Video Graphics Cards support PCI-Express 4.0 3*DP+1*HDMI-compatible graphics card,yeston,,,299.0,0,https://c1.neweggimages.com/ProductImageCompressAll300/AZUES2302230KKIS902.jpg,"[[' 2410MHz', ' 3 x DisplayPort', ' 1 x HDMI', ' DirectX 12', 'RX6650XT-8G D6 PA', '9SIAZUEJM41439']]"
9SIAFVFJ7A7489,ASUS Phoenix GeForce GTX 1630 4GB GDDR6 PCI Express 3.0 Video Card PH-GTX1630-4G,ASUS,5,1.0,172.44,$16.99 Shipping,https://c1.neweggimages.com/ProductImageCompressAll300/14-126-589-01.png,"[[' 1740 MHz', ' 7680 x 4320', ' 1 x DisplayPort 1.4a', ' 1 x DVI-D', 'PH-GTX1630-4G']]"
9SIAMFBJAA9088,ZOTAC GeForce GT 1030 2GB GDDR5 64-bit PCIe 3.0 DirectX 12 HDCP Ready Low Profile Video Card ZT-P10300A-10L,ZOTAC,4.7,16.0,89.99,0,https://c1.neweggimages.com/ProductImageCompressAll300/14-500-424-V01.jpg,"[[' 1227 MHz', ' 1 x SL-DVI-D', ' 1 x HDMI 2.0b', ' 6.77"" x 4.38""', 'ZT-P10300A-10L']]"
9SIB1PGJUJ3696,MSI GeForce GTX 960 2GB GDDR5 SLI Support ATX Video Card GTX 960 GAMING 2G LE,MSI,4.7,6.0,328.0,0,https://c1.neweggimages.com/ProductImageCompressAll300/14-127-914-10.jpg,"[[' 1152 MHz', ' 3 x DisplayPort', ' 1 x DL-DVI-I', ' 1 x HDMI', 'GTX 960 GAMING 2G LE', '9SIB1PGJUJ3696']]"
9SIB1PGFBY7516,ZOTAC GeForce GTX 1070 Ti 8GB GDDR5 PCI Express 3.0 SLI Support Video Card - AMP! EXTREME Edition ZT-P10710B-10P,ZOTAC,4.4,21.0,720.0,0,https://c1.neweggimages.com/ProductImageCompressAll300/14-500-429-V01.jpg,"[[' 1607 MHz', ' 3 x DisplayPort 1.4', ' 1 x DL-DVI-D', ' 1 x HDMI 2.0b', 'ZT-P10710B-10P']]"
9SIBMWJJWP6764,"GIGABYTE GeForce GTX 1660 Ti MINI ITX 6G Graphics Card, Compact Mini ITX Form Factor, 6GB 192-Bit GDDR6, GV-N166TIX-6GD Video Card",GIGABYTE,4.8,4.0,296.0,$49.99 Shipping,https://c1.neweggimages.com/ProductImageCompressAll300/14-932-319-S01.jpg,"[[' 1770 MHz', ' 7680 x 4320 @ 60 Hz', ' 3 x DisplayPort 1.4', ' 1 x HDMI 2.0b', 'GV-N166TIX-6GD']]"
9SIB1N8JVZ9110,HUANANZHI RTX 3060 12G Graphics Cards 192Bit GDDR6 HDMI-Compatible DP GPU RTX3060 Video Card,HUANANZHI,,,449.0,0,https://c1.neweggimages.com/ProductImageCompressAll300/B1N8S2305250Y7LWM21.jpg,"[[' 1320 MHz', ' 4096 x 2160', ' 1 x DisplayPort', ' 1 x DVI', 'RTX306012G', '9SIB1N8JVZ9110']]"
9SIB1PGJUJ3754,MSI GeForce GTX 960 4GB GDDR5 PCI Express 3.0 x16 SLI Support ATX Video Card GTX 960 GAMING 4G LE,MSI,4.4,8.0,428.0,0,https://c1.neweggimages.com/ProductImageCompressAll300/14-127-929-01.jpg,"[[' 1152 MHz (OC Mode)\n1140 MHz (Gaming Mode)\n1127 MHz (Silent Mode)', ' 4096 x 2160', ' 3 x DisplayPort 1.2', ' 1 x Dual-link DVI-I', 'GTX 960 GAMING 4G LE', '9SIB1PGJUJ3754']]"
9SIB1PGJJK8827,MSI VENTUS GP OC GeForce RTX 2060 6GB GDDR6 PCI Express 3.0 x16 ATX Video Card 912-V375-623,MSI,,,695.0,0,https://c1.neweggimages.com/ProductImageCompressAll300/A7AHD210709RI401.jpg,"[[' 7680 x 4320', ' 3 x DisplayPort 1.4a', ' 1 x HDMI 2.0b', ' 2 Slots', '912-V375-623']]"
9SIAZUEH2Z4063,Yeston Radeon RX 6500 XT 4GB D6 GDDR6 6nm video cards Desktop computer PC Video Graphics Cards support PCI-Express 4.0 1*DP+1*HDMI-compatible  graphics card,yeston,,,299.0,0,https://c1.neweggimages.com/ProductImageCompressAll300/AZUES220303uIhIi.jpg,"[[' 2610MHz', ' 1 x DisplayPort 1.4a', ' 1 x HDMI 2.1', ' DirectX 12', 'Yeston RX6500XT-4G D6 GA', '9SIAZUEH2Z4063']]"
9SIARPHJT66645,MSI Suprim GeForce RTX 3080 10GB GDDR6X PCI Express 4.0 Video Card RTX 3080 SUPRIM X 10G,MSI,4.3,38.0,824.09,$49.99 Shipping,https://c1.neweggimages.com/ProductImageCompressAll300/14-137-609-V01.jpg,"[[' 7680 x 4320', ' 3 x DisplayPort 1.4a', ' 1 x HDMI 2.1', ' 13.23"" x 5.51""', 'RTX3080 SUPRIM X 10G']]"
9SIAZUEFN68256,Yeston Radeon RX 550 2GB GDDR5 1071MHz 640processors PCIExpress 3.0 DirectX12 video cards Single Slot 4*HDMI compatible graphics card of Desktop,yeston,5,2.0,119.0,0,https://c1.neweggimages.com/ProductImageCompressAll300/AZUES210824DCnRD.jpg,"[[' 1071 MHz', ' 4 x HDMI', ' DirectX 12', ' AMD', 'Yeston RX550-2G D5 4HDMI', '9SIAZUEFN68256']]"
9SIAGKCK0D5802,MSI Gaming GeForce RTX 4080 16GB GDDR6X PCI Express 4.0 Video Card RTX 4080 16GB GAMING TRIO,MSI,4.7,3.0,1522.99,$36.00 Shipping,https://c1.neweggimages.com/ProductImageCompressAll300/14-137-766-01.jpg,"[[' 7680 x 4320', ' 3 x DisplayPort 1.4a', ' 1 x HDMI 2.1', ' DirectX 12 Ultimate', 'RTX 4080 16GB GAMING TRIO']]"
9SIB601JAD8984,GeForce GTX 1660 Ti 6GB GDDR6 PCI Express 3.0 x16 Video Card GTX 1660 TI,Mannajue,5,3.0,189.99,0,https://c1.neweggimages.com/ProductImageCompressAll300/B601S2210310VW88F83.jpg,"[['1660tqch', '9SIB601JAD8984']]"
9SIAPMXJKG9698,ASUS TUF Gaming NVIDIA GeForce RTX 3080 TUF-RTX3080-10G-GAMING Video Card,ASUS,5,9.0,699.98,0,https://c1.neweggimages.com/ProductImageCompressAll300/14-126-453-01.jpg,"[[' 1440 MHz', ' 7680 x 4320', ' 3 x DisplayPort 1.4a', ' 2 x HDMI 2.1', 'TUF-RTX3080-10G-GAMI']]"
9SIAY2WJZY7100,"EVGA GeForce RTX 3050 XC GAMING Video Card, 08G-P5-3553-KR, 8GB GDDR6, Dual-Fan, Metal Backplate",EVGA,4.7,47.0,491.99,0,https://c1.neweggimages.com/ProductImageCompressAll300/14-487-555-V02.jpg,"[[' 3 x DisplayPort 1.4a', ' 1 x HDMI 2.1', ' 7.94"" x 4.33""', ' 2 Slots', '08G-P5-3553-KR']]"
9SIB601JN51011,"RX5600XT 6G, 2304SP, GDDR6, 192Bit,3XDP, HDMI, PCI Express 4.0 for Desktop Computer Gaming Gpu",Mannajue,,,169.99,0,https://c1.neweggimages.com/ProductImageCompressAll300/B601S23031608N85M58.jpg,"[[' 1375Mhz', ' 3 x DisplayPort', ' 1 x HDMI', ' DirectX 12', 'Mannajue03252', '9SIB601JN51011']]"
9SIAY2WK0A4996,GIGABYTE Gaming GeForce RTX 3080 Ti 12GB GDDR6X PCI Express 4.0 ATX Video Card GV-N308TGAMING OC-12GD,GIGABYTE,3.9,193.0,1072.68,$49.99 Shipping,https://c1.neweggimages.com/ProductImageCompressAll300/14-932-436-02.jpg,"[[' 1710 MHz', ' 7680 x 4320', ' 3 x DisplayPort 1.4a', ' 2 x HDMI 2.1', 'GV-N308TGAMING OC-12']]"
9SIA0ZXJHS9210,ASUS TUF Gaming OC Edition GeForce RTX 3050 8GB GDDR6 PCI Express 4.0 Video Card TUF-RTX3050-O8G-GAMING,ASUS,3,1.0,442.7,Special Shipping,https://c1.neweggimages.com/ProductImageCompressAll300/14-126-588-V13.jpg,"[[' 7680 x 4320', ' 3 x DisplayPort 1.4a', ' 2 x HDMI 2.1', ' 10.70"" x 5.47""', 'TUF-RTX3050-O8G-GAMING']]"
9SIB1PGJWZ4762,"ASRock Radeon RX 6900 XT PHANTOM GAMING D Graphics Card 16GB GDDR6, AMD RDNA2 (RX6900XT PGD 16GO)",ASRock,4.5,136.0,1640.0,0,https://c1.neweggimages.com/ProductImageCompressAll300/14-930-052-02.jpg,"[[' 1925 MHz', ' 7680 x 4320', ' 3 x DisplayPort 1.4 with DSC', ' 1 x HDMI 2.1 VRR', 'RX6900XT PGD 16GO']]"
9SIARPHJJP0795,MSI GeForce RTX 2060 6GB GDDR6 PCI Express 3.0 x16 Video Card RTX 2060 VENTUS 6G OC,MSI,4.3,70.0,249.89,$49.99 Shipping,https://c1.neweggimages.com/ProductImageCompressAll300/14-137-380-V07.jpg,"[[' 7680 x 4320', ' 3 x DisplayPort 1.4', ' 1 x HDMI 2.0b', ' 8.90"" x 5.04""', 'RTX 2060 VENTUS 6GOC']]"
9SIARPHJWF5789,MSI Gaming Radeon RX 6900 XT 16GB GDDR6 PCI Express 4.0 Video Card RX 6900 XT Gaming X Trio 16G,MSI,4.6,59.0,1129.22,$49.99 Shipping,https://c1.neweggimages.com/ProductImageCompressAll300/14-137-628-01.jpg,"[[' 1925 MHz', ' 7680 x 4320', ' 3 x DisplayPort 1.4', ' 1 x HDMI 2.1', 'RX6900XTGamingXTri16']]"
9SIAY2WK0A5000,GIGABYTE Eagle GeForce RTX 3080 Ti 12GB GDDR6X PCI Express 4.0 ATX Video Card GV-N308TEAGLE OC-12GD,GIGABYTE,3.7,6.0,1082.05,$49.99 Shipping,https://c1.neweggimages.com/ProductImageCompressAll300/14-932-438-V05.jpg,"[[' 1680 MHz', ' 7680 x 4320', ' 3 x DisplayPort 1.4a', ' 2 x HDMI 2.1', 'GV-N308TEAGLE OC-12G']]"
9SIB1PGJUJ3712,MSI N760 TF 2GD5 GeForce GTX 760 Graphic Card - 1.01 GHz Core - 2 GB GDDR5 SDRAM - PCI Express 3.0 x16,MSI,,,328.0,0,https://c1.neweggimages.com/ProductImageCompressAll300/A98Y_1_20161001812911500.jpg,"[[' 4096 x 2160 (DisplayPort)', ' 2 x DVI', ' 1 x HDMI', ' OpenGL 4.3', 'N760 TF 2GD5']]"
9SIB1PGFBZ2443,GIGABYTE GeForce GTX 970 4GB GDDR5 PCI Express 3.0 SLI Support ATX G-SYNC Support Video Card GV-N970WF3OC-4GD (rev. 1.0/1.1),GIGABYTE,3.7,166.0,469.0,0,https://c1.neweggimages.com/ProductImageCompressAll300/14-125-685-S99.jpg,"[[' 1149 MHz in OC Mode\n1114 MHz in Gaming Mode', ' Digital: 4096 x 2160\nAnalog: 2048 x 1536', ' 3 x DisplayPort', ' 1 x Dual-link DVI-I\n1 x Dual-link DVI-D', 'GV-N970WF3OC-4GD']]"
9SIBMWJJXN0683,GIGABYTE Radeon RX 5500 XT 8GB GDDR6 PCI Express 4.0 x16 ATX Video Card GV-R55XTOC-8GD,GIGABYTE,3.4,18.0,335.99,$49.99 Shipping,https://c1.neweggimages.com/ProductImageCompressAll300/14-932-237-V01.jpg,"[[' 1647 MHz', ' 7680 x 4320 @ 60 Hz', ' 3 x DisplayPort 1.4', ' 1 x HDMI 2.0b', 'GV-R55XTOC-8GD']]"
9SIB1PGJUN9653,GIGABYTE Radeon HD 7850 1GB GDDR5 PCI Express 3.0 x16 CrossFireX Support Video Card GV-R785OC-1GD,GIGABYTE,4.2,33.0,320.0,0,https://c1.neweggimages.com/ProductImageCompressAll300/14-125-451-02.jpg,"[[' 900 MHz', ' 2 x Mini DisplayPort', ' 1 x DVI', ' 1 x HDMI', 'GV-R785OC-1GD', '9SIB1PGJUN9653']]"
9SIAY2WJZW1614,"EVGA GeForce RTX 3060 Ti FTW ULTRA GAMING Video Card, 08G-P5-3667-KR, 8GB GDDR6, iCX3 Cooling, ARGB LED",EVGA,5,7.0,634.99,0,https://c1.neweggimages.com/ProductImageCompressAll300/14-487-537-V02.jpg,"[[' 7680 x 4320', ' 3 x DisplayPort 1.4a', ' 1 x HDMI 2.1', ' 11.23"" x 4.38""', '08G-P5-3667-KR']]"
9SIAZUEJMR1012,Yeston GeForce RTX 4070 Ti 12GB GDDR6X PCI Express 4.0 Video Card HDMI 2.1*1 + DP1.4a*3 video cards Desktop computer PC video gaming graphics card,yeston,5,2.0,1099.0,0,https://c1.neweggimages.com/ProductImageCompressAll300/AZUES2303060WHKO702.jpg,"[[' 2310MHz', ' 7680 x 4320', ' 1 x DisplayPort', ' 3 x HDMI', 'RTX4070Ti - 12G D6X Sugar YA', '9SIAZUEJMR1012']]"
9SIARPHJRH3380,ASUS ROG Strix GeForce RTX 3070 Ti 8GB GDDR6X PCI Express 4.0 Video Card ROG-STRIX-RTX3070TI-O8G-GAMING,ASUS,4.8,95.0,749.0,$49.99 Shipping,https://c1.neweggimages.com/ProductImageCompressAll300/14-126-511-03.jpg,"[[' 7680 x 4320', ' 3 x DisplayPort 1.4a', ' 2 x HDMI 2.1', ' 12.53"" x 5.51""', 'STX-RTX3070TI-O8G-GA']]"
9SIB1PGJJF0749,MSI GeForce RTX 2080 DUKE 8G OC Video Card,MSI,3.6,19.0,849.0,0,https://c1.neweggimages.com/ProductImageCompressAll300/14-137-341-V12.jpg,"[[' 1515 MHz', ' 7680 x 4320', ' 3 x DisplayPort 1.4', ' 1 x HDMI 2.0b', 'RTX 2080 DUKE 8G OC']]"
9SIBFJRJEC1288,BioStar Radeon RX 7900 XT 20GB 320bit GDDR6 2DP HDMI Type-C AMD RDNA 3 PCI Express 4.0 Video Card Graphics Accelerator RX7900XT VA7906XE00,Biostar,5,2.0,794.0,0,https://c1.neweggimages.com/ProductImageCompressAll300/BFJRS22121405U4SG06.jpg,"[[' 2 x DisplayPort', ' 1 x HDMI', ' RX7900XT', ' VA7906XE00', 'VA7906XE00']]"
9SIAUNCK0W1008,"ASUS DUAL Radeon RX 6700 XT Standard Edition 12GB GDDR6 Gaming Graphics Card (AMD RDNA 2, PCIe 4.0, 12GB GDDR6 Memory, HDMI 2.1, DisplayPort 1.4a, Axial-tech Fan Design, 0dB Technology)",ASUS,4.6,37.0,618.0,$49.99 Shipping,https://c1.neweggimages.com/ProductImageCompressAll300/14-126-500-13.jpg,"[[' 7680 x 4320', ' 3 x DisplayPort 1.4a', ' 1 x HDMI 2.1', ' 11.61"" x 5.47""', 'DUAL-RX6700XT-12G']]"
9SIBJR8K051167,MSI Ventus GeForce RTX 3080 Ti 12GB GDDR6X PCI Express 4.0 ATX Video Card RTX 3080 Ti Ventus 3X 12G OC,MSI,4.8,52.0,980.0,$49.99 Shipping,https://c1.neweggimages.com/ProductImageCompressAll300/14-137-651-03.jpg,"[[' 7680 x 4320', ' 3 x DisplayPort 1.4a', ' 1 x HDMI 2.1', ' 12.01"" x 4.72""', '3080tiVentus3X12GOC']]"
9SIBBN9JRT5691,"PNY GeForce RTX 3060 12GB XLR8 Gaming REVEL EPIC-X RGB Single Fan Graphics Card, VCG306012SFXPPB","PNY Technologies, Inc.",,,379.82,0,https://c1.neweggimages.com/ProductImageCompressAll300/14-133-820-V01.jpg,"[[' 1320 MHz', ' 3 x DisplayPort 1.4a', ' 1 x HDMI 2.1', ' 6.69"" x 4.92""', 'VCG306012SFXPPB']]"
9SIB601JW68690,"RX 5700 XT 8gb GDDR6 Graphics Card,256 Bit, 3XDP, HDMI, PCI Express 4.0X16, 6+8pin with Fan Intelligent System,Gaming PC Computer Video Cards with 3X DisplayPort +1X HDMI",Mannajue,,,199.99,0,https://c1.neweggimages.com/ProductImageCompressAll300/B601S2305230DM5SW35.jpg,"[[' 3 x DisplayPort', ' 1 x HDMI', ' DirectX 12', ' AMD Radeon RX 5700 Series', 'RX5700XT', '9SIB601JW68690']]"
9SIA2F8JZ29674,Gigabyte GeForce RTX 3060 Gaming OC 12G Video Card (REV2.0) Graphics Card - 3X WINDFORCE Fans - 12GB 192-bit GDDR6 -  GV-N3060GAMING OC-12GD R2,GIGABYTE,,,427.04,0,https://c1.neweggimages.com/ProductImageCompressAll300/14-932-597-01.jpg,"[[' 1837 MHz', ' 2 x DisplayPort 1.4', ' 2 x HDMI 2.1', ' 2 Slots', 'GV-N3060GAMING OC-12GD R2']]"
9SIB1PGJ0B4950,HP nVidia Quadro P5000 16GB 900-5G413-0300-001 913196-002 Video Card,NVIDIA,,,699.0,0,https://c1.neweggimages.com/ProductImageCompressAll300/AWFGD21111407REGI48.jpg,"[['shoudong26', '9SIB1PGJ0B4950']]"
9SIAPMXEDM6678,"GIGABYTE AORUS Radeon RX 6700 XT ELITE 12G Graphics Card, WINDFORCE 3X Cooling System, 12GB 192-bit GDDR6, GV-R67XTAORUS E-12GD Video Card",GIGABYTE,4.8,32.0,699.99,0,https://c1.neweggimages.com/ProductImageCompressAll300/14-932-415-02.jpg,"[[' 1058 MHz', ' 7680 x 4320', ' 2 x DisplayPort 1.4a', ' 2 x DVI', 'GV-R67XTAORUS E-12GD']]"
9SIAPMXJ063245,ASUS ROG Strix GeForce RTX 3080 10GB GDDR6X PCI Express 4.0 Video Card ROG-STRIX-RTX3080-O10G-GAMING,ASUS,4.7,112.0,899.99,0,https://c1.neweggimages.com/ProductImageCompressAll300/14-126-457-V01.jpg,"[[' 1440 MHz', ' 7680 x 4320', ' 3 x DisplayPort 1.4a', ' 2 x HDMI 2.1', 'ROG-STRIX-RTX3080-O1']]"
9SIB1PGJUP9472,GIGABYTE Radeon R9 280X 3GB GDDR5 PCI Express 3.0 CrossFireX Support Video Card GV-R928XOC-3GD,GIGABYTE,3.2,78.0,295.0,0,https://c1.neweggimages.com/ProductImageCompressAll300/14-125-475-04.jpg,"[[' 1000 MHz', ' 2 x Mini DisplayPort', ' 1 x DVI-I', ' 1 x HDMI', 'GV-R928XOC-3GD', '9SIB1PGJUP9472']]"
9SIB1N8JVZ9135,HUANANZHI GTX 1660 Super 6G Graphics Cards 192Bit GDDR6 GPU Video Card support HDMI DP GTX1660 Super 6G,HUANANZHI,,,239.0,0,https://c1.neweggimages.com/ProductImageCompressAll300/B1N8S2305250YM7H819.jpg,"[[' 1830 MHz', ' 4096 x 2160', ' 1 x DisplayPort', ' 1 x HDMI', 'GTX1660S131', '9SIB1N8JVZ9135']]"
9SIB1N8JVZ9141,HUANANZHI RX 580 8G 2048SP Graphics Cards 256Bit GDDR5 HDMI-Compatible DP DVI GPU RX580 8G Video Card,HUANANZHI,,,129.0,0,https://c1.neweggimages.com/ProductImageCompressAll300/B1N8S2305250YU25O3D.jpg,"[[' 1336 MHz', ' 4096 x 2160', ' 1 x HDMI 2.1', ' DirectX 12.1', 'RX5808G424', '9SIB1N8JVZ9141']]"
9SIBMWJJXM9594,SAPPHIRE PULSE Radeon RX 580 8GB GDDR5 PCI Express 3.0 x16 CrossFireX Support ATX Video Card 11265-05-20T,Sapphire Tech,4.2,12.0,310.5,$49.99 Shipping,https://c1.neweggimages.com/ProductImageCompressAll300/14-202-401-V01.jpg,"[[' DisplayPort: 5120x2880@60Hz\nHDMI: 4096x2160@60Hz\nDVI:2560x1600@60Hz', ' 2 x DisplayPort 1.4', ' 1 x DVI-D', ' 2 x HDMI', '11265-05-20T']]"
9SIB1PGJWZ2102,MSI GeForce GTX 1080 Ti 11GB GDDR5X PCI Express 3.0 x16 SLI Support Video Card GTX 1080 Ti SEA HAWK EK X,MSI,4.3,14.0,935.0,0,https://c1.neweggimages.com/ProductImageCompressAll300/14-137-144-V01.jpg,"[[' 1569 MHz (OC)\n1544 MHz (Gaming)\n1480 MHz (Silent)', ' 2 x DisplayPort', ' 1 x DL-DVI-D', ' 2 x HDMI', 'GTX1080TISEAHAWKEKX', '9SIB1PGJWZ2102']]"
9SIASGMJVN5988,MSI Mech Radeon RX 6500 XT 4GB GDDR6 PCI Express 4.0 Video Card RX 6500 XT MECH 2X 4G OC,MSI,4.3,15.0,179.99,0,https://c1.neweggimages.com/ProductImageCompressAll300/14-137-709-01.jpg,"[[' 7680 x 4320', ' 1 x DisplayPort 1.4a', ' 1 x HDMI 2.1', ' 6.77"" x 4.41""', 'RX 6500 XT MECH 2X 4G OC']]"
9SIBMWJJWP6070,MSI Ventus GeForce RTX 2060 12GB GDDR6 PCI Express 3.0 x16 ATX Video Card RTX 2060 VENTUS GP 12G OC,MSI,4.8,43.0,322.49,$49.99 Shipping,https://c1.neweggimages.com/ProductImageCompressAll300/14-137-719-S01.jpg,"[[' 7680 x 4320', ' 3 x DisplayPort 1.4a', ' 1 x HDMI 2.0b', ' 9.09"" x 5.04""', 'RTX 2060 VENTUS GP 12G OC']]"
9SIAYTVFU57369,GIGABYTE Gaming OC GeForce RTX 3080 10GB GDDR6X PCI Express 4.0 ATX Video Card GV-N3080GAMING OC-10GD (rev. 2.0) (LHR),GIGABYTE,4.5,82.0,731.64,$49.99 Shipping,https://c1.neweggimages.com/ProductImageCompressAll300/14-932-459-02.jpg,"[[' 1800 MHz', ' 7680 x 4320', ' 3 x DisplayPort 1.4a', ' 2 x HDMI 2.1', 'GV-N3080GAMING OC-10GD REV2']]"
9SIAMFBJAA9142,ZOTAC GeForce GT 730 4GB DDR3 PCI Express 2.0 Zone Edition Video Card ZT-71115-20L,ZOTAC,4.3,49.0,79.99,0,https://c1.neweggimages.com/ProductImageCompressAll300/14-500-368-10.jpg,"[[' 902 MHz', ' 2560 x 1600 (120 Hz) (DL-DVI)\n4K (30 Hz) (HDMI)', ' 1 x DL-DVI', ' 1 x HDMI', 'ZT-71115-20L']]"
9SIAY2WJZW1619,"EVGA GeForce RTX 3060 XC GAMING, 12G-P5-3657-KR, 12GB GDDR6, Dual-Fan, Metal Backplate",EVGA,4.7,227.0,653.98,0,https://c1.neweggimages.com/ProductImageCompressAll300/14-487-539-01.jpg,"[[' 7680 x 4320', ' 3 x DisplayPort 1.4a', ' 1 x HDMI 2.1', ' 7.94"" x 4.33""', '12G-P5-3657-KR']]"
9SIB1PGJUN9408,MSI Radeon HD 7850 2GB GDDR5 PCI Express 3.0 x16 CrossFireX Support Video Card R7850 Twin Frozr 2GD5/OC,MSI,4.1,202.0,320.0,0,https://c1.neweggimages.com/ProductImageCompressAll300/14-127-663-08.jpg,"[[' 900 MHz', ' 2 x Mini DisplayPort', ' 1 x DVI', ' 1 x HDMI', 'R7850TwinFroz2GD5/OC', '9SIB1PGJUN9408']]"
9SIARPHJWF5792,ASUS TUF Gaming Radeon RX 6900 XT 16GB GDDR6 PCI Express 4.0 CrossFireX Support Video Card TUF-RX6900XT-O16G-GAMING,ASUS,4.3,22.0,1099.88,$49.99 Shipping,https://c1.neweggimages.com/ProductImageCompressAll300/14-126-487-01.jpg,"[[' 7680 x 4320', ' 3 x DisplayPort 1.4a', ' 1 x HDMI 2.1', ' 13.00"" x 5.52""', 'TUF-RX6900XT-O16G-GA']]"
9SIBGFDJPK3633,ASUS ROG STRIX Radeon RX 6600 XT 8GB GDDR6 PCI Express 4.0 CrossFireX Support ATX Video Card ROG-STRIX-RX6600XT-O8G-GAMING,ASUS,4.7,32.0,399.99,$40.00 Shipping,https://c1.neweggimages.com/ProductImageCompressAll300/14-126-527-01.jpg,"[[' 7680 x 4320', ' 3 x DisplayPort 1.4a', ' 1 x HDMI 2.1', ' 9.60"" x 5.30""', 'STRIX-RX6600XT-O8G-G']]"
9SIA4YU9VZ1615,MSI GeForce GT 1030 Aero ITX 2GB GDDR4 Graphics Card,MSI,,,112.47,Special Shipping,https://c1.neweggimages.com/ProductImageCompressAll300/A4YU_1_20190817192610576.jpg,[['V809-2824R']]
9SIAPMXJRN2702,MSI GeForce GT 730 2GB DDR3 PCI Express 2.0 Low Profile Video Card N730K-2GD3H/LPV1,MSI,4.3,4.0,69.0,0,https://c1.neweggimages.com/ProductImageCompressAll300/14-137-667-S01.jpg,"[[' 4096 x 2160', ' 1 x DL-DVI-D', ' 1 x HDMI 1.4a', ' 5.75"" x 2.72""', 'N730K-2GD3H/LPV1']]"
9SIARPHJRH3396,"GIGABYTE GeForce RTX 3070 GAMING OC 8GB Video Card, GV-N3070GAMING OC-8GD",GIGABYTE,4.5,167.0,495.84,$49.99 Shipping,https://c1.neweggimages.com/ProductImageCompressAll300/14-932-342-V11.jpg,"[[' 1815 MHz', ' 7680 x 4320 @ 60Hz', ' 2 x DisplayPort 1.4a', ' 2 x HDMI 2.1', 'GV-N3070GAMING OC8GD']]"
9SIBKMGJZ78564,ASUS ROG XG Mobile  (2023) GC33Y-033  Laptop external graphics card RTX4090 16GB GDDR6 For ROG FLOW series (X13/Z13/X16) only,ASUS,,,2868.64,0,https://c1.neweggimages.com/ProductImageCompressAll300/BDCAS23041804YYEUCB.jpg,[['ROG XG Mobile  (2023)']]
9SIBBB1JZZ5064,"GIGABYTE Radeon RX 6600 XT GAMING OC PRO 8G Graphics Card, WINDFORCE 3X Cooling System, 8GB 128-bit GDDR6, GV-R66XTGAMINGOC PRO-8GD Video Card",GIGABYTE,4.4,36.0,389.99,$49.99 Shipping,https://c1.neweggimages.com/ProductImageCompressAll300/14-932-473-V01.jpg,"[[' 7680 x 4320', ' 2 x DisplayPort 1.4a', ' 2 x HDMI 2.1', ' 11.10"" x 4.53""', 'GV-R66XTGAMINGOC PRO']]"
9SIAY2WJZW1623,"EVGA GeForce RTX 3060 Ti FTW ULTRA GAMING Video Card, 08G-P5-3667-KL, 8GB GDDR6, iCX3 Cooling, ARGB LED, LHR",EVGA,4.8,69.0,635.99,0,https://c1.neweggimages.com/ProductImageCompressAll300/14-487-546-V02.jpg,"[[' 7680 x 4320', ' 3 x DisplayPort 1.4a', ' 1 x HDMI 2.1', ' 11.23"" x 4.38""', '08G-P5-3667-KL']]"
9SIAY2WK031205,MSI Ventus GeForce RTX 3090 24GB GDDR6X PCI Express 4.0 SLI Support Video Card RTX 3090 VENTUS 3X 24G OC,MSI,4.2,66.0,1276.93,0,https://c1.neweggimages.com/ProductImageCompressAll300/14-137-596-V24.jpg,"[[' 7680 x 4320', ' 3 x DisplayPort 1.4a', ' 1 x HDMI 2.1', ' 12.01"" x 4.72""', 'RTX 3090 VENTUS 3X 24G OC']]"
9SIB1PGJUP8195,XFX Radeon R9 280X 3GB GDDR5 PCI Express 3.0 x16 CrossFireX Support Double Dissipation Edition Video Card R9-280X-TDFD,XFX,3.8,206.0,285.0,0,https://c1.neweggimages.com/ProductImageCompressAll300/14-150-678-13.jpg,"[[' 850 MHz', ' ANALOG: 2048 x 1536\r\nDIGITAL: 2560 x 1600 (DVI); 4096 x 2160 (HDMI; DP)', ' 2 x Mini DisplayPort 1.2', ' 1 x DL-DVI-I\r\n1 x SL-DVI-D', 'R9-280X-TDFD', '9SIB1PGJUP8195']]"
9SIB1PGJX13856,GIGABYTE Radeon R9 380X 4GB GDDR5 PCI Express 3.0 ATX Video Card GV-R938XG1 GAMING-4GD,GIGABYTE,4.3,28.0,480.0,0,https://c1.neweggimages.com/ProductImageCompressAll300/14-125-836-Z01.jpg,"[[' 980 MHz (standard: 970 MHz)', ' Digital: 4096 x 2160\nAnalog: 2048 x 1536', ' 1 x DisplayPort', ' 1 x Dual-link DVI-I\n1 x Dual-link DVI-D', 'GV-R938XG1 GAMING-4G', '9SIB1PGJX13856']]"
9SIAYTVFU57341,ASUS Dual GeForce RTX 3060 Ti V2 OC Edition 8GB GDDR6 PCI Express 4.0 Video Card DUAL-RTX3060TI-O8G-V2 (LHR),ASUS,4.8,45.0,429.98,$49.99 Shipping,https://c1.neweggimages.com/ProductImageCompressAll300/14-126-521-01.jpg,"[[' 7680 x 4320', ' 3 x DisplayPort 1.4a', ' 2 x HDMI 2.1', ' 10.56"" x 5.35""', 'DUAL-RTX3060TI-O8G-V']]"
9SIAFVFJW44120,ASUS TUF Gaming GeForce RTX 3060 12GB GDDR6 PCI Express 4.0 Video Card TUF-RTX3060-12G-V2-GAMING,ASUS,,,345.67,$20.00 Shipping,https://c1.neweggimages.com/ProductImageCompressAll300/14-126-578-01.png,"[[' 7680 x 4320', ' 3 x DisplayPort 1.4a', ' 2 x HDMI 2.1', ' 11.81"" x 5.63""', 'TUF-RTX3060-12G-V2-G']]"
9SIARPHJUU9657,MSI Radeon RX 5700 XT 8GB GDDR6 PCI Express 4.0 CrossFireX Support Video Card RX 5700 XT GAMING X,MSI,4,107.0,468.69,$49.99 Shipping,https://c1.neweggimages.com/ProductImageCompressAll300/14-137-471-V13.jpg,"[[' 1730 MHz', ' 7680 x 4320', ' 3 x DisplayPort 1.4', ' 1 x HDMI 2.0b', 'RX 5700 XT GAMING X']]"
9SIBGFDJPN3995,ASUS TUF Gaming Radeon RX 6800 XT 16GB GDDR6 PCI Express 4.0 CrossFireX Support Video Card TUF-RX6800XT-O16G-GAMING,ASUS,4.6,49.0,813.99,$46.00 Shipping,https://c1.neweggimages.com/ProductImageCompressAll300/14-126-476-01.jpg,"[[' 7680 x 4320', ' 3 x DisplayPort 1.4a', ' 1 x HDMI 2.1', ' 12.20"" x 5.52""', 'TUF-RX6800XT-O16G-GAMING']]"
9SIA7ABJZT8021,msi gaming geforce gtx 1660 super 192-bit hdmi/dp 6gb gdrr6 hdcp support directx 12 single fan vr ready oc itx graphics card (gtx 1660 super aero itx oc),MSI,,,284.6,Special Shipping,https://c1.neweggimages.com/ProductImageCompressAll300/AZF8D2208220FJ4F3DA.jpg,[['RNAB07ZHC95FP']]
9SIAGSCJR27306,PNY GeForce 8400 GS 512MB DDR3 PCI Express 2.0 x16 Video Card VCG84512D3SXPB,"PNY Technologies, Inc.",4.5,8.0,99.99,0,https://c1.neweggimages.com/ProductImageCompressAll300/14-133-461-07.jpg,"[[' 567MHz', ' 2560 x 1600', ' 1 x DVI', ' 1 x HDMI', 'VCG84512D3SXPB']]"
9SIAGSCAZF5285,JATON GeForce FX 5200 128MB DDR PCI Low Profile Ready Video Card Video-228PCI-TV,Jaton Corporation,4,8.0,99.99,0,https://c1.neweggimages.com/ProductImageCompressAll300/14-139-143-07.jpg,"[[' 250 MHz', ' 2048 x 1536@75Hz', ' DirectX 9', ' NVIDIA', 'Video-228PCI-TV', '9SIAGSCAZF5285']]"
9SIAPMXET64509,"Sapphire Nitro+ AMD Radeon RX 6700 XT Gaming OC Video Card, 12GB GDDR6 HDMI / Triple DP (11306-01-20T)",Sapphire Tech,4.5,26.0,621.28,0,https://c1.neweggimages.com/ProductImageCompressAll300/14-202-402-01.jpg,"[[' 7680 x 4320', ' 3 x DisplayPort 1.4', ' 1 x HDMI 2.1', ' 12.21"" x 5.15""', '11306-01-20T']]"
9SIAZUEJXD4259,Yeston Radeon RX 7600 8GD6 GDDR6 128bit video cards Desktop computer PC Video Graphics Cards support PCI-Express 4.0 3*DP+1*HDMI-compatible  graphics card,yeston,,,399.0,0,https://c1.neweggimages.com/ProductImageCompressAll300/AZUES2305300KUTMCC4.jpg,"[[' 2250 MHz', ' 7680 x 4320', ' 3 x DisplayPort', ' 1 x HDMI', 'RX7600-8GD6 PA', '9SIAZUEJXD4259']]"
9SIA24GJZX4765,PNY VERTO OC GeForce RTX 4090 24GB GDDR6X PCI Express 4.0 Video Card,"PNY Technologies, Inc.",5,2.0,1699.99,0,https://c1.neweggimages.com/ProductImageCompressAll300/14-133-842-V05.jpg,"[[' 2235 MHz', ' 7680 x 4320', ' 3 x DisplayPort 1.4a', ' 1 x HDMI 2.1', 'VCG409024TFXXPB1-O']]"
1FT-000M-003G2,"ZOTAC GAMING GeForce RTX 3060 Ti GDDR6X Twin Edge OC 8GB GDDR6X 256-bit 19 Gbps PCIE 4.0 Gaming Graphics Card, IceStorm 2.0 Advanced Cooling, Active Fan Control, ZT-A30620H-10P",ZOTAC,,,359.99,0,https://c1.neweggimages.com/ProductImageCompressAll300/1FT-000M-003G2-10.jpg,"[[' 7680 x 4320', ' 3 x DisplayPort 1.4a', ' 2 x HDMI 2.1', ' 2 Slots', 'ZT-A30620H-10P', '1FT-000M-003G2']]"
9SIBMWJJW81745,MSI Ventus GeForce RTX 3070 8GB GDDR6 PCI Express 4.0 Video Card RTX 3070 VENTUS 3X OC,MSI,4.7,93.0,504.71,$49.99 Shipping,https://c1.neweggimages.com/ProductImageCompressAll300/14-137-601-V12.jpg,"[[' 7680 x 4320', ' 3 x DisplayPort 1.4a', ' 1 x HDMI 2.1', ' 12.01"" x 4.76""', '3070Ventus3XOC']]"
9SIB86XJ822706,51RISC RX5700XT 8GB Graphics Card GPU GDDR6 256-bit 7nm new video card Support Desktop CPU placa de video,51Risc,3.9,7.0,205.0,0,https://c1.neweggimages.com/ProductImageCompressAll300/B86XS230417041IJR6A.jpg,"[[' 1840 MHz', ' 3 x DisplayPort', ' 1 x HDMI', ' DirectX 12', 'PL5700XT8GB', '9SIB86XJ822706']]"
9SIAUNCK0W0977,ASUS ROG Strix Radeon RX 6900 XT 16GB GDDR6 PCI Express 4.0 CrossFireX Support ATX Video Card ROG-STRIX-LC-RX6900XT-T16G-GAMING,ASUS,4.7,9.0,1267.0,$49.99 Shipping,https://c1.neweggimages.com/ProductImageCompressAll300/14-126-514-S03.jpg,"[[' 7680 x 4320', ' 2 x DisplayPort 1.4a', ' 1 x HDMI 2.1', ' Card: 10.91"" x 5.16""\nRadiator: 10.87"" x 4.72""', 'ROG-STRIX-LC-RX6900XT-T16G-GAMING']]"
9SIB601JFF5971,RX 590 GME 8G DirectX 12 8GB 256-Bit GDDR5 PCI Express 3.0,Mannajue,,,99.99,0,https://c1.neweggimages.com/ProductImageCompressAll300/B601S2212240XMX4QE9.jpg,"[[' 1284 MHz', ' 3 x DisplayPort', ' 1 x HDMI', ' AMD', 'RX 590 GME 8G', '9SIB601JFF5971']]"
9SIBMWJJX67374,MSI Gaming GeForce GTX 1050 Ti 4GB GDDR5 PCI Express 3.0 x16 ATX Video Card GTX 1050 Ti GAMING X 4G,MSI,4.6,316.0,174.4,$49.99 Shipping,https://c1.neweggimages.com/ProductImageCompressAll300/14-137-054-07.jpg,"[[' 1379 MHz (OC)\n1354 MHz (Gaming)\n1290 MHz (Silent)', ' 7680 x 4320', ' 1 x DisplayPort 1.4', ' 1 x DL-DVI-D', 'GTX1050Ti GAMINGX 4G']]"
9SIARPHJK33755,ASUS ROG STRIX AMD Radeon RX 5700 XT Overclocked 8G GDDR6 HDMI DisplayPort Gaming Graphics Card (ROG-STRIX-RX5700XT-O8G-GAMING),ASUS,3.8,176.0,498.18,$49.99 Shipping,https://c1.neweggimages.com/ProductImageCompressAll300/14-126-344-V14.jpg,"[[' OC Mode: 1840 MHz\nGaming Mode: 1770 MHz', ' 7680 x 4320', ' 3 x DisplayPort 1.4', ' 1 x HDMI 2.0b', 'RX5700XT-O8G-GAMING']]"
9SIADDTJXG4389,ASUS GeForce GTX 1660 SUPER Overclocked 6GB Phoenix Fan Edition HDMI DP DVI Graphics Card (PH-GTX1660S-O6G),ASUS,4.2,29.0,257.39,0,https://c1.neweggimages.com/ProductImageCompressAll300/14-126-353-V01.jpg,"[[' 1530 MHz', ' 7680 x 4320', ' 1 x DisplayPort 1.4', ' 1 x DVI-D', 'PH-GTX1660S-O6G']]"
9SIA8X5JT95625,PowerColor RED DEVIL Radeon RX 6750 XT 12GB GDDR6 PCI Express 4.0 ATX Video Card AXRX 6750XT 12GBD6-3DHE/OC,PowerColor,5,4.0,522.99,0,https://c1.neweggimages.com/ProductImageCompressAll300/14-131-799-01.jpg,"[[' 3 x DisplayPort 1.4', ' 1 x HDMI 2.1', ' 12.60"" x 5.12""\n13.19"" x 5.75"" (with bracket)', ' 2.5 Slot', 'AXRX 6750XT 12GBD6-3DHE/OC']]"
9SIAY2WJZW1627,"EVGA FTW3 ULTRA GeForce RTX 3080 12GB GDDR6X PCI Express 4.0 ATX Video Card, LHR 12G-P5-4877-KL",EVGA,4.7,51.0,1403.99,0,https://c1.neweggimages.com/ProductImageCompressAll300/14-487-553-01.jpg,"[[' 7680 x 4320', ' 3 x DisplayPort', ' 1 x HDMI', ' 11.81"" x 5.38""', '12G-P5-4877-KL']]"
9SIBMWJJX13432,ASUS Phoenix GeForce GTX 1650 4GB GDDR6 PCI Express 3.0 Video Card PH-GTX1650-O4GD6-P,ASUS,4.5,4.0,145.1,$49.99 Shipping,https://c1.neweggimages.com/ProductImageCompressAll300/14-126-449-V06.jpg,"[[' 1410 MHz', ' 7680 x 4320', ' 1 x DisplayPort 1.4', ' 1 x DVI-D', 'PH-GTX1650-O4GD6-P']]"
9SIAY2WJZW1620,"EVGA GeForce RTX 3060 XC BLACK GAMING, 12G-P5-3655-KR, 12GB GDDR6, Dual-Fan",EVGA,4.8,21.0,739.89,0,https://c1.neweggimages.com/ProductImageCompressAll300/14-487-538-01.jpg,"[[' 7680 x 4320', ' 3 x DisplayPort 1.4a', ' 1 x HDMI 2.1', ' 7.94""x 4.33""', '12G-P5-3655-KR']]"
9SIBMWJJWP5106,"ASUS Dual GeForce RTX 2060 EVO OC Edition Graphics Card (PCIe 3.0, 12GB GDDR6, HDMI, DisplayPort, DVI-D, Axial-tech Fan, 0dB Technology, Auto-Extreme) DUAL-RTX2060-O12G-EVO",ASUS,4.7,38.0,348.0,$49.99 Shipping,https://c1.neweggimages.com/ProductImageCompressAll300/14-126-548-01.jpg,"[[' OC mode: 1710 MHz\nGaming mode: 1680 MHz', ' 7680 x 4320', ' 1 x DisplayPort 1.4a', ' 1 x DVI-D', 'DUAL-RTX2060-O12G-EV']]"
9SIBGFDJP94414,ASUS ROG STRIX GeForce RTX 3080 10GB GDDR6X PCI Express 4.0 x16 ATX Video Card ROG-STRIX-RTX3080-O10G-WHITE-V2 (LHR),ASUS,4.7,46.0,999.99,$53.00 Shipping,https://c1.neweggimages.com/ProductImageCompressAll300/14-126-533-V01.jpg,"[[' 7680 x 4320', ' 3 x DisplayPort 1.4a', ' 2 x HDMI 2.1', ' 12.53"" x 5.51""', 'RTX3080-O10G-WHT-V2']]"
9SIB1PGJX98625,MSI Radeon HD 7950 3GB GDDR5 PCI Express 3.0 x16 CrossFireX Support Video Card R7950 Twin Frozr 3GD5/OC,MSI,4,198.0,329.0,0,https://c1.neweggimages.com/ProductImageCompressAll300/14-127-667-08.jpg,"[[' 880 MHz', ' Display Output (Max Resolution) 2560x1600', ' 2 x Mini DisplayPort', ' 1 x DVI', 'R7950TwinFroz3GD5/OC', '9SIB1PGJX98625']]"
9SIB1PGJUF9830,MSI Radeon R7 370 2GB GDDR5 PCI Express 3.0 CrossFireX Support Video Card R7 370 GAMING 2G,MSI,4.8,11.0,310.0,0,https://c1.neweggimages.com/ProductImageCompressAll300/14-127-882-14.jpg,"[[' 1000 MHz', ' 1 x DisplayPort', ' 1 x DL-DVI-I\r\n1 x DL-DVI-D', ' 1 x HDMI', 'R7 370 GAMING 2G', '9SIB1PGJUF9830']]"
9SIB11NFND2127,MSI Gaming GeForce RTX 3060 Ti 8GB GDDR6 PCI Express 4.0 Video Card RTX 3060 Ti GAMING Z TRIO 8G LHR,MSI,5,1.0,506.45,$9.99 Shipping,https://c1.neweggimages.com/ProductImageCompressAll300/14-137-684-S01.jpg,"[[' 7680 x 4320', ' 3 x DisplayPort 1.4a', ' 1 x HDMI 2.1', ' 12.72"" x 5.51""', 'RTX306TGAMINGZTRIO8L']]"
9SIB1PGJUJ3741,MSI - R580ARX - MSI ARMOR Radeon RX 580 ARMOR X Radeon RX 580 Graphic Card - 8 GB GDDR5 - 1.37 GHz Core - 256 bit Bus Width - DisplayPort - HDMI - DVI,MSI,,,580.0,0,https://c1.neweggimages.com/ProductImageCompressAll300/A24G_1_202001211730560897.jpg,"[['R580ARX', '9SIB1PGJUJ3741']]"
9SIB1PGFBY8240,MSI Radeon R9 270X GAMING 4GB 256-bit GDDR5 PCI Express 3.0 x16 HDCP Ready CrossFireX Support Video Card,MSI,3.8,53.0,539.0,0,https://c1.neweggimages.com/ProductImageCompressAll300/14-127-775-18.jpg,"[[' 1030 MHz', ' 2560 x 1600', ' 1 x DisplayPort', ' 1 x DVI-D\r\n1 x DVI-I', 'R9 270X GAMING 4G']]"
9SIB1PGJX98627,MSI Radeon HD 6950 2GB GDDR5 PCI Express 2.1 x16 CrossFireX Support Video Card with Eyefinity R6950 Twin Frozr III PE/OC,MSI,4.3,128.0,298.0,0,https://c1.neweggimages.com/ProductImageCompressAll300/14-127-575-03.jpg,"[[' 850 MHz', ' 2560 x 1600', ' 2 x Mini DisplayPort', ' 2 x DVI (1 Single Link, 1 Dual Link)', 'R6950 Twin Frozr III', '9SIB1PGJX98627']]"
9SIA8SVJMD0150,MSI Radeon RX 580 8GB GDDR5 PCI Express x16 CrossFireX Support Video Card RX 580 ARMOR 8G OC,MSI,4.2,226.0,494.99,0,https://c1.neweggimages.com/ProductImageCompressAll300/14-137-118-Z01.jpg,"[[' 2 x DisplayPort', ' 1 x DL-DVI-D', ' 2 x HDMI', ' 10.59"" x 4.92""', 'RX 580 ARMOR 8G OC']]"
9SIBBN9JEC3979,"GIGABYTE GeForce RTX 3060 GAMING OC 12G Graphics Card, 3 x WINDFORCE Fans, 12GB 192-bit GDDR6, GV-N3060GAMING OC-12GD Video Card",GIGABYTE,4.9,40.0,429.95,0,https://c1.neweggimages.com/ProductImageCompressAll300/14-932-402-V01.jpg,"[[' 7680 x 4320', ' 2 x DisplayPort 1.4a', ' 2 x HDMI 2.1', ' 11.10"" x 4.61""', 'GV-N3060GAMINGOC12GD']]"
9SIAY2WJZV4830,"EVGA GeForce RTX 3090 FTW3 ULTRA GAMING Video Card, 24G-P5-3987-KR, 24GB GDDR6X, iCX3 Technology, ARGB LED, Metal Backplate",EVGA,4.5,169.0,1689.99,0,https://c1.neweggimages.com/ProductImageCompressAll300/14-487-526-V01.jpg,"[[' 7680 x 4320', ' 3 x DisplayPort 1.4a', ' 1 x HDMI 2.1', ' 11.81"" x 5.38""', '24G-P5-3987-KR']]"
9SIB1PGFBX8059,MSI GeForce GTX 1650 4GB GDDR6 PCI Express 3.0 x16 Video Card GTX 1650 D6 GAMING X,MSI,5,25.0,379.0,0,https://c1.neweggimages.com/ProductImageCompressAll300/14-137-527-V06.jpg,"[[' 7680 x 4320', ' 2 x DisplayPort 1.4a', ' 1 x HDMI 2.0b', ' 9.65"" x 5.00""', 'GTX 1650 D6 GAMING X']]"
9SIA0ZXJT28877,PNY GeForce RTX 3050 8GB Verto Dual Fan VCG30508DFBPB1,"PNY Technologies, Inc.",,,250.08,Special Shipping,https://c1.neweggimages.com/ProductImageCompressAll300/14-133-852-07.jpg,"[[' 1552 MHz', ' 7680 × 4320 @60Hz (Digital)', ' 3 x DisplayPort 1.4', ' 1 x HDMI 2.1', 'VCG30508DFBPB1']]"
9SIAZUEJYH6125,Yeston Radeon RX 7600 8GD6 GDDR6 128bit video cards Desktop computer PC Video Graphics Cards support PCI-Express 4.0 3*DP+1*HDMI-compatible  graphics card 8GB Double Fans,yeston,,,399.0,0,https://c1.neweggimages.com/ProductImageCompressAll300/AZUES23060908X40M4C.jpg,"[[' 2250 MHz', ' 7680 x 4320', ' 3 x DisplayPort', ' 1 x HDMI', 'RX7600-8GD6 GA', '9SIAZUEJYH6125']]"
9SIARPHJRH2069,GIGABYTE AORUS GeForce RTX 3060 ELITE 12GB GDDR6 PCI Express 4.0 ATX Video Card GV-N3060AORUS E-12GD (rev. 2.0) (LHR),GIGABYTE,4.8,96.0,412.0,$49.99 Shipping,https://c1.neweggimages.com/ProductImageCompressAll300/14-932-431-01.jpg,"[[' 1867 MHz', ' 7680 x 4320', ' 2 x DisplayPort 1.4a', ' 2 x HDMI 2.1', 'GV-N3060AORUS E-12GD REV 2.0']]"
9SIB1PGFBY3390,EVGA SuperClocked w/ ACX Cooling 02G-P4-2774-KR G-SYNC Support GeForce GTX 770 2GB 256-bit GDDR5 PCI Express 3.0 SLI Support Video Card,EVGA,4.7,287.0,330.0,0,https://c1.neweggimages.com/ProductImageCompressAll300/14-130-921-26.jpg,"[[' 1111MHz', ' 4096 x 2160', ' 1 x DisplayPort', ' 1 x DVI-I\n1 x DVI-D', '02G-P4-2774-KR']]"
9SIAGGGHT29426,ASUS Dual GeForce GTX 1650 4GB GDDR6 PCI Express 3.0 Video Card DUAL-GTX1650-O4GD6-MINI,ASUS,4.5,36.0,189.99,$6.99 Shipping,https://c1.neweggimages.com/ProductImageCompressAll300/14-126-451-05.jpg,"[[' 1410 MHz', ' 7680 x 4320', ' 1 x DisplayPort 1.4', ' 1 x DVI-D', 'DUAL-GTX1650-O4GD6-M']]"
9SIAZUEK011151,Yeston Radeon RX 6650 XT 8GB D6 GDDR6 128bit 7nm Desktop computer PC Video Graphics Cards support PCI-Express 4.0 3*DP+1*HDMI-compatible graphics card Double Fans,yeston,,,349.0,0,https://c1.neweggimages.com/ProductImageCompressAll300/AZUES2306300GBUFQ4C.jpg,"[['RX6650XT-8G D6 GA', '9SIAZUEK011151']]"
9SIA24G28N4497,"Visiontek Radeon 6350 1GB DDR3 (DVI-I, HDMI, VGA)",VisionTek,5,4.0,62.69,0,https://c1.neweggimages.com/ProductImageCompressAll300/14-129-219-02.jpg,"[[' 650 MHz', ' 1 x DVI-I', ' 1 x HDMI', ' 5.90"" x 2.40""', '900479']]"
9SIB601GTS0307,HD6450 2GB 64Bit GDDR3 Graphic Card Video Card GPU DirectX 11 PCI Express 2.1 16X DVI-D/VGA/HDMI,Mannajue,,,44.99,0,https://c1.neweggimages.com/ProductImageCompressAll300/B601S220107J5nOp.jpg,"[[' 625MHz', ' 1 x DVI', ' 1 x HDMI', ' DirectX 11', 'HD6450 2GB', '9SIB601GTS0307']]"
9SIAPMXH448977,"ASUS TUF Gaming NVIDIA GeForce RTX 3080 O10G V2 GAMING Edition Graphics Card (PCIe 4.0, 10GB GDDR6X, LHR, HDMI 2.1, DisplayPort 1.4a, Dual Ball Fan Bearings, Military-grade Certification)",ASUS,5,4.0,854.9,0,https://c1.neweggimages.com/ProductImageCompressAll300/AWMSS211019r72Qa.jpg,"[[' 1440 MHz', ' 7680 x 4320', ' 3 x DisplayPort 1.4a', ' 2 x HDMI 2.1', 'ASUS TUF 3080 O10G V2 GAMING']]"
9SIAGSCJJY2764,ZOTAC ZT-60405-10L GeForce GT 630 Synergy Edition 4GB 128-bit DDR3 PCI Express 2.0 x16 HDCP Ready  Video Card,ZOTAC,3.4,21.0,129.99,0,https://c1.neweggimages.com/ProductImageCompressAll300/14-500-255-07.jpg,"[[' 810 MHz', ' 2560 x 1600', ' 2 x DVI', ' 1 x mini HDMI', 'ZT-60405-10L']]"
9SIAY2WJZZ6950,"GIGABYTE AORUS GeForce RTX 3090 MASTER 24GB Video Card, GV-N3090AORUS M-24GD",GIGABYTE,3.5,31.0,1436.02,$49.99 Shipping,https://c1.neweggimages.com/ProductImageCompressAll300/14-932-341-02.jpg,"[[' 7680 x 4320 @ 60 Hz', ' 3 x DisplayPort 1.4a', ' 2 x HDMI 2.1, 1 x HDMI 2.0', ' 12.56"" x 5.51""', 'GV-N3090AORUS M-24GD']]"
9SIB1PGJV23021,"GIGABYTE AORUS Radeon RX 6800 XT MASTER 16G Graphics Card, MAX-COVERED Cooling, 16GB 256-bit GDDR6, GV-R68XTAORUS M-16GD Video Card",GIGABYTE,4.8,6.0,1250.0,0,https://c1.neweggimages.com/ProductImageCompressAll300/14-932-395-12.jpg,"[[' 7680 x 4320', ' 2 x DisplayPort 1.4a', ' 2 x HDMI 2.1', ' 12.76"" x 5.51""', 'GV-R68XTAORUS M-16GD']]"
9SIARPHJRH2070,GIGABYTE Gaming OC GeForce RTX 3060 Ti 8GB GDDR6 PCI Express 4.0 ATX Video Card GV-N306TGAMING OC-8GD REV 2.0 (LHR),GIGABYTE,4.6,71.0,455.09,$49.99 Shipping,https://c1.neweggimages.com/ProductImageCompressAll300/14-932-468-01.jpg,"[[' 1740 MHz', ' 7680 x 4320', ' 2 x DisplayPort 1.4a', ' 2 x HDMI 2.1', 'GV-N306TGAMING OC-8G']]"
9SIB1PGG1Y2606,ASRock OC Formula Radeon RX 6900 XT 16GB GDDR6 PCI Express 4.0 ATX Video Card RX6900XT OCF 16G,ASRock,4.4,100.0,1640.0,0,https://c1.neweggimages.com/ProductImageCompressAll300/14-930-057-06.jpg,"[[' 2125 MHz', ' 7680 x 4320', ' 3 x DisplayPort 1.4 with DSC', ' 1 x HDMI 2.1 VRR', 'RX6900XT OCF 16G']]"
9SIB86XJ813370,51RISC Video Card RX590 8GB GME 256Bit 2304SP GDDR5 Graphics Cards For RX 590 Series Cards DisplayPort placa de video 580 GPU,51Risc,4.5,2.0,99.99,0,https://c1.neweggimages.com/ProductImageCompressAll300/B86XS23041703ZCSBAC.jpg,"[[' 1465 MHz', ' 4096 x 2160', ' 3 x DisplayPort', ' 1 x DVI', 'YJ RX590 8G GME', '9SIB86XJ813370']]"
9SIARPHJRH3363,ASUS ROG Strix GeForce RTX 3070 V2 OC Edition 8GB GDDR6 PCI Express 4.0 Video Card ROG-STRIX-RTX3070-O8G-V2-GAMING (LHR),ASUS,4.6,36.0,614.49,$49.99 Shipping,https://c1.neweggimages.com/ProductImageCompressAll300/14-126-518-V19.jpg,"[[' 7680 x 4320', ' 3 x DisplayPort 1.4a', ' 2 x HDMI 2.1', ' 12.53"" x 5.51""', 'STRIX-3070-O8G-V2-GA']]"
9SIAUNCK0V8782,"GIGABYTE GeForce RTX 4070 Ti EAGLE OC 12G Graphics Card, 3x WINDFORCE Fans, 12GB 192-bit GDDR6X, GV-N407TEAGLE OC-12GD Video Card",GIGABYTE,4.7,23.0,945.96,$49.99 Shipping,https://c1.neweggimages.com/ProductImageCompressAll300/14-932-581-14.jpg,"[[' 2625 MHz', ' 7680 x 4320', ' 3 x DisplayPort 1.4', ' 1 x HDMI 2.1', 'GV-N407TEAGLE OC-12GD']]"
9SIAY2WJZW1645,"EVGA GeForce RTX 3070 Ti XC3 ULTRA GAMING Video Card, 08G-P5-3785-KL, 8GB GDDR6X, iCX3 Cooling, ARGB LED, Metal Backplate",EVGA,4.8,25.0,920.99,0,https://c1.neweggimages.com/ProductImageCompressAll300/14-487-551-V07.jpg,"[[' 7680 x 4320', ' 3 x DisplayPort 1.4a', ' 1 x HDMI 2.1', ' 11.23"" x 4.38""', '08G-P5-3785-KL']]"
9SIAY2WJZW1626,"ZOTAC GAMING GeForce RTX 3090 Trinity OC 24GB GDDR6X 384-bit 19.5 Gbps PCIE 4.0 Gaming Graphics Card, IceStorm 2.0 Advanced Cooling, SPECTRA 2.0 RGB Lighting, ZT-A30900J-10P",ZOTAC,4.6,7.0,1440.99,0,https://c1.neweggimages.com/ProductImageCompressAll300/14-500-510-V01.jpg,"[[' 7680 x 4320', ' 3 x DisplayPort 1.4a', ' 1 x HDMI 2.1', ' 12.50"" x 4.75""', 'ZT-A30900J-10P']]"
9SIB1PGJUJ3722,MSI Radeon RX Vega 56 8GB HBM2 PCI Express x16 CrossFireX Support Video Card Vega 56 AIR BOOST 8G,MSI,3.5,2.0,585.0,0,https://c1.neweggimages.com/ProductImageCompressAll300/14-137-328-V01.jpg,"[[' 1156 MHz', ' 3 x DisplayPort', ' 1 x HDMI', ' 10.63"" x 4.33""', 'Vega 56 AIR BOOST 8G', '9SIB1PGJUJ3722']]"
9SIB1PGJUF9508,MSI Radeon HD 6950 2GB GDDR5 PCI Express 2.1 x16 CrossFireX Support Video Card with Eyefinity R6950 Twin Frozr II OC,MSI,4,84.0,298.0,0,https://c1.neweggimages.com/ProductImageCompressAll300/14-127-562-03.jpg,"[[' 810MHz', ' 2560 x 1600', ' 2 x Mini DisplayPort', ' 2 x DVI (1 Single Link, 1 Dual Link)', 'R6950 Twin Frozr II', '9SIB1PGJUF9508']]"
9SIB1PGJUN9329,MSI Radeon HD 7870 GHz Edition 2GB GDDR5 PCI Express 3.0 x16 CrossFireX Support Video Card R7870 Twin Frozr 2GD5/OC,MSI,4.1,42.0,345.0,0,https://c1.neweggimages.com/ProductImageCompressAll300/14-127-662-08.jpg,"[[' 1050MHz', ' 2 x Mini DisplayPort', ' 1 x DVI', ' 1 x HDMI', 'R7870 Twin Frozr 2GD', '9SIB1PGJUN9329']]"
9SIB1PGJVD6168,MSI GeForce GTX 960 4GB GDDR5 PCI Express 3.0 SLI Support ATX Video Card GTX 960 4GD5T OC,MSI,4.4,31.0,428.0,0,https://c1.neweggimages.com/ProductImageCompressAll300/14-127-894-06.jpg,"[[' 1178 MHz', ' 3 x DisplayPort', ' 1 x DL-DVI-I', ' 1 x HDMI', 'GTX 960 4GD5T OC', '9SIB1PGJVD6168']]"
9SIB1PGFBY1772,XFX Radeon HD 6950 2GB GDDR5 PCI Express 2.1 x16 CrossFireX Support Video Card with Eyefinity HD-695A-CNFC,XFX,4.8,121.0,298.0,0,https://c1.neweggimages.com/ProductImageCompressAll300/14-150-518-04.jpg,"[[' 800 MHz', ' 2560 x 1600', ' 2 x Mini DisplayPort', ' 2 x DVI', 'HD-695A-CNFC', '9SIB1PGFBY1772']]"
9SIB1PGJPM8646,"ZOTAC GAMING GeForce RTX 3070 Twin Edge OC LHR 8GB GDDR6 256-bit 14 Gbps PCIE 4.0 Gaming Graphics Card, IceStorm 2.0 Advanced Cooling, White LED Logo Lighting, ZT-A30700H-10PLHR",ZOTAC,,,579.0,0,https://c1.neweggimages.com/ProductImageCompressAll300/AKRFS211101n2XBr.jpg,[['ZOTAC ZT-A30700H-10PLHR']]
9SIARPHJS21413,"GIGABYTE AORUS GeForce RTX 3070 MASTER 8GB Video Card, GV-N3070AORUS M-8GD",GIGABYTE,4.5,160.0,546.94,$49.99 Shipping,https://c1.neweggimages.com/ProductImageCompressAll300/14-932-359-V06.jpg,"[[' 1845 MHz', ' 7680 x 4320', ' 3 x DisplayPort 1.4a', ' 2 x HDMI 2.1, 1 x HDMI 2.0 (The middle HDMI output supports up to HDMI 2.0)', 'GV-N3070AORUS M-8GD']]"
9SIBMWJJW81752,MSI Gaming GeForce RTX 3070 8GB GDDR6 PCI Express 4.0 ATX Video Card RTX 3070 GAMING Z TRIO,MSI,4.5,4.0,519.44,$49.99 Shipping,https://c1.neweggimages.com/ProductImageCompressAll300/14-137-655-V08.jpg,"[[' 7680 x 4320', ' 3 x DisplayPort 1.4', ' 1 x HDMI 2.1', ' 12.72"" x 5.51""', 'RTX3070GamingZTrio']]"
9SIB1PGFBY5643,MSI Radeon R9 290X GAMING 4GB 512-bit GDDR5 PCI Express 3.0 x16 HDCP Ready CrossFireX Support Video Card,MSI,3.9,45.0,329.0,0,https://c1.neweggimages.com/ProductImageCompressAll300/14-127-773-17.jpg,"[[' 1040MHz (OC mode) \r\n1030MHz (Gaming mode) \r\n1000MHz (Silent mode)', ' 2560 x 1600', ' 1 x DisplayPort', ' 2 x DVI-D', 'R9 290X GAMING 4G']]"
9SIAMJDJVC9210,ASUS ROG Strix GeForce RTX 3060 12GB GDDR6 PCI Express 4.0 Video Card ROG-STRIX-RTX3060-O12G-V2-GAMING,ASUS,4.7,141.0,,$52.83 Shipping,https://c1.neweggimages.com/ProductImageCompressAll300/14-126-522-V18.jpg,"[[' 7680 x 4320', ' 3 x DisplayPort 1.4a', ' 2 x HDMI 2.1', ' 11.81"" x 5.26""', 'STRIX-3060-O12G-V2-G']]"
9SIB1PGJUJ3738,MSI Radeon RX 580 8GB GDDR5 PCI Express x16 CrossFireX Support Video Card Radeon RX 580 8G V1,MSI,3.7,73.0,580.0,0,https://c1.neweggimages.com/ProductImageCompressAll300/14-137-244-V03.jpg,"[[' 3 x DisplayPort 1.4', ' 1 x HDMI 2.0b', ' 7.80"" x 4.41""', ' 2 Slots', 'Radeon RX 580 8G V1', '9SIB1PGJUJ3738']]"
9SIAY2WJZZ0927,"EVGA GeForce RTX 3070 Ti FTW3 ULTRA GAMING Video Card, 08G-P5-3797-KL, 8GB GDDR6X, iCX3 Technology, ARGB LED, Metal Backplate",EVGA,4.8,175.0,920.99,0,https://c1.neweggimages.com/ProductImageCompressAll300/14-487-550-V30.jpg,"[[' 7680 x 4320', ' 3 x DisplayPort 1.4a', ' 1 x HDMI 2.1', ' 11.81"" x 5.38""', '08G-P5-3797-KL']]"
9SIAFVFJJA1454,GIGABYTE AORUS GeForce RTX 4080 16GB GDDR6X PCI Express 4.0 x16 ATX Video Card GV-N4080AORUS M-16GD,GIGABYTE,4.5,13.0,1312.44,$24.76 Shipping,https://c1.neweggimages.com/ProductImageCompressAll300/14-932-559-15.jpg,"[[' 7680 x 4320', ' 3 x DisplayPort 1.4a', ' 1 x HDMI 2.1', ' DirectX 12', 'GV-N4080AORUS M-16GD']]"
9SIARPHJRH2123,"ASUS ROG Strix NVIDIA GeForce RTX 3060 Ti V2 OC Edition Gaming Graphics Card (PCIe 4.0, 8GB GDDR6, LHR, HDMI 2.1, DisplayPort 1.4a, Axial-tech Fan Design, 2.9-slot, Super Alloy Power II, GPU Tweak II)",ASUS,4.8,88.0,546.05,$49.99 Shipping,https://c1.neweggimages.com/ProductImageCompressAll300/14-126-529-01.jpg,"[[' 7680 x 4320', ' 3 x DisplayPort 1.4a', ' 2 x HDMI 2.1', ' 12.53"" x 5.51""', 'RTX3060TI-O8G-V2-GAM']]"
9SIBFVPJTZ0566,"EVGA GeForce RTX 2060 12GB XC GAMING, 12G-P4-2263-KR, 12GB GDDR6, Dual Fans, Metal Backplate",EVGA,5,23.0,591.53,0,https://c1.neweggimages.com/ProductImageCompressAll300/14-487-564-01.jpg,"[[' 7680 x 4320', ' 1 x DisplayPort 1.4', ' Dual-Link DVI-D', ' 1 x HDMI 2.0b', '12G-P4-2263-KR']]"
9SIARPHJT66628,MSI Gaming GeForce RTX 3080 10GB GDDR6X PCI Express 4.0 Video Card RTX 3080 GAMING X TRIO 10G,MSI,4.5,112.0,800.89,$49.99 Shipping,https://c1.neweggimages.com/ProductImageCompressAll300/14-137-597-V21.jpg,"[[' 7680 x 4320', ' 3 x DisplayPort 1.4a', ' 1 x HDMI 2.1', ' 12.72"" x 5.51""', '3080GamingXTrio10G']]"
9SIAUNCK0V8795,MSI Suprim GeForce RTX 4070 Ti 12GB GDDR6X PCI Express 4.0 Video Card RTX 4070 Ti SUPRIM 12G,MSI,5,6.0,1089.99,$49.99 Shipping,https://c1.neweggimages.com/ProductImageCompressAll300/14-137-777-05.jpg,"[[' 7680 x 4320', ' 3 x DisplayPort 1.4a', ' 1 x HDMI 2.1a', ' DirectX 12 Ultimate', 'RTX 4070 Ti SUPRIM 12G']]"
9SIA4YUH275206,MSI Geforce RTX 3060 TI VENTUS 2X 8G OC V1 LHR 8GB GDDR6 Graphics Card,MSI,,,565.76,Special Shipping,https://c1.neweggimages.com/ProductImageCompressAll300/A4YUD22022810WZ8N59.jpg,"[['V397-232R', '9SIA4YUH275206']]"
9SIB1PGJPG9734,MSI Ventus GeForce RTX 3080 12GB GDDR6X PCI Express 4.0 Video Card RTX 3080 VENTUS 3X PLUS 12G OC LHR,MSI,4.6,167.0,1410.0,0,https://c1.neweggimages.com/ProductImageCompressAll300/14-137-712-S07.jpg,"[[' 7680 x 4320', ' 3 x DisplayPort 1.4a', ' 1 x HDMI 2.1', ' 12.01"" x 4.72""', 'RTX 3080 VENTUS 3X PLUS 12G OC LHR']]"
9SIA4YUJXM0774,MSI GeForce RTX 3060 Ti Ventus 3X OC Triple Fan Graphics Card - 8GB,MSI,,,506.47,Special Shipping,https://c1.neweggimages.com/ProductImageCompressAll300/A4YUD23060106TOZRF9.jpg,[['GEFORCE RTX 3060 TI VENTUS 3X 8GD6X OC']]
9SIAFVFJ2H8372,ASUS Phoenix Radeon RX 6400 4GB GDDR6 PCI Express 4.0 CrossFireX Support Video Card PH-RX6400-4G,ASUS,5,1.0,190.22,$16.99 Shipping,https://c1.neweggimages.com/ProductImageCompressAll300/14-126-569-S01.jpg,"[[' 7680 x 4320', ' 1 x DisplayPort 1.4a', ' 1 x HDMI 2.1', ' 7.72"" x 5.06""', 'PH-RX6400-4G']]"
9SIAGSCJJY2799,ZOTAC GeForce GT 640 2GB DDR3 PCI Express 3.0 x16 Video Card ZT-60201-10L,ZOTAC,3.8,17.0,139.99,0,https://c1.neweggimages.com/ProductImageCompressAll300/14-500-256-02.jpg,"[[' 900 MHz', ' 2560 x 1600', ' 2 x DVI', ' 1 x mini HDMI', 'ZT-60201-10L']]"
9SIAPRHK0T3917,ASUS Dual Radeon RX 6400 4GB GDDR6 PCI Express 4.0 CrossFireX Support Video Card DUAL-RX6400-4G,ASUS,5,4.0,199.99,0,https://c1.neweggimages.com/ProductImageCompressAll300/14-126-568-S03.jpg,"[[' 7680 x 4320', ' 1 x DisplayPort 1.4a', ' 1 x HDMI 2.1', ' 7.91"" x 4.88""', 'DUAL-RX6400-4G']]"
9SIAY2WK0A4993,MSI Gaming GeForce RTX 3080 Ti 12GB GDDR6X PCI Express 4.0 Video Card RTX 3080 Ti Gaming X Trio 12G,MSI,4.6,171.0,1098.68,$49.99 Shipping,https://c1.neweggimages.com/ProductImageCompressAll300/14-137-650-V01.jpg,"[[' 7680 x 4320', ' 3 x DisplayPort 1.4a', ' 1 x HDMI 2.1', ' 12.76"" x 5.51""', 'RTX 3080 ti Gaming X Trio 12G']]"
9SIBBN9JWP2498,ZOTAC GeForce GTX 1060 6GB GDDR5X PCI Express 3.0 Video Card ZT-P10620A-10M,ZOTAC,4.4,106.0,379.31,0,https://c1.neweggimages.com/ProductImageCompressAll300/14-500-454-V08.jpg,"[[' 1506 MHz', ' 3 x DisplayPort 1.4', ' 1 x DL-DVI-D', ' 1 x HDMI 2.0b', 'ZT-P10620A-10M']]"
9SIBBB1K0D8896,"ASUS TUF Gaming Radeon RX 6700 XT OC Edition Graphics Card (AMD RDNA 2, PCIe 4.0, 12GB GDDR6, HDMI 2.1, DisplayPort 1.4a, Dual Ball Fan Bearings, All-aluminum Shroud, Reinforced Frame, GPU Tweak II)",ASUS,4.7,33.0,619.99,$49.99 Shipping,https://c1.neweggimages.com/ProductImageCompressAll300/14-126-499-16.jpg,"[[' 7680 x 4320', ' 3 x DisplayPort 1.4a', ' 1 x HDMI 2.1', ' 12.68"" x 5.98""', 'TUF-RX6700XT-O12G-GA']]"
9SIAY2WJZY7104,"EVGA GeForce RTX 2070 SUPER XC ULTRA GAMING, 08G-P4-3173-KR, 8GB GDDR6, Dual HDB Fans, RGB LED, Metal Backplate",EVGA,4.5,105.0,671.99,0,https://c1.neweggimages.com/ProductImageCompressAll300/14-487-453-99.jpg,"[[' 7680 x 4320', ' 3 x DisplayPort 1.4', ' 1 x HDMI 2.0b', ' 10.62"" x 4.38""', '08G-P4-3173-KR']]"
9SIAFVFH173350,ASUS ROG Strix GeForce RTX 3050 8GB GDDR6 PCI Express 4.0 Video Card ROG-STRIX-RTX3050-O8G-GAMING,ASUS,4.8,54.0,411.11,$20.00 Shipping,https://c1.neweggimages.com/ProductImageCompressAll300/14-126-556-25.jpg,"[[' 7680 x 4320', ' 3 x DisplayPort 1.4a', ' 2 x HDMI 2.1', ' 11.81"" x 5.26""', 'ROG-STRIX-RTX3050-O8G-GAMING']]"
9SIA25VJU53529,"ASUS TUF Gaming NVIDIA GeForce RTX 4070 Gaming Graphics Card (PCIe 4.0, 12GB GDDR6X, HDMI 2.1, DisplayPort 1.4a) TUF-RTX4070-12G-GAMING",ASUS,5,2.0,777.95,0,https://c1.neweggimages.com/ProductImageCompressAll300/14-126-641-V01.jpg,"[[' 2475', ' 7680 x 4320', ' 3 x DisplayPort 1.4a', ' 1 x HDMI 2.1', 'TUF-RTX4070-12G-GAMING', '9SIA25VJU53529']]"
9SIB1PGJVE0156,MSI Radeon HD 5770 1GB GDDR5 PCI Express 2.1 x16 CrossFireX Support Video Card R5770 Hawk,MSI,4.4,348.0,268.0,0,https://c1.neweggimages.com/ProductImageCompressAll300/14-127-490-08.jpg,"[[' 875MHz', ' 2560 x 1600', ' 1 x DisplayPort', ' 1 x DVI', 'R5770 Hawk', '9SIB1PGJVE0156']]"
9SIB1PGJX49011,MSI Radeon R7 370 2GB GDDR5 PCI Express 3.0 x16 CrossFireX Support ATX Video Card R7 370 2GD5T OC,MSI,4.5,6.0,310.0,0,https://c1.neweggimages.com/ProductImageCompressAll300/14-127-886-12.jpg,"[[' 970 MHz', ' 4096 x 2160', ' 1 x DisplayPort 1.2', ' 1 x DL-DVI-I\r\n1 x DL-DVI-D', 'R7 370 2GD5T OC', '9SIB1PGJX49011']]"
9SIB1PGJUJ3687,MSI Ventus GeForce GTX 1650 4GB GDDR5 PCI Express 3.0 x16 Video Card GTX 1650 VENTUS XS 4G,MSI,,,379.0,0,https://c1.neweggimages.com/ProductImageCompressAll300/14-137-726-V01.jpg,"[[' 7680 x 4320', ' 1 x DisplayPort 1.4a', ' 1 x DL-DVI-D', ' 1 x HDMI 2.0b', 'GTX 1650 VENTUS XS 4G']]"
9SIB1PGJUN9315,GIGABYTE Radeon HD 7870 GHz Edition 2GB GDDR5 PCI Express 3.0 x16 CrossFireX Support Video Card GV-R787OC-2GD,GIGABYTE,4.3,268.0,345.0,0,https://c1.neweggimages.com/ProductImageCompressAll300/14-125-418-03.jpg,"[[' 1100MHz (Std 1000)', ' 2 x Mini DisplayPort', ' 1 x DVI', ' 1 x HDMI', 'GV-R787OC-2GD', '9SIB1PGJUN9315']]"
9SIB1PGJUR0781,MSI Radeon HD 6970 2GB GDDR5 PCI Express 2.1 x16 CrossFireX Support Video Card R6970 Lightning,MSI,4.1,101.0,325.0,0,https://c1.neweggimages.com/ProductImageCompressAll300/14-127-581-02.jpg,"[[' 940MHz', ' 2560 x 1600', ' 2 x Mini DisplayPort', ' 2 x DVI (1 Single Link, 1 Dual Link)', 'R6970 Lightning', '9SIB1PGJUR0781']]"
9SIB1PGJWF5216,MSI R7970 TF 3GD5/OC BE Radeon HD 7970 3GB Twin Frozr OC Boost Edition 384-bit GDDR5 PCI Express 3.0 x16 HDCP Ready CrossFireX Support Video Card,MSI,3.7,53.0,498.0,0,https://c1.neweggimages.com/ProductImageCompressAll300/14-127-732-08.jpg,"[[' 1000 MHz', ' 2560 x 1600', ' 2 x Mini DisplayPort', ' 1 x DVI', 'R7970 TF 3GD5/OC BE', '9SIB1PGJWF5216']]"
9SIASGMHS27365,"GIGABYTE GeForce RTX 3050 EAGLE OC 8G Graphics Card, 2x WINDFORCE Fans, 8GB GDDR6 128-bit GDDR6, GV-N3050EAGLE OC-8GD Video Card",GIGABYTE,4.8,24.0,299.99,0,https://c1.neweggimages.com/ProductImageCompressAll300/14-932-498-01.jpg,"[[' 1792 MHz', ' 7680 x 4320', ' 2 x DisplayPort 1.4a', ' 2 x HDMI 2.1', 'GV-N3050EAGLE OC-8GD']]"
9SIAUNCK0V8799,SAPPHIRE NITRO+ Radeon RX 7900 XT 20GB GDDR6 PCI Express 4.0 x16 ATX Video Card 11323-01-40G,Sapphire Tech,4.8,17.0,989.98,$49.99 Shipping,https://c1.neweggimages.com/ProductImageCompressAll300/14-202-430-V03.jpg,"[[' 7680 x 4320', ' 2 x DisplayPort 2.1', ' 2 x HDMI 2.1', ' 4 Slots', '11323-01-40G']]"
9SIAY2WJZW1654,"EVGA GeForce RTX 3070 FTW3 ULTRA GAMING Video Card, 08G-P5-3767-KL, 8GB GDDR6, iCX3 Technology, ARGB LED, Metal Backplate, LHR",EVGA,4.9,55.0,790.95,0,https://c1.neweggimages.com/ProductImageCompressAll300/14-487-544-V04.jpg,"[[' 7680 x 4320', ' 3 x DisplayPort 1.4a', ' 1 x HDMI 2.1', ' 11.81"" x 5.38""', '08G-P5-3767-KL']]"
9SIB601JXX3763,"RX6600 8G GDDR6 128Bit RX 6600 8G Graphic Cards, 1792SP,  GDDR6, 128 Bit, Pc Gaming Radeon Video Card,3XDP, HDMI, PCI Express 4.0 for Desktop Computer Gaming Gpu",Mannajue,,,199.99,0,https://c1.neweggimages.com/ProductImageCompressAll300/B601S2306050DA71N73.jpg,"[[' 7680 x 4320', ' 3 x DisplayPort', ' 1 x HDMI', ' DirectX 12', 'RX6600 8G', '9SIB601JXX3763']]"
9SIAY2WJZW1650,"EVGA GeForce RTX 3080 FTW3 ULTRA GAMING Video Card, 10G-P5-3897-KL, 10GB GDDR6X, iCX3 Technology, ARGB LED, Metal Backplate, LHR",EVGA,4.8,174.0,1159.99,0,https://c1.neweggimages.com/ProductImageCompressAll300/14-487-541-V01.jpg,"[[' 7680 x 4320', ' 3 x DisplayPort 1.4a', ' 1 x HDMI 2.1', ' 11.81"" x 5.38""', '10G-P5-3897-KL']]"
9SIAYTVGZS4186,MSI Ventus GeForce RTX 3050 8GB GDDR6 PCI Express 4.0 Video Card RTX 3050 Ventus 2X 8G,MSI,,,319.99,$49.99 Shipping,https://c1.neweggimages.com/ProductImageCompressAll300/14-137-715-S01.jpg,"[[' 7680 x 4320', ' 3 x DisplayPort 1.4a', ' 1 x HDMI 2.1', ' 9.25"" x 4.88""', 'RTX 3050 Ventus 2X 8G']]"
9SIAGSCJJY2758,EVGA GeForce GT 740 2GB GDDR5 PCI Express 3.0 x16 Video Card 02G-P4-3747-KR,EVGA,4.3,7.0,129.99,0,https://c1.neweggimages.com/ProductImageCompressAll300/17Z-0025-00001-01.jpg,"[[' 1085 MHz', ' 4096 x 2160', ' 2 x DVI', ' 1 x mini HDMI', '02G-P4-3747-KR', '9SIAGSCJJY2758']]"
9SIBF3CJUM7439,"PELADN AMD Radeon RX 6750 XT 12GD6 TAICHI OC PCI Express 4.0 Video Card,192-Bit GDDR6,2560 CUDA Cores Video Card",Peladn,,,379.0,0,https://c1.neweggimages.com/ProductImageCompressAll300/ANWTS2305110T92QU83.jpg,[['RX 6750 XT']]
9SIAGSCJJY2754,EVGA GeForce GTX 1060 FTW+ Gaming 3GB GDDR5 PCI Express 3.0 FTW+ GAMING ACX 3.0 Video Card 03G-P4-6367-KR,EVGA,4.6,5.0,359.99,0,https://c1.neweggimages.com/ProductImageCompressAll300/14-487-272-S99.jpg,"[[' 1632 MHz', ' 7680 x 4320', ' 3 x DisplayPort 1.4', ' 1 x Dual-Link DVI-D', '03G-P4-6367-KR']]"
9SIBMWJJW81812,GIGABYTE Vision OC GeForce RTX 3070 8GB GDDR6 PCI Express 4.0 ATX Video Card GV-N3070VISION OC-8GD (rev. 2.0) (LHR),GIGABYTE,4.5,62.0,535.0,$49.99 Shipping,https://c1.neweggimages.com/ProductImageCompressAll300/14-932-450-01.jpg,"[[' 1815 MHz', ' 7680 x 4320', ' 2 x DisplayPort 1.4a', ' 2 x HDMI 2.1', 'GV-N3070VISION OC-8G']]"
9SIAXJ8JRR6174,"ZOTAC GAMING GeForce RTX 3060 Twin Edge 12GB GDDR6 192-bit 15 Gbps PCIE 4.0 Gaming Graphics Card, IceStorm 2.0 Cooling, Active Fan Control, FREEZE Fan Stop, ZT-A30600E-10M",ZOTAC,4.1,8.0,389.99,0,https://c1.neweggimages.com/ProductImageCompressAll300/14-500-509-V08.jpg,"[[' 7680 x 4320', ' 3 x DisplayPort 1.4a', ' 1 x HDMI 2.1', ' 8.82"" x 4.58""', 'ZT-A30600E-10M']]"
9SIBMWJJWP6776,MSI GeForce GTX 1660 Ti 6GB GDDR6 PCI Express 3.0 x16 Video Card GTX 1660 TI GAMING X 6G,MSI,4.6,131.0,328.48,$49.99 Shipping,https://c1.neweggimages.com/ProductImageCompressAll300/14-137-391-01.jpg,"[[' 7680 x 4320', ' 3 x DisplayPort 1.4', ' 1 x HDMI 2.0b', ' 9.72"" x 5.00""', 'GTX1660TiGAMING X 6G']]"
9SIAYTVJCD1333,MSI Ventus GeForce RTX 3070 8GB GDDR6 PCI Express 4.0 Video Card RTX 3070 VENTUS 3X PLUS 8G OC LHR,MSI,4.8,13.0,629.99,$49.99 Shipping,https://c1.neweggimages.com/ProductImageCompressAll300/14-137-739-S01.jpg,"[[' 1755 MHz', ' 7680 x 4320', ' 3 x DisplayPort 1.4a', ' 1 x HDMI 2.1', 'RTX 3070 VENTUS 3X PLUS 8G OC LHR']]"
9SIB601JAD8918,"GTX 1060 192-Bit 3GB GDDR5 Graphic Card with dual fans DirectX12 Video Card GPU PCI Express 3.0 DP/DVI-D/HDMI,Play for LOL,PUBG,OW,War Thunder etc.",Mannajue,,,109.99,0,https://c1.neweggimages.com/ProductImageCompressAll300/B601S2210310VBVR60D.jpg,"[[' 7680×4320', ' 1 x DisplayPort', ' 1 x DVI', ' 1 x HDMI', '10603', '9SIB601JAD8918']]"
9SIBJR8JYT1617,MSI Ventus GeForce RTX 3070 8GB GDDR6 PCI Express 4.0 Video Card RTX 3070 VENTUS 2X,MSI,5,1.0,428.99,0,https://c1.neweggimages.com/ProductImageCompressAll300/14-137-605-V01.jpg,"[[' 7680 x 4320', ' 3 x DisplayPort 1.4a', ' 1 x HDMI 2.1', ' 9.13"" x 4.88""', 'RTX 3070 VENTUS 2X']]"
9SIA7ABJYY6781,PNY VERTO GeForce RTX 4060 Ti 8GB GDDR6 PCI Express 4.0 x8 ATX Video Card VCG4060T8DFXPB1,"PNY Technologies, Inc.",,,441.93,0,https://c1.neweggimages.com/ProductImageCompressAll300/14-133-858-01.jpg,"[[' 2310 MHz', ' 7680 x 4320', ' 3 x DisplayPort 1.4', ' 1 x HDMI 2.1', 'VCG4060T8DFXPB1']]"
9SIAPNMJVT0267,"ZOTAC GAMING GeForce RTX 3070 AMP Holo LHR 8GB GDDR6 256-bit 14 Gbps PCIE 4.0 Gaming Graphics Card, HoloBlack, IceStorm 2.0 Advanced Cooling, SPECTRA 2.0 RGB Lighting, ZT-A30700F-10PLHR",ZOTAC,,,450.0,0,https://c1.neweggimages.com/ProductImageCompressAll300/1FT-000M-003A1-02.jpg,"[[' 7680 x 4320', ' 3 x DisplayPort 1.4a', ' 1 x HDMI 2.1', ' 11.50"" x 5.60""', 'ZT-A30700F-10PLHR']]"
9SIBMWJJWP6780,MSI GeForce GTX 1660 SUPER DirectX 12 GTX 1660 SUPER AERO ITX OC 6GB 192-Bit GDDR6 PCI Express 3.0 x16 HDCP Ready ITX Video Card,MSI,,,299.0,$49.99 Shipping,https://c1.neweggimages.com/ProductImageCompressAll300/14-137-509-S01.jpg,"[[' 7680 x 4320', ' 1 x DisplayPort 1.4', ' 1 x DL-DVI-D', ' 1 x HDMI 2.0b', 'GEFORCE GTX 1660 SUP']]"
9SIAY2WJZZ6945,"GIGABYTE GeForce RTX 3090 EAGLE 24GB Video Card, GV-N3090EAGLE-24GD",GIGABYTE,4.3,7.0,1289.64,$49.99 Shipping,https://c1.neweggimages.com/ProductImageCompressAll300/14-932-366-01.jpg,"[[' 1695 MHz', ' 7680 x 4320 @ 60 Hz', ' 3 x DisplayPort 1.4a', ' 2 x HDMI 2.1', 'GV-N3090EAGLE-24GD']]"
9SIB1PGJUF9551,MSI Radeon HD 6950 2GB GDDR5 PCI Express 2.1 x16 CrossFireX Support Video Card with Eyefinity R6950 Twin Frozr II,MSI,4,38.0,298.0,0,https://c1.neweggimages.com/ProductImageCompressAll300/14-127-588-02.jpg,"[[' 800 MHz', ' 2560 x 1600', ' 2 x Mini DisplayPort', ' 2 x DVI (1 Single Link, 1 Dual Link)', 'R6950 TF II', '9SIB1PGJUF9551']]"
9SIB1PGJVD5884,MSI Radeon HD 7970 3GB GDDR5 PCI Express 3.0 x16 CrossFireX Support Video Card R7970-2PMD3GD5,MSI,4.4,32.0,498.0,0,https://c1.neweggimages.com/ProductImageCompressAll300/14-127-645-08.jpg,"[[' 925 MHz', ' 4096 x 2160 (HDMI)\r\n4096 x 2160 (DisplayPort)\r\n2560 x 1600 (DL-DVI)', ' 2 x Mini DisplayPort', ' 1 x DVI', 'R7970-2PMD3GD5', '9SIB1PGJVD5884']]"
9SIB1PGJVE0226,MSI Radeon HD 7970 3GB GDDR5 PCI Express 3.0 x16 CrossFireX Support Video Card R7970-2PMD3GD5/OC,MSI,4.1,31.0,498.0,0,https://c1.neweggimages.com/ProductImageCompressAll300/14-127-652-10.jpg,"[[' 1010MHz', ' 4096 x 2160 (HDMI)\r\n4096 x 2160 (DisplayPort)\r\n2560 x 1600 (DL-DVI)', ' 2 x Mini DisplayPort', ' 1 x DVI', 'R7970-2PMD3GD5/OC', '9SIB1PGJVE0226']]"
9SIB1PGJVE0759,MSI Radeon HD 4550 1GB GDDR3 PCI Express 2.0 x16 CrossFireX Support Low Profile Ready Video Card R4550-MD1GH,MSI,4.4,124.0,194.0,0,https://c1.neweggimages.com/ProductImageCompressAll300/14-127-458-03.jpg,"[[' 600 MHz', ' 2560 x 1600', ' 1 x DVI', ' 1 x HDMI', 'R4550-MD1GH', '9SIB1PGJVE0759']]"
9SIAFVFJU19298,Gigabyte NVIDIA GeForce RTX 4070 Graphic Card - 12 GB GDDR6X - 2.57 GHz Core - 192 bit Bus Width - PCI Express 4.0 - DisplayPort - HDMI,GIGABYTE,,,667.44,$21.19 Shipping,https://c1.neweggimages.com/ProductImageCompressAll300/A24GD2305040CGL2H23.jpg,[['GV-N4070GAMING OC-12']]
9SIBMWJJX67453,"GIGABYTE GeForce RTX 2070 Super GAMING OC 3X 8G Graphics Card, 3 x WINDFORCE Fans, 8GB 256-Bit GDDR6, GV-N207SGAMING OC-8GD Video Card",GIGABYTE,4.3,184.0,534.18,$49.99 Shipping,https://c1.neweggimages.com/ProductImageCompressAll300/14-932-212-V04.jpg,"[[' 1815 MHz', ' 7680 x 4320 @ 60 Hz', ' 3 x DisplayPort 1.4', ' 1 x HDMI 2.0b', 'GV-N207SGAMINGOC-8GD']]"
9SIBFVPJV32183,"GIGABYTE GeForce RTX 3060 EAGLE OC 12G Graphics Card, 2 x WINDFORCE Fans, 12GB 192-bit GDDR6, GV-N3060EAGLE OC-12GD Video Card",GIGABYTE,4.7,7.0,399.99,0,https://c1.neweggimages.com/ProductImageCompressAll300/14-932-403-V01.jpg,"[[' 7680 x 4320', ' 2 x DisplayPort 1.4a', ' 2 x HDMI 2.1', ' 9.53"" x 4.88""', 'GV-N3060EAGLE OC12GD']]"
9SIB601HAJ4518,Graphics HD7450 2GB GDDR3 64 Bit PCIE 2.0 HDMI-Compatible+VGA+DVI Interface Video Card with Cooling Fan,Mannajue,4.3,7.0,49.99,0,https://c1.neweggimages.com/ProductImageCompressAll300/B601S220318UgT5Y.jpg,"[['NEWHD7450 2GB', '9SIB601HAJ4518']]"
9SIBMWJJW81755,"GIGABYTE GeForce RTX 3070 VISION OC 8GB Video Card, GV-N3070VISION OC-8GD",GIGABYTE,4.5,122.0,540.5,$49.99 Shipping,https://c1.neweggimages.com/ProductImageCompressAll300/14-932-360-V07.jpg,"[[' 1815 MHz', ' 7680 x 4320', ' 2 x DisplayPort 1.4a', ' 2 x HDMI 2.1', 'GV-N3070VISIONOC-8GD']]"
9SIB9ZZK029512,PowerColor Hellhound Spectral White Radeon RX 7900 XTX Video Card RX7900XTX 24G-L/OC/WHITE,PowerColor,4.5,2.0,1249.9,0,https://c1.neweggimages.com/ProductImageCompressAll300/14-131-812-01.jpg,"[[' 7680 x 4320', ' 3 x DisplayPort 2.1', ' 1 x HDMI 2.1', ' 3 Slots', 'RX7900XTX 24G-L/OC/WHITE']]"
9SIB601JN80697,GTX 1060 6GB 192Bit GDDR5 GPU Video Card For Gefore Games Stronger than GTX 1050Ti,Mannajue,,,159.0,0,https://c1.neweggimages.com/ProductImageCompressAll300/B601S2306120T9MMT0C.jpg,"[[' 1 x DisplayPort', ' 1 x DVI', ' 1 x HDMI', ' DirectX 12', 'Mannajue03254', '9SIB601JN80697']]"
9SIASGMD8H3991,"ASUS CERBERUS-GTX1050TI-A4G - Advanced Edition - graphics card - GF GTX 1050 Ti - 4 GB GDDR5 - PCIe 3.0 x16 - DVI, HDMI,",ASUS,5,1.0,189.99,0,https://c1.neweggimages.com/ProductImageCompressAll300/ADWF_1_201901072049018990.jpg,"[[' 75W', '90YV0A75-M0NA00']]"
9SIBMWJJVZ9109,"GIGABYTE GeForce RTX 3080 GAMING OC 12G Graphics Card, 3 x WINDFORCE Fans, 12GB 384-bit GDDR6X, GV-N3080GAMING OC-12GD Video Card",GIGABYTE,4.6,88.0,1040.8,$49.99 Shipping,https://c1.neweggimages.com/ProductImageCompressAll300/14-932-489-V01.jpg,"[[' 1755 MHz', ' 7680 x 4320', ' 3 x DisplayPort 1.4a', ' 2 x HDMI 2.1', 'GV-N3080GAMING OC-12GD']]"
9SIB601J4S6477,GTX1050Ti 4G 128-Bit GDDR5 PCI Express 3.0 DirectX 12 Gaming Video Card Gaming GPU,Mannajue,,,139.99,0,https://c1.neweggimages.com/ProductImageCompressAll300/B601S2210060A9XHH63.jpg,"[[' 1290 MHz', ' 7680 x 4320', ' 1 x DisplayPort', ' 1 x DVI', 'GTX1050Ti 4Gb', '9SIB601J4S6477']]"
9SIB4KCJEC5322,ASUS GT730-4H-SL-2GD5 NVIDIA GeForce GT 730 2 GB GDDR5 Graphics Card,ASUS,,,97.64,0,https://c1.neweggimages.com/ProductImageCompressAll300/A4YUD22012812S7Y206.jpg,[['90YV0H20-M0NA00']]
9SIB9ZZJJR4442,GIGABYTE AORUS GeForce RTX 4090 24GB GDDR6X PCI Express 4.0 ATX Video Card GV-N4090AORUSX W-24GD,GIGABYTE,4.5,27.0,2289.9,0,https://c1.neweggimages.com/ProductImageCompressAll300/14-932-556-18.jpg,"[[' 2565 MHz', ' 7680 x 4320', ' 3 x DisplayPort 1.4a', ' 1 x HDMI 2.1', 'GV-N4090AORUSX W-24GD']]"
9SIAUNCK0V9803,"ASUS Dual AMD Radeon RX 6750 XT OC Edition 12GB GDDR6 Gaming Graphics Card (AMD RDNA 2, PCIe 4.0, 12GB GDDR6 Memory, HDMI 2.1, DisplayPort 1.4a, Axial-tech Fan Design, 0dB Technology, Overclocked)",ASUS,4.3,8.0,487.35,$49.99 Shipping,https://c1.neweggimages.com/ProductImageCompressAll300/14-126-566-V01.jpg,"[[' 7680 x 4320', ' 3 x DisplayPort 1.4a', ' 1 x HDMI 2.1', ' 11.61"" x 5.47""', 'DUAL-RX6750XT-O12G']]"
9SIB1PGJU26669,MSI Suprim GeForce RTX 3090 Ti 24GB GDDR6X PCI Express 4.0 SLI Support ATX Video Card RTX 3090 TI SUPRIM X 24G,MSI,4.6,50.0,1925.0,0,https://c1.neweggimages.com/ProductImageCompressAll300/14-137-727-12.jpg,"[[' 7680 x 4320', ' 3 x DisplayPort 1.4a', ' 1 x HDMI 2.1', ' 13.31"" x 5.51""', 'RTX 3090 TI SUPRIM X 24G']]"
9SIA7ABK0S4809,PNY GeForce RTX 4060 8GB VERTO Dual Fan Graphics Card DLSS 3,"PNY Technologies, Inc.",,,332.12,0,https://c1.neweggimages.com/ProductImageCompressAll300/14-133-859-02.jpg,"[[' 1830 MHz', ' 7680 x 4320', ' 3 x DisplayPort 1.4a', ' 1 x HDMI 2.1a', 'VCG40608DFXPB1']]"
9SIA24GJYF6590,"ASUS Dual GeForce RTX 3060 8GB GDDR6 (PCIe 4.0, 8GB GDDR6, HDMI 2.1, DisplayPort 1.4a) DUAL-RTX3060-8G",ASUS,,,360.54,0,https://c1.neweggimages.com/ProductImageCompressAll300/14-126-632-02.png,"[[' 7680 x 4320', ' 3 x DisplayPort 1.4a', ' 1 x HDMI 2.1', ' 2 Slots', 'DUAL-RTX3060-8G']]"
9SIB1PGJK83053,"ASUS ROG Strix NVIDIA GeForce RTX 3080 OC Edition Gaming Graphics Card (PCIe 4.0, 12GB GDDR6X, LHR, HDMI 2.1, DisplayPort 1.4a, Axial-tech Fan Design, 2.9-slot, Super Alloy Power II, GPU Tweak II)",ASUS,4.6,70.0,1410.0,0,https://c1.neweggimages.com/ProductImageCompressAll300/14-126-550-V11.jpg,"[[' 7680 x 4320', ' 3 x DisplayPort 1.4a', ' 2 x HDMI 2.1', ' 12.53"" x 5.51""', 'ROG-STRIX-RTX3080-O12G-GAMING', '9SIB1PGJK83053']]"
9SIB1PGJX67804,MSI GeForce GTX 1660 Ti 6GB GDDR6 PCI Express 3.0 x16 Video Card GTX 1660 TI VENTUS 6G,MSI,5,2.0,499.0,0,https://c1.neweggimages.com/ProductImageCompressAll300/14-137-639-V01.jpg,"[[' 7680 x 4320', ' 3 x DisplayPort 1.4a', ' 1 x HDMI 2.0b', ' 9.09"" x 5.00""', 'GTX 1660 TI VENTUS6G', '9SIB1PGJX67804']]"
9SIB1PGJWZ4023,MSI Radeon RX 6800 XT 16GB GDDR6 PCI Express 4.0 Video Card RX 6800 XT 16G,MSI,4.8,4.0,1059.0,0,https://c1.neweggimages.com/ProductImageCompressAll300/14-137-607-01.jpg,"[[' 1825 MHz', ' 7680 x 4320', ' 2 x DisplayPort 1.4', ' 1 x HDMI 2.1VRR', 'Radeon RX 6800XT 16G', '9SIB1PGJWZ4023']]"
9SIAPMXJ1W6064,ASUS TUF Gaming GeForce RTX 3080 TUF-RTX3080-O10G-GAMING Video Card,ASUS,4.8,160.0,798.98,0,https://c1.neweggimages.com/ProductImageCompressAll300/14-126-452-01.jpg,"[[' 1440 MHz', ' 7680 x 4320', ' 3 x DisplayPort 1.4a', ' 2 x HDMI 2.1', 'TUF-RTX3080-O10G-GAM']]"
9SIB1PGJU76816,"GIGABYTE GeForce RTX 2070 MINI ITX 8G Graphics Card, Mini ITX Form Factor, 8GB 256-Bit GDDR6, GV-N2070IX-8GC Video Card",GIGABYTE,4.7,6.0,675.0,0,https://c1.neweggimages.com/ProductImageCompressAll300/14-932-118-V09.jpg,"[[' 1620 MHz', ' 7680 x 4320', ' 3 x DisplayPort 1.4', ' 1 x HDMI 2.0b', 'GV-N2070IX-8GC', '9SIB1PGJU76816']]"
9SIAH8WJK55414,MSI GeForce RTX 2060 SUPER DirectX 12 RTX 2060 SUPER VENTUS GP OC 8GB 256-Bit GDDR6 PCI Express 3.0 x16 HDCP Ready Video Card,MSI,,,519.01,0,https://c1.neweggimages.com/ProductImageCompressAll300/A4YUD201027U5VD0.jpg,"[[' 7680 x 4320', ' 3 x DisplayPort 1.4', ' 1 x HDMI 2.0b', ' 9.13"" x 5.00""', 'GEFORCE RTX 2060 SUP']]"
9SIB1PGFBZ9640,MSI GeForce GTX 1650 SUPER DirectX 12 GTX 1650 Super Gaming X 4GB 128-Bit GDDR6 PCI Express 3.0 x16 HDCP Ready Video Card,MSI,,,379.0,0,https://c1.neweggimages.com/ProductImageCompressAll300/A73MS200309Jza3B.jpg,"[[' 7680 x 4320', ' 3 x DisplayPort 1.4', ' 1 x HDMI 2.0b', ' 9.76"" x 5.00""', 'CGTX 1650 Super Gami']]"
9SIAY2WJZZ6948,GIGABYTE AORUS GeForce RTX 3080 Ti 12GB GDDR6X PCI Express 4.0 ATX Video Card GV-N308TAORUS M-12GD,GIGABYTE,4.4,57.0,1207.89,$49.99 Shipping,https://c1.neweggimages.com/ProductImageCompressAll300/14-932-435-V06.jpg,"[[' 1770 MHz', ' 7680 x 4320', ' 3 x DisplayPort 1.4a', ' HDMI 2.1*2\nHDMI 2.0*1 (The middle HDMI output supports up to HDMI 2.0)', 'GV-N308TAORUS M-12GD']]"
9SIA0ZXJUX4772,GIGABYTE GeForce RTX 4070 Aero 12GB GDDR6X GV-N4070AERO OC-12G Video Graphic Card GPU,GIGABYTE,,,738.77,Special Shipping,https://c1.neweggimages.com/ProductImageCompressAll300/ADFRD23042010A5BH77.jpg,"[[' 1 x DisplayPort', ' 1 x HDMI', ' NVIDIA', 'GV-N4070AERO OC-12G-R']]"
9SIAYTVJGW9770,"GIGABYTE GeForce RTX 4070 Ti EAGLE 12G Graphics Card, 3x WINDFORCE Fans, 12GB 192-bit GDDR6X, GV-N407TEAGLE-12GD Video Card",GIGABYTE,4.9,21.0,946.96,$49.99 Shipping,https://c1.neweggimages.com/ProductImageCompressAll300/14-932-590-13.jpg,"[[' 2610 MHz', ' 7680 x 4320', ' 3 x DisplayPort 1.4', ' 1 x HDMI 2.1', 'GV-N407TEAGLE-12GD']]"
9SIAPMXGE06054,ASUS Dual Radeon RX 6600 8GB GDDR6 PCI Express 4.0 Video Card DUAL-RX6600-8G,ASUS,4.6,61.0,299.0,0,https://c1.neweggimages.com/ProductImageCompressAll300/14-126-541-S01.jpg,"[[' 7680 x 4320', ' 3 x DisplayPort 1.4a', ' 1 x HDMI 2.1', ' 9.60"" x 5.30""', 'DUAL-RX6600-8G']]"
9SIB1PGJPM7985,PNY GeForce RTX 3070 8GB XLR8 Gaming Revel Epic-X RGB Triple Fan Graphics Card LHR VCG30708LTFXPPB,"PNY Technologies, Inc.",,,849.0,0,https://c1.neweggimages.com/ProductImageCompressAll300/V2D5D22011112OQTF20.jpg,"[[' 2560 x 1600', ' 1 x DVI', ' 1 x HDMI', ' 3 Slots', 'VCG30708LTFXPPB-NW', '9SIB1PGJPM7985']]"
9SIB86XJMK5310,51RISC Graphics Card RTX3070 8GB NVIDIA GPU 12Pin GDDR6 256bit HDMI*1 DP*3 PCI-E 4.0 x16 rtx3070 8gb Gaming Video card,51Risc,,,399.99,0,https://c1.neweggimages.com/ProductImageCompressAll300/B86XS23041704A6IP41.jpg,"[[' 1500 MHz', ' 3 x DisplayPort', ' 1 x HDMI', ' DirectX 12', 'HTMRTX30708GBWhite', '9SIB86XJMK5310']]"
9SIB1PGJPG9720,MSI Gaming GeForce RTX 3090 Ti Gaming X Trio OC Graphics Card 24GB GDRR6X 384-Bit Tri-Frozr Ampere Architecture 1x HDMI 2.1 3x DisplayPort 1.4a w/ MT HDMI Cable,MSI,5,1.0,1925.0,0,https://c1.neweggimages.com/ProductImageCompressAll300/A6V6D2208170VHWXK39.jpg,"[[' Air Cooler', '824142236222']]"
9SIAPMXJKA9870,"ASUS Dual AMD Radeon RX 6650 XT OC Edition 8GB GDDR6 Gaming Graphics Card (AMD RNDA 2, PCIe 4.0, 8GB GDDR6 Memory, HDMI 2.1, DisplayPort 1.4a, Axial-tech Fan Design, 0dB Technology)",ASUS,4.3,7.0,369.99,0,https://c1.neweggimages.com/ProductImageCompressAll300/14-126-567-04.jpg,"[[' 7680 x 4320', ' 3 x DisplayPort 1.4a', ' 1 x HDMI 2.1', ' 9.57"" x 5.28""', 'DUAL-RX6650XT-O8G']]"
9SIB601JW69454,"RX 5700 XT 8gb Graphic Cards, 2560SP, Real 8GB, GDDR6, 256 Bit, Pc Gaming Radeon Video Card, 3XDP, 1XHDMI, PCI Express 4.0for Desktop Computer Gaming Gpu",Mannajue,,,219.99,0,https://c1.neweggimages.com/ProductImageCompressAll300/B601S2305230EDNF7F9.jpg,"[[' 1755 MHz', ' 1 x DisplayPort', ' 3 x HDMI', ' DirectX 12', 'RX 5700 XT-white', '9SIB601JW69454']]"
9SIAFVFJHX2965,PNY GeForce RTX 4080 16GB VERTO Triple Fan Graphics Card DLSS 3,"PNY Technologies, Inc.",,,1197.22,$16.99 Shipping,https://c1.neweggimages.com/ProductImageCompressAll300/1FT-000P-005T3-22.jpg,"[[' 2205 MHz', ' 3 x DisplayPort 1.4a', ' 1 x HDMI 2.1', ' 3 Slots', 'VCG408016TFXPB1']]"
9SIA24GJXV2129,"Gigabyte Radeon RX 7600 8GB Gaming OC Edition Graphics Card - Powered by Radeon RX 7600 - 8GB GDDR6 128-bit - PCI Express 4.0 - 3x WINDFORCE Fans - HDMI 2.1 x1, DisplayPort 2.1 x2",GIGABYTE,,,269.0,0,https://c1.neweggimages.com/ProductImageCompressAll300/V009D2306010EROSE87.jpg,"[[' 3 Years', 'GV-R76GAMING OC-8GD']]"
9SIA22FJV47021,PNY VERTO GeForce RTX 3060 12GB GDDR6 PCI Express 4.0 x16 Video Card VCG306012DFBPB1,"PNY Technologies, Inc.",5,1.0,329.97,0,https://c1.neweggimages.com/ProductImageCompressAll300/1FT-000P-005R4-02.jpg,"[[' 1320 MHz', ' 7680 x 4320', ' 3 x DisplayPort 1.4a', ' 1 x HDMI 2.1', 'VCG306012DFBPB1']]"
9SIA6ZPJWD8574,Gigabyte GeForce RTX 4060 Ti EAGLE OC 8G Graphics Card - NVIDIA Ada Lovelace Architecture & DLSS 3 - 4th Generation Tensor Cores - 3rd Generation RT Cores - 8GB 128-bit GDDR6 - 3 x WINDFORCE Fans,GIGABYTE,,,464.57,Special Shipping,https://c1.neweggimages.com/ProductImageCompressAll300/A24GD2306030CDPX8BF.jpg,"[[' 3 Years', 'GV-N406TEAGLE OC-8GD']]"
9SIAY2WJZW1653,GIGABYTE Gaming GeForce RTX 3090 Ti 24GB GDDR6X PCI Express 4.0 ATX Video Card GV-N309TGAMING OC-24GD,GIGABYTE,4.9,17.0,1907.99,0,https://c1.neweggimages.com/ProductImageCompressAll300/14-932-511-01.jpg,"[[' 1905 MHz', ' 7680 x 4320', ' 3 x DisplayPort 1.4a', ' 1 x HDMI 2.1', 'GV-N309TGAMING OC-24GD']]"
9SIA24GJU06833,Gigabyte GeForce RTX 4070 Ti Gaming OC Graphics Card,GIGABYTE,,,919.99,0,https://c1.neweggimages.com/ProductImageCompressAll300/A24GD2305040CK4OIB2.jpg,[['GV-N407TGAMING-OC-12']]
9SIAY2WJZW1615,"EVGA GeForce RTX 3080 FTW3 ULTRA GAMING Video Card, 10G-P5-3897-KR, 10GB GDDR6X, iCX3 Technology, ARGB LED, Metal Backplate",EVGA,4.8,211.0,1159.99,0,https://c1.neweggimages.com/ProductImageCompressAll300/14-487-518-01.jpg,"[[' 7680 x 4320', ' 3 x DisplayPort 1.4a', ' 1 x HDMI 2.1', ' 11.81"" x 5.38""', '10G-P5-3897-KR']]"
9SIAPMXJKD8042,ASUS Dual NVIDIA GeForce RTX 3060 Ti 8GB V2 OC Edition GDDR6 Graphics Card,ASUS,5,1.0,636.99,0,https://c1.neweggimages.com/ProductImageCompressAll300/A4YUD22012813IAKC79.jpg,[['90YV0G1J-M0NA00']]
9SIB1PGJUR5849,GIGABYTE Radeon HD 7950 3GB GDDR5 PCI Express 3.0 x16 CrossFireX Support Video Card GV-R795WF3-3GD,GIGABYTE,3.8,249.0,329.0,0,https://c1.neweggimages.com/ProductImageCompressAll300/14-125-414-02.jpg,"[[' 900 MHz', ' 2 x Mini DisplayPort', ' 1 x DVI', ' 1 x HDMI', 'GV-R795WF3-3GD', '9SIB1PGJUR5849']]"
9SIB1PGJUG9001,MSI GTX 780Ti GAMING G-SYNC Support GeForce GTX 780 Ti 3GB GDDR5 PCI Express 3.0 Video Card,MSI,4.1,66.0,420.0,0,https://c1.neweggimages.com/ProductImageCompressAll300/14-127-770-07.jpg,"[[' NVIDIA', ' NVIDIA GeForce GTX 700 Series', ' 2880 Cores', ' 250W', 'GTX 780Ti GAMING', '9SIB1PGJUG9001']]"
9SIA24GJU06841,HP NVIDIA Quadro T1000 4GB GDDR6 PCIe Graphic Card 20X22AT,HP,,,387.34,0,https://c1.neweggimages.com/ProductImageCompressAll300/A6ZPD2112220IJ6R011.jpg,"[[' 50W', ' 156 mm', '20X22AT']]"
9SIB1PGFBZ2246,MSI GeForce GTX 1080 Ti 11GB GDDR5X PCI Express 3.0 x16 SLI Support Plug-in Card Video Card GTX 1080 TI DUKE 11G,MSI,,,749.0,0,https://c1.neweggimages.com/ProductImageCompressAll300/14-137-146-V06.jpg,"[[' 1480 MHz', ' 2 x DisplayPort', ' 1 x DL-DVI-D', ' 2 x HDMI', 'GTX 1080 TI DUKE 11G']]"
9SIAPMXK025610,"GIGABYTE Radeon RX 5600 XT WINDFORCE OC 6G (Rev 2.0) Graphics Card, PCIe 4.0, 6GB 192-Bit GDDR6, GV-R56XTWF2OC-6GD Video Card",GIGABYTE,2.8,29.0,399.0,0,https://c1.neweggimages.com/ProductImageCompressAll300/14-932-308-V01.jpg,"[[' 7680 x 4320 @ 60 Hz', ' 3 x DisplayPort 1.4', ' 1 x HDMI 2.0b', ' 8.98"" x 4.65""', 'GV-R56XTWF2OC-6GDV2']]"
9SIARPHJT26135,"GIGABYTE GeForce RTX 2080 WINDFORCE 8G Graphics Card, 3 x WINDFORCE Fans, 8GB 256-Bit GDDR6, GV-N2080WF3-8GC Video Card",GIGABYTE,3.6,14.0,546.18,$49.99 Shipping,https://c1.neweggimages.com/ProductImageCompressAll300/14-932-086-V10.jpg,"[[' 1710 MHz', ' 7680 x 4320 @ 60 Hz', ' 3 x DisplayPort 1.4', ' 1 x HDMI 2.0b', 'GV-N2080WF3-8GC']]"
9SIB1PGJPM8667,GIGABYTE AORUS GeForce RTX 3070 MASTER 8GB GDDR6 PCI Express 4.0 ATX Video Card GV-N3070AORUS M-8GD (rev. 2.0) (LHR),GIGABYTE,,,849.0,0,https://c1.neweggimages.com/ProductImageCompressAll300/A73MS2204210JGMH8B8.jpg,"[[' 1845 MHz', ' NVIDIA', ' NVIDIA GeForce RTX 30 Series', ' 5888 Cores', '(GV-N3070AORUS M-8GD (rev. 2.0))', '9SIB1PGJPM8667']]"
9SIAYTVH6M3643,GIGABYTE GAMING OC Radeon RX 6500 XT 4GB GDDR6 PCI Express 4.0 ATX Video Card GV-R65XTGAMING OC-4GD,GIGABYTE,4.5,33.0,157.33,$49.99 Shipping,https://c1.neweggimages.com/ProductImageCompressAll300/14-932-491-01.jpg,"[[' 7680 x 4320', ' 1 x DisplayPort 1.4a', ' 1 x HDMI 2.1', ' 11.10"" x 4.49""', 'GV-R65XTGAMING OC-4GD']]"
9SIB1PGJWZ4688,XFX Radeon RX Vega 56 8GB HBM2 PCI Express 3.0 CrossFireX Support Video Card - Black Design RX-VEGMLBFX6,XFX,4.9,8.0,659.0,0,https://c1.neweggimages.com/ProductImageCompressAll300/14-150-810-V01.jpg,"[[' 1156 MHz', ' 4096 x 2160', ' 3 x DisplayPort 1.4', ' 1 x HDMI 2.0b', 'RX-VEGMLBFX6', '9SIB1PGJWZ4688']]"
9SIARPHJWA2633,"Sapphire Radeon NITRO+ RX 580 8GB GDDR5 PCI-E Dual HDMI / DVI-D / Dual DP w/ Backplate SPECIAL EDITION (UEFI), 100411NT+8GSEL",Sapphire Tech,4.2,68.0,328.39,$49.99 Shipping,https://c1.neweggimages.com/ProductImageCompressAll300/14-202-293-V01.jpg,"[[' 5120 x 2880', ' 2 x DisplayPort 1.4', ' 1 x DVI-D', ' 2 x HDMI 2.0b', '100411NT+8GSEL']]"
9SIB1PGJUP8997,XFX Black Edition Double D Radeon R9 280 3GB GDDR5 PCI Express 3.0 CrossFireX Support Video Card R9-280A-TDBD,XFX,3.8,92.0,279.0,0,https://c1.neweggimages.com/ProductImageCompressAll300/14-150-705-03.jpg,"[[' 1000 MHz', ' Analog: 2048 x 1536\r\nDigital: 2560 x 1600(DVI); 4096 x 2160(HDMI;DP)', ' 2 x Mini DisplayPort', ' 1 x DVI-D\r\n1 x DVI-I', 'R9-280A-TDBD', '9SIB1PGJUP8997']]"
9SIB1PGJUN9432,ASUS Radeon HD 7850 2GB GDDR5 PCI Express 3.0 x16 CrossFireX Support Video Card HD7850-DC2-2GD5-V2,ASUS,4.3,137.0,320.0,0,https://c1.neweggimages.com/ProductImageCompressAll300/14-121-651-02.jpg,"[[' 860MHz', ' 2560 x 1600', ' 1 x DisplayPort', ' 2 x DVI', 'HD7850-DC2-2GD5-V2', '9SIB1PGJUN9432']]"
9SIB1PGJUR0778,SAPPHIRE DUAL-X Radeon HD 6970 2GB GDDR5 PCI Express 2.0 x16 Video Card 100314-4L,Sapphire Tech,3.8,123.0,325.0,0,https://c1.neweggimages.com/ProductImageCompressAll300/14-202-113-02.jpg,"[[' 880 MHz', ' 1 x DisplayPort', ' 1 x DVI-I', ' 1 x HDMI', '100314-4L', '9SIB1PGJUR0778']]"
9SIB1PGJX98738,XFX Radeon R9 380 2GB GDDR5 PCI Express 3.0 CrossFireX Support Double Dissipation XXX OC Video Card R9-380P-2255,XFX,3.7,36.0,385.0,0,https://c1.neweggimages.com/ProductImageCompressAll300/14-150-732-05.jpg,"[[' 990 MHz', ' ANALOG: 2048 x 1536\r\nDIGITAL: 2560 x 1600 (DVI); 4096 x 2160 (HDMI; DP)', ' 1 x DisplayPort 1.2', ' 1 x DL-DVI-D\r\n1 x DL-DVI-I', 'R9-380P-2255', '9SIB1PGJX98738']]"
9SIB1PGJX98742,XFX Radeon R9 390 8GB GDDR5 PCI Express 3.0 CrossFireX Support Video Card R9-390P-8BD6,XFX,3.5,4.0,340.0,0,https://c1.neweggimages.com/ProductImageCompressAll300/14-150-759-07.jpg,"[[' 1000 MHz', ' ANALOG: 2048 x 1536\r\nDIGITAL: 2560 x 1600 (DVI); 4096 x 2160 (HDMI; DP)', ' 1 x DisplayPort 1.2', ' 2 x DL-DVI-D', 'R9-390P-8BD6', '9SIB1PGJX98742']]"
9SIB1PGJX98739,XFX Radeon R7 370 4GB GDDR5 PCI Express 3.0 CrossFireX Support Double Dissipation XXX OC Video Card R7-370P-4255,XFX,4.5,59.0,485.0,0,https://c1.neweggimages.com/ProductImageCompressAll300/14-150-733-04.jpg,"[[' 995 MHz', ' ANALOG: 2048 x 1536\r\nDIGITAL: 2560 x 1600 (DVI); 4096 x 2160 (HDMI; DP)', ' 1 x DisplayPort 1.2', ' 1 x DL-DVI-D\r\n1 x DL-DVI-I', 'R7-370P-4255', '9SIB1PGJX98739']]"
9SIB1PGJVP1461,ASUS Radeon HD 7770 1GB GDDR5 PCI Express 3.0 x16 CrossFireX Support Video Card HD7770-1GD5,ASUS,3.8,15.0,298.0,0,https://c1.neweggimages.com/ProductImageCompressAll300/14-121-663-07.jpg,"[[' 1000 MHz', ' 2560 x 1600 (DL-DVI)', ' 1 x DisplayPort', ' 1 x DVI', 'HD7770-1GD5', '9SIB1PGJVP1461']]"
9SIB1PGJVP1224,ASUS GeForce GTX 650 Ti 2GB GDDR5 PCI Express 3.0 x16 Video Card GTX650TI-OC-2GD5,ASUS,4.1,31.0,245.0,0,https://c1.neweggimages.com/ProductImageCompressAll300/14-121-725-08.jpg,"[[' 980MHz', ' 2560 x 1600 (DL-DVI)', ' 2 x DVI', ' 1 x HDMI', 'GTX650TI-OC-2GD5']]"
9SIB1PGFBZ0237,ASUS GeForce GTX 560 (Fermi) 1GB GDDR5 PCI Express 2.0 x16 SLI Support Video Card ENGTX560 DCII OC/2DI/1GD5,ASUS,4.3,224.0,240.0,0,https://c1.neweggimages.com/ProductImageCompressAll300/14-121-446-02.jpg,"[[' 850 MHz', ' 2560 x 1600', ' 2 x DVI', ' 1 x mini HDMI', 'ENGTX560 DCII OC/2DI', '9SIB1PGFBZ0237']]"
9SIB9MJJEB5209,MSI Gaming GeForce GTX 1050 Ti 4GB GDRR5 128-bit HDCP Support DirectX 12 Dual Fan OC Graphics Card (GTX 1050 TI 4GT OC),MSI,,,194.0,0,https://c1.neweggimages.com/ProductImageCompressAll300/A73M_131792219334648767qtmK1zi3OC.jpg,"[[' 1341 MHz', ' 1 x DisplayPort 1.4', ' 1 x DVI', ' 1 x HDMI 2.0', 'M-GTX 1050 TI 4GT OC']]"
9SIB1PGJRH6657,"EVGA GeForce RTX 3050 XC BLACK GAMING Video Card, 08G-P5-3551-KR, 8GB GDDR6, Dual-Fan",EVGA,4.9,12.0,495.0,0,https://c1.neweggimages.com/ProductImageCompressAll300/14-487-556-V02.jpg,"[[' 3 x DisplayPort 1.4a', ' 1 x HDMI 2.1', ' 7.94"" x 4.33""', ' 2 Slots', '08G-P5-3551-KR']]"
9SIB1PGH704092,XFX Radeon HD 6750 1GB DDR3 PCI Express 2.1 Video Card HD-675X-ZDFR,XFX,4.3,12.0,239.0,0,https://c1.neweggimages.com/ProductImageCompressAll300/14-150-684-02.jpg,"[[' 700 MHz', ' ANALOG: 2048 x 1536 \r\nDIGITAL: 2560 x 1600', ' 1 x DisplayPort', ' 1 x DVI', 'HD-675X-ZDFR', '9SIB1PGH704092']]"
9SIAH8WJHR2868,MSI GeForce GTX 1050 Ti DirectX 12 GTX 1050 Ti 4GT OC 4GB 128-Bit GDDR5 PCI Express 3.0 x16 HDCP Ready ATX Video Card,MSI,,,315.68,0,https://c1.neweggimages.com/ProductImageCompressAll300/AV9ES2104087jm3a.jpg,"[[' Double Fans', 'G003-01NG00051']]"
9SIB601JW30573,GeForce GTX 1660 SUPER 6GB GDDR6 PCI Express 3.0 x16 Video Card GTX 1660 SUPER White GPU,Mannajue,,,179.99,0,https://c1.neweggimages.com/ProductImageCompressAll300/B601S2305220LHRZN0A.jpg,"[[' 1 x DisplayPort', ' 1 x DVI', ' 1 x HDMI', ' NVIDIA GeForce GTX 16 Series', 'GTX1660 SUPER', '9SIB601JW30573']]"
9SIB1PGJUR0432,XFX Radeon R9 390X 8GB GDDR5 PCI Express 3.0 CrossFireX Support Video Card R9-390X-8BD6,XFX,4,1.0,449.0,0,https://c1.neweggimages.com/ProductImageCompressAll300/14-150-758-07.jpg,"[[' 1060 MHz', ' ANALOG: 2048 x 1536\r\nDIGITAL: 2560 x 1600 (DVI); 4096 x 2160 (HDMI; DP)', ' 1 x DisplayPort 1.2', ' 2 x DL-DVI-D', 'R9-390X-8BD6', '9SIB1PGJUR0432']]"
9SIB1PGJUN9439,XFX FX-785A-CNBC Radeon HD 7850 Black Edition 2GB 256-bit GDDR5 PCI Express 3.0 x16 HDCP Ready CrossFireX Support Video Card,XFX,4.8,6.0,320.0,0,https://c1.neweggimages.com/ProductImageCompressAll300/14-150-607-05.jpg,"[[' 975MHz', ' 2 x Mini DisplayPort', ' 2 x DVI (1 Single Link, 1 Dual Link)', ' 1 x HDMI', 'FX-785A-CNBC', '9SIB1PGJUN9439']]"
9SIB1PGJUN9436,XFX Double D Radeon HD 7850 2GB GDDR5 PCI Express 3.0 x16 CrossFireX Support Video Card FX-785A-CDJ4,XFX,5,1.0,320.0,0,https://c1.neweggimages.com/ProductImageCompressAll300/14-150-672-04.jpg,"[[' 860MHz', ' ANALOG: 2048 x 1536\r\nDIGITAL: 2560 x 1600', ' 2 x Mini DisplayPort', ' 2 x DVI (1 Single Link, 1 Dual Link)', 'FX-785A-CDJ4', '9SIB1PGJUN9436']]"
9SIAH8WJHR2875,MSI GeForce GTX 1660 SUPER DirectX 12 GTX 1660 SUPER GAMING X 6GB 192-Bit GDDR6 PCI Express 3.0 x16 HDCP Ready Video Card NVIDIA Double Fans,MSI,,,445.61,0,https://c1.neweggimages.com/ProductImageCompressAll300/ARA8S210227jK8t7.jpg,[['msi 1660s x']]
9SIB1PGJUR0436,XFX BLACK Edition Radeon R9 390X 8GB GDDR5 PCI Express 3.0 CrossFireX Support Video Card R9-390X-8286,XFX,,,449.0,0,https://c1.neweggimages.com/ProductImageCompressAll300/14-150-726-03.jpg,"[[' 1090 MHz', ' ANALOG: 2048 x 1536\r\nDIGITAL: 2560 x 1600 (DVI); 4096 x 2160 (HDMI; DP)', ' 1 x DisplayPort', ' 2 x DL-DVI-D', 'R9-390X-8286', '9SIB1PGJUR0436']]"
9SIB1PGJUM1167,"ZOTAC GAMING GeForce GTX 1660 6GB GDDR5 192-bit Gaming Graphics Card, Super Compact, ZT-T16600F-10L",ZOTAC,5,6.0,439.0,0,https://c1.neweggimages.com/ProductImageCompressAll300/14-500-465-Z01.jpg,"[[' 3 x DisplayPort 1.4', ' 1 x HDMI 2.0b', ' 6.83"" x 4.38""', ' 2 Slots', 'ZT-T16600F-10L']]"
9SIB1PGFBX9338,GIGABYTE AORUS GeForce RTX 2080 SUPER DirectX 12 GV-N208SAORUS WB-8GC 8GB 256-Bit GDDR6 PCI Express 3.0 x16 SLI Support ATX Video Card,GIGABYTE,,,995.0,0,https://c1.neweggimages.com/ProductImageCompressAll300/A4YUD201023GYRVL.jpg,"[[' 1860 MHz', ' 7680 x 4320 @ 60 Hz', ' 3 x DisplayPort 1.4', ' 3 x HDMI 2.0b', 'GV-N208SAORUS WB-8GC']]"
9SIB1PGFBY6287,ASUS Radeon RX 480 4GB GDDR5 PCI Express 3.0 x16 CrossFireX Support Video Card DUAL-RX480-O4G,ASUS,4,26.0,503.0,0,https://c1.neweggimages.com/ProductImageCompressAll300/14-126-135-S99.jpg,"[[' 1120 MHz', ' 5120 x 2880', ' 2 x DisplayPort 1.4', ' 1 x Dual-link DVI-D', 'DUAL-RX480-O4G']]"
9SIB1PGJVE0368,XFX GeForce 7600GS 256MB GDDR2 PCI Express x16 SLI Support Video Card PVT73PUDJ3,XFX,4.8,24.0,215.0,0,https://c1.neweggimages.com/ProductImageCompressAll300/14-150-170-08.jpg,"[[' 400 MHz', ' 2560 x 1600', ' 2 x DVI', ' DirectX 9', 'PVT73PUDJ3', '9SIB1PGJVE0368']]"
9SIB1PGJVP1291,ASUS Radeon HD 5850 (Cypress Pro) 1GB GDDR5 PCI Express 2.1 x16 CrossFireX Support Video Card w/ Eyefinity EAH5850 DIRECTCU/2DIS/1GD5,ASUS,4.3,68.0,215.0,0,https://c1.neweggimages.com/ProductImageCompressAll300/14-121-375-02.jpg,"[[' 725 MHz', ' 2560 x 1600', ' 1 x DisplayPort', ' 1 x DVI', 'EAH5850 DIRECTCU/2DI', '9SIB1PGJVP1291']]"
9SIB1PGJRH2803,ASUS Radeon R9 270X 2GB GDDR5 PCI Express 3.0 CrossFireX Support Video Card R9270X-DC2-2GD5,ASUS,,,379.0,0,https://c1.neweggimages.com/ProductImageCompressAll300/14-121-925-03.jpg,"[[' 1050 MHz', ' D-Sub: 2048 x 1536\r\nDVI: 2560 x 1600\r\nDigital: 4096 x 2160', ' 1 x DisplayPort', ' 1 x DVI-I\r\n1 x DVI-D', 'R9270X-DC2-2GD5', '9SIB1PGJRH2803']]"
9SIAH8WJHR2883,MSI GeForce GTX 1650 DirectX 12 GTX 1650 VENTUS XS 4G OCV1 4GB 128-Bit GDDR5 PCI Express 3.0 x16 HDCP Ready Video Card,MSI,,,330.92,0,https://c1.neweggimages.com/ProductImageCompressAll300/ARCJS210320xqckI.jpg,"[[' Double Fans', 'GTX 1650 VENTUS XS 4G OCV1']]"
9SIB1PGJUS8296,GIGABYTE GeForce GTX 950 2GB GV-N950XTREME C-2GD Xtreme Gaming,GIGABYTE,5,2.0,349.0,0,https://c1.neweggimages.com/ProductImageCompressAll300/14-125-823-14.jpg,"[[' 1051 MHz in OC Mode\n1026 MHz in Gaming Mode', ' Digital: 4096 x 2160\nAnalog: 2048 x 1536', ' 3 x DisplayPort', ' 1 x Dual-link DVI-I', 'GV-N950XTREME C-2GD', '9SIB1PGJUS8296']]"
9SIB1PGFBW4182,XFX Radeon R9 390 Graphic Card - 1.05 GHz Core - 8 GB GDDR5 SDRAM - PCI Express 3.0 - Dual Slot Space Required,XFX,4.6,9.0,399.0,0,https://c1.neweggimages.com/ProductImageCompressAll300/14-150-743-01.jpg,"[[' 1 x DisplayPort', ' 2 x DVI', ' 1 x HDMI', ' DirectX 12\nMantle', 'R9390P8DF6', '9SIB1PGFBW4182']]"
9SIB1PGJUJ3306,MSI GTX 1070 Ti Gaming 8GB GDDR5 Graphics Card (GTX 1070 TI GAMING 8G),MSI,,,720.0,0,https://c1.neweggimages.com/ProductImageCompressAll300/AD7H_1_201811151933123895.jpg,"[[' 180W', 'GTX 1070TI GAMING 8G']]"
9SIB1PGFBY5706,ASUS GeForce GTX 1070 DirectX 12 90YV09T1-M0NA00 8GB 256-Bit GDDR5 PCI Express 3.0 x16 Video Card,ASUS,,,579.0,0,https://c1.neweggimages.com/ProductImageCompressAll300/AD7H_1_20170711396952310.jpg,"[[' 1582 MHz', ' 7680 x 4320', ' 2 x DisplayPort', ' DVI-D (dual link)', '90YV09T1-M0NA00']]"
9SIB1PGJUR5871,ASUS Radeon RX 5700 XT PCIe 4.0 VR Ready Graphics Card with 8GB GDDR6 Memory and Support for up to 6 Monitors (RX5700XT-8G),ASUS,3.2,20.0,650.0,0,https://c1.neweggimages.com/ProductImageCompressAll300/14-126-327-V07.jpg,"[[' 1605 MHz', ' 7680 x 4320', ' 3 x DisplayPort 1.4', ' 1 x HDMI 2.0b', 'RX5700XT-8G']]"
9SIB1PGJVP1462,ASUS Radeon HD 7770 1GB GDDR5 PCI Express 3.0 x16 CrossFireX Support Video Card HD7770-DCT-1GD5,ASUS,3.4,8.0,298.0,0,https://c1.neweggimages.com/ProductImageCompressAll300/14-121-644-06.jpg,"[[' 1120MHz', ' 1 x DisplayPort', ' 2 x DVI', ' 1 x HDMI', 'HD7770-DCT-1GD5', '9SIB1PGJVP1462']]"
9SIB1PGJX98769,ASUS Radeon HD 6950 1GB GDDR5 PCI Express 2.1 x16 CrossFireX Support Video Card with Eyefinity EAH6950 DCII/2DI4S/1GD5,ASUS,3.4,11.0,260.0,0,https://c1.neweggimages.com/ProductImageCompressAll300/14-121-437-02.jpg,"[[' 810MHz', ' 2560 x 1600', ' 4 x DisplayPort', ' 2 x DVI (1 Single Link, 1 Dual Link)', 'EAH6950 DCII/2DI4S/1', '9SIB1PGJX98769']]"
9SIB1N8JVZ9082,HUANANZHI RTX 3060TI 8G Graphics Cards 256Bit GDDR6 HDMI-Compatible DP 3060 TI 8G GPU Video Card,HUANANZHI,,,499.0,0,https://c1.neweggimages.com/ProductImageCompressAll300/B1N8S2305250XW4KCFE.jpg,"[[' 1320 MHz', ' 4096 x 2160', ' 2 x DisplayPort', ' 1 x HDMI', 'RTX3060TI8G', '9SIB1N8JVZ9082']]"
9SIB1PGJWZ2052,MSI GeForce GTX 1080 Ti 11GB GDDR5X PCI Express 3.0 x16 SLI Support Video Card GTX 1080 Ti SEA HAWK X,MSI,4.3,35.0,935.0,0,https://c1.neweggimages.com/ProductImageCompressAll300/14-137-126-V01.jpg,"[[' 1569 MHz (OC)\n1544 MHz (Gaming)\n1480 MHz (Silent)', ' 3 x DisplayPort', ' 1 x DL-DVI-D', ' 1 x HDMI', 'GTX1080TISEA HAWK X', '9SIB1PGJWZ2052']]"
9SIB1PGJU26649,ASUS ROG Strix Radeon RX 5700 XT 8GB GDDR6 PCI Express 4.0 CrossFireX Support Video Card ROG-STRIX-RX5700XT-O8G-GAMING,ASUS,,,650.0,0,https://c1.neweggimages.com/ProductImageCompressAll300/14-126-435-S01.jpg,"[[' OC Mode: 1840 MHz\nGaming Mode: 1770 MHz', ' 7680 x 4320', ' 3 x DisplayPort 1.4', ' 1 x HDMI 2.0b', 'STRIXRX5700XTO8GGA']]"
9SIB1PGJUR0768,GIGABYTE Radeon HD 6970 2GB GDDR5 PCI Express 2.1 x16 CrossFireX Support Video Card GV-R697UD-2GD,GIGABYTE,4.3,6.0,325.0,0,https://c1.neweggimages.com/ProductImageCompressAll300/14-125-394-03.jpg,"[[' 880 MHz', ' 2560 x 1600', ' 1 x DisplayPort', ' 2 x DVI', 'GV-R697UD-2GD', '9SIB1PGJUR0768']]"
9SIB4KCJWB2162,GIGABYTE Radeon RX 6400 4GB GDDR6 PCI Express 4.0 Low Profile Video Card GV-R64D6-4GL,GIGABYTE,4.5,10.0,175.77,0,https://c1.neweggimages.com/ProductImageCompressAll300/14-932-515-01.jpg,"[[' 7680 x 4320', ' 1 x DisplayPort 1.4', ' 1 x HDMI 2.1', ' 7.17"" x 2.72""', 'GV-R64D6-4GL']]"
9SIB1PGJUG9094,GIGABYTE GeForce GTX 960 2GB GDDR5 PCI Express 3.0 x16 SLI Support ATX Video Card GV-N960OC-2GD (rev. 1.0),GIGABYTE,4.8,5.0,339.0,0,https://c1.neweggimages.com/ProductImageCompressAll300/14-125-807-02.jpg,"[[' 1216 MHz in OC Mode\n1190 MHz in Gaming Mode', ' Digital: 4096 x 2160\nAnalog: 2048 x 1536', ' 1 x DisplayPort', ' 1 x Dual-link DVI-I\n1 x DVI-D', 'GV-N960OC-2GD']]"
9SIB1PGJUP9224,GIGABYTE Radeon R9 280X 3GB GDDR5 PCI Express 3.0 CrossFireX Support Video Card GV-R928XWF3-3GD (rev. 3.0),GIGABYTE,,,295.0,0,https://c1.neweggimages.com/ProductImageCompressAll300/14-125-779-06.jpg,"[[' 850 MHz', ' 4096 x 2160', ' 2 x Mini DisplayPort', ' 1 x DVI-I', 'GV-R928XWF3-3GD REV3', '9SIB1PGJUP9224']]"
9SIB1PGJUR5823,GIGABYTE Radeon R9 280X 3GB GDDR5 PCI Express 3.0 ATX Ultra Durable Video Card GV-R928XOC-3GD REV3,GIGABYTE,2.7,30.0,295.0,0,https://c1.neweggimages.com/ProductImageCompressAll300/14-125-726-03.jpg,"[[' 1000 MHz', ' 4096 x 2160', ' 2 x DisplayPort', ' 1 x DVI-I', 'GV-R928XOC-3GD REV3', '9SIB1PGJUR5823']]"
9SIB1PGJVP6510,GIGABYTE G1 Gaming GeForce GTX 960 2GB GDDR5 PCI Express 3.0 SLI Support ATX Video Card GV-N960G1 GAMING-2GD,GIGABYTE,4.2,31.0,420.0,0,https://c1.neweggimages.com/ProductImageCompressAll300/14-125-770-04.jpg,"[[' 1241 MHz', ' Digital: 4096 X 2160\nAnalog: 2048 x 1536', ' 3 x DisplayPort', ' 1 x Dual-link DVI-I\n1 x DVI-D', 'GV-N960G1 GAMING-2GD', '9SIB1PGJVP6510']]"
9SIB1PGJWZ6688,"GIGABYTE GeForce GTX 1080 XTREME Gaming Premium Pack Video Card, N1080XTREME-8GD-PPR2",GIGABYTE,4.2,85.0,598.0,0,https://c1.neweggimages.com/ProductImageCompressAll300/14-125-873-S99.jpg,"[[' 1784 MHz in OC mode\n1759 MHz in Gaming mode', ' 7680 x 4320', ' 3 x DisplayPort 1.4 in Standard Mode\n1 x DisplayPort in VR Mode', ' 1 x Dual-link DVI-D', 'N1080XTREME-8GD-PPR2', '9SIB1PGJWZ6688']]"
9SIB1PGJUJ3310,MSI GeForce GTX 1070 Ti 8GB GDDR5 PCI Express 3.0 x16 SLI Support ATX Video Card GTX 1070 Ti GAMING 8,MSI,,,720.0,0,https://c1.neweggimages.com/ProductImageCompressAll300/14-137-251-V01.jpg,"[[' 1607 MHz', ' 3 x DisplayPort', ' 1 x DL-DVI-D', ' 1 x HDMI', 'GTX 1070 Ti GAMING 8', '9SIB1PGJUJ3310']]"
9SIB1PGJUR5824,GIGABYTE Radeon R9 280X 3GB GDDR5 PCI Express 3.0 Video Card GV-R928XOC-3GD REV2,GIGABYTE,3.3,93.0,295.0,0,https://c1.neweggimages.com/ProductImageCompressAll300/14-125-490-04.jpg,"[[' 1000 MHz', ' 2 x Mini DisplayPort', ' 1 x DVI-I', ' 1 x HDMI', 'GV-R928XOC-3GD REV2', '9SIB1PGJUR5824']]"
9SIB1PGJWZ6615,GIGABYTE Radeon R9 270X 4GB GDDR5 PCI Express 3.0 Video Card GV-R927XOC-4GD,GIGABYTE,4.1,41.0,428.0,0,https://c1.neweggimages.com/ProductImageCompressAll300/14-125-496-09.jpg,"[[' 1050 MHz', ' 1 x DisplayPort', ' 1 x DVI-I\r\n1 x DVI-D', ' 1 x HDMI', 'GV-R927XOC-4GD', '9SIB1PGJWZ6615']]"
9SIB1PGJVD6207,GIGABYTE Ultra Durable 2 Series GeForce GT 730 2GB DDR3 PCI Express 2.0 ATX Video Card GV-N730-2GI (rev. 1.0),GIGABYTE,3.9,18.0,198.0,0,https://c1.neweggimages.com/ProductImageCompressAll300/14-125-675-S99.jpg,"[[' 700 MHz', ' Digital: 2560 x 1600\nAnalog: 2048 x 1536', ' 1 x Dual-link DVI-I', ' 1 x HDMI', 'GV-N730-2GI', '9SIB1PGJVD6207']]"
9SIB1PGGV04862,XFX Radeon RS RX 480 DirectX 12 RX-480P4LFB6 4GB 256-Bit GDDR5 PCI Express 3.0 CrossFireX Support Video Card,XFX,3.4,13.0,648.0,0,https://c1.neweggimages.com/ProductImageCompressAll300/14-150-775-S99.jpg,"[[' 1266 MHz', ' 4096 x 2160', ' 3 x DisplayPort 1.4', ' 1 x DL-DVI-D', 'RX-480P4LFB6']]"
9SIB1PGJUG8880,MSI Radeon R9 270 Twin Frozr 2GB GDDR5 R9 270 GAMING 2G Video Graphic Card GPU,MSI,,,269.0,0,https://c1.neweggimages.com/ProductImageCompressAll300/B1PGS2304051A31T7ED.jpg,"[[' Double Fans', 'Radeon R9 270', '9SIB1PGJUG8880']]"
9SIB1N8JVZ9150,HUANANZHI RX 550 4G Graphics Cards 128Bit GDDR5 HDMI-Compatible DP DVI GPU Video Card,HUANANZHI,,,109.0,0,https://c1.neweggimages.com/ProductImageCompressAll300/B1N8S2305250Z6AF801.jpg,"[[' 1183 MHz', ' 4096 x 2160', ' 1 x DisplayPort', ' 1 x DVI', 'RX5504G42', '9SIB1N8JVZ9150']]"
9SIB1PGJVP6528,GIGABYTE Radeon R9 290 4GB GDDR5 PCI Express 3.0 Video Card GV-R929OC-4GD,GIGABYTE,3,71.0,299.0,0,https://c1.neweggimages.com/ProductImageCompressAll300/14-125-500-04.jpg,"[[' 1040MHz', ' Digital: 4096 x 2160\r\nAnalog: 2048 x 1536', ' 1 x DisplayPort', ' 2 x DVI-D', 'GV-R929OC-4GD', '9SIB1PGJVP6528']]"
9SIAPMXJJF6697,"GIGABYTE Radeon RX 6500 XT EAGLE 4G Graphics Card, 4GB 64-bit GDDR6, Support PCI Express 4.0,1 x HDMI, 1 x DisplayPort",GIGABYTE,,,245.99,0,https://c1.neweggimages.com/ProductImageCompressAll300/A4RES2203240GXOC8BA.jpg,"[[' 7680 x 4320', ' 1 x DisplayPort 1.4a', ' 1 x HDMI 2.1', ' 192×117 mm', 'GIGABYTE Radeon RX 6500 XT EAGLE 4G']]"
9SIB1PGJWZ4571,XFX Radeon RX VEGA 64 DirectX 12 RX-VEGMTSFX6 8GB 2048-Bit HBM2 PCI Express 3.0 CrossFireX Support Video Card Air Cooler (Silver Design),XFX,3.1,7.0,659.0,0,https://c1.neweggimages.com/ProductImageCompressAll300/14-150-807-Z01.jpg,"[[' 1247 MHz', ' 4096 x 2160', ' 3 x DisplayPort 1.4', ' 1 x HDMI 2.0b', 'RX-VEGMTSFX6', '9SIB1PGJWZ4571']]"
9SIB1PGJVD6196,GIGABYTE GeForce GT 630 2GB DDR3 PCI Express 2.0 x16 Video Card GV-N630-2GI,GIGABYTE,4.3,23.0,214.0,0,https://c1.neweggimages.com/ProductImageCompressAll300/14-125-425-02.jpg,"[[' 810 MHz', ' 2560 x 1600', ' 1 x DVI', ' 1 x HDMI', 'GV-N630-2GI', '9SIB1PGJVD6196']]"
9SIB1PGJUP8268,MSI R9 280X GAMING 3GB 384-bit GDDR5 PCI Express 3.0 HDCP Ready CrossFireX Support Video Card,MSI,3.3,126.0,285.0,0,https://c1.neweggimages.com/ProductImageCompressAll300/14-127-759-17.jpg,"[[' 1000 MHz', ' 2 x Mini DisplayPort', ' 1 x DVI-I', ' 1 x HDMI', 'R9 280X GAMING 3G', '9SIB1PGJUP8268']]"
9SIB1PGFBY1609,GIGABYTE GeForce 8800 GT 512MB GDDR3 PCI Express 2.0 x16 SLI Support Video Card GV-NX88T512H-B,GIGABYTE,4.3,3.0,199.0,0,https://c1.neweggimages.com/ProductImageCompressAll300/14-125-077-02.jpg,"[[' 600 MHz', ' 2560 x 1600', ' 2 x DVI', ' DirectX 10', 'GV-NX88T512H-B', '9SIB1PGFBY1609']]"
9SIB1PGJVP1255,GIGABYTE GeForce GTX 650 Ti BOOST 2GB GDDR5 PCI Express 3.0 Video Card GV-N65TBOC-2GD,GIGABYTE,4.7,18.0,245.0,0,https://c1.neweggimages.com/ProductImageCompressAll300/14-125-457-04.jpg,"[[' 1032MHz', ' Digital: 4096 X 2160(via a single HDMI connector and not supported with two DVI connectors)\nAnalog: 2048 x 1536', ' 1 x DisplayPort', ' 2 x DVI', 'GV-N65TBOC-2GD BOOST']]"
9SIB1PGJPM2417,MSI Suprim GeForce RTX 3070 TI 8GB GDDR6 PCI Express 4.0 Video Card RTX 3070 TI SUPRIM 8G,MSI,,,925.0,0,https://c1.neweggimages.com/ProductImageCompressAll300/APMXS210712hVXgV.jpg,[['3070TI SUPRIM']]
9SIBGFDJPN4061,ASUS ROG STRIX Radeon RX 6800 16GB GDDR6 PCI Express 4.0 CrossFireX Support Video Card ROG-STRIX-RX6800-O16G-GAMING,ASUS,3.8,8.0,799.99,$46.00 Shipping,https://c1.neweggimages.com/ProductImageCompressAll300/14-126-477-01.jpg,"[[' 7680 x 4320', ' 3 x DisplayPort 1.4a', ' 1 x HDMI 2.1', ' 12.60"" x 5.07""', 'STRIX-RX6800-O16G-GA']]"
9SIB1PGJXE4625,XFX Core Edition Radeon HD 7850 1GB GDDR5 PCI Express 3.0 x16 CrossFireX Support Video Card FX-785A-ZNL4,XFX,3.6,114.0,285.0,0,https://c1.neweggimages.com/ProductImageCompressAll300/14-150-642-05.jpg,"[[' 860MHz', ' 2 x Mini DisplayPort', ' 2 x DVI (1 Single Link, 1 Dual Link)', ' 1 x HDMI', 'FX-785A-ZNL4']]"
9SIB1PGFBX8701,ASUS GeForce GTX 1080 FE 8GB GDDR5X PCI Express 3.0 SLI Support Video Card Founders Edition GTX1080-8G,ASUS,4.8,32.0,695.0,0,https://c1.neweggimages.com/ProductImageCompressAll300/14-126-101-S99.jpg,"[[' 1607 MHz', ' 7680 x 4320', ' 3 x DisplayPort 1.4', ' 1 x Dual-link DVI-D', 'GTX1080-8G']]"
9SIB1PGJPN6359,MSI Gaming GeForce RTX 3060 Ti LHR 8GB GDRR6 256-Bit HDMI/DP Nvlink Torx Fan 4 RGB Ampere Architecture OC Graphics Card (RTX 3060 Ti Gaming X 8G LHR),MSI,,,639.0,0,https://c1.neweggimages.com/ProductImageCompressAll300/AG7RS22060305RN9119.jpg,"[[' NVIDIA', ' NVIDIA GeForce RTX 30 Series', ' 1770 MHz', ' \t4864', '(RTX 3060 Ti Gaming X 8G LHR)', '9SIB1PGJPN6359']]"
9SIB1PGJVD9231,GIGABYTE GeForce GT 630 1GB DDR3 PCI Express 2.0 Video Card GV-N630D3-1GI,GIGABYTE,3.3,3.0,179.0,0,https://c1.neweggimages.com/ProductImageCompressAll300/14-125-495-10.jpg,"[[' 902MHz', ' 2560 x 1600', ' 1 x DVI-D', ' 1 x HDMI', 'GV-N630D3-1GI', '9SIB1PGJVD9231']]"
9SIBMWJJXU6685,ASUS TUF Gaming X3 Radeon RX 5700 XT 8GB GDDR6 PCI Express 4.0 Video Card TUF 3-RX5700XT-O8G-EVO-GAMING,ASUS,3.9,26.0,459.68,$49.99 Shipping,https://c1.neweggimages.com/ProductImageCompressAll300/14-126-426-V01.jpg,"[[' 7680 x 4320', ' 3 x DisplayPort 1.4', ' 1 x HDMI 2.0b', ' 11.13"" x 5.06""', 'TUF3RX5700XTO8GEVOGA']]"
9SIARPHJT72127,"GIGABYTE AORUS GeForce RTX 3080 XTREME 10GB Video Card, GV-N3080AORUS X-10GD",GIGABYTE,4,43.0,969.49,$49.99 Shipping,https://c1.neweggimages.com/ProductImageCompressAll300/14-932-345-01.jpg,"[[' 7680 x 4320', ' 3 x DisplayPort 1.4a', ' 2 x HDMI 2.1, 1 x HDMI 2.0 (The middle HDMI output supports up to HDMI 2.0)', ' 12.56"" x 5.51""', 'GV-N3080AORUS X-10GD']]"
9SIB1PGH758797,GIGABYTE GeForce GTX 950 2GB WINDFORCE 2X OC EDITIONGV-N950WF2OC-2GD (rev. 1.0),GIGABYTE,4.3,13.0,335.0,0,https://c1.neweggimages.com/ProductImageCompressAll300/14-125-809-05.jpg,"[[' 1127 MHz in OC Mode\n1102 MHz in Gaming Mode', ' Digital: 4096 x 2160\nAnalog: 2048 x 1536', ' 1 x DisplayPort', ' 1 x Dual-link DVI-I\n1 x Dual-link DVI-D', 'GV-N950WF2OC-2GD']]"
9SIB1PGJVP1099,ASUS GeForce GTX 550 Ti (Fermi) 1GB GDDR5 PCI Express 2.0 x16 SLI Support Video Card ENGTX550 Ti/DI/1GD5,ASUS,4.1,50.0,289.0,0,https://c1.neweggimages.com/ProductImageCompressAll300/14-121-630-02.jpg,"[[' 900 MHz', ' 2560 x 1600', ' 1 x DVI', ' 1 x HDMI', 'ENGTX550 Ti/DI/1GD5', '9SIB1PGJVP1099']]"
9SIB1PGJUR5955,ASUS GeForce GTX 980 4GB GDDR5 PCI Express 3.0 SLI Support Video Card STRIX-GTX980-DC2OC-4GD5,ASUS,4.3,106.0,390.0,0,https://c1.neweggimages.com/ProductImageCompressAll300/14-121-905-09.jpg,"[[' 1178 MHz', ' 4096 x 2160', ' 3 x DisplayPort', ' 1 x DVI-I', 'STRIX-GTX980-DC2OC-4']]"
9SIAPMXJYP2463,ASUS Dual GeForce RTX 2080 Ti 11GB GDDR6 PCI Express 3.0 SLI Support Video Card DUAL-RTX2080TI-O11G,ASUS,3.1,38.0,599.0,0,https://c1.neweggimages.com/ProductImageCompressAll300/14-126-247-V50.jpg,"[[' 1350 MHz', ' 7680 x 4320', ' 3 x DisplayPort 1.4', ' 1 x HDMI 2.0b', 'DUAL-RTX2080TI-O11G']]"
9SIB1PGJX49764,XFX Radeon R9 290 4GB GDDR5 PCI Express 3.0 x16 CrossFireX Support Double Dissipation Edition Video Card R9-290A-EDFD,XFX,3.6,159.0,299.0,0,https://c1.neweggimages.com/ProductImageCompressAll300/14-150-697-06.jpg,"[[' 947 MHz', ' ANALOG: 2048 x 1536\r\nDIGITAL: 2560 x 1600 (DVI); 4096 x 2160 (HDMI; DP)', ' 1 x DisplayPort 1.2', ' 2 x DVI-D', 'R9-290A-EDFD']]"
9SIB1PGJUJ3300,MSI GeForce GTX 1080 TI Armor OC 11GB PCI-E x16 3.0 GDDR5X Graphics Card (V360-010R),MSI,,,749.0,0,https://c1.neweggimages.com/ProductImageCompressAll300/AD7H_1_201712091285374573.jpg,"[['V360-010R', '9SIB1PGJUJ3300']]"
9SIA6KXJXU5933,MSI GeForce GTX 1650 4GB GDDR6 PCI Express 3.0 x16 Video Card G165D6VXSC,MSI,5,2.0,183.99,0,https://c1.neweggimages.com/ProductImageCompressAll300/V00CD200730VNOSV.jpg,"[[' 7680 x 4320', ' 1 x DisplayPort 1.4', ' 1 x DL-DVI-D', ' 1 x HDMI 2.0b', 'G165D6VXSC']]"
9SIB1PGJVP6532,GIGABYTE Radeon R9 290 4GB GDDR5 PCI Express 3.0 Video Card GV-R929WF3-4GD,GIGABYTE,3.1,56.0,299.0,0,https://c1.neweggimages.com/ProductImageCompressAll300/14-125-505-10.jpg,"[[' 947MHz', ' Digital: 4096 x 2160\r\nAnalog: 2048 x 1536', ' 1 x DisplayPort', ' 2 x DVI-D', 'GV-R929WF3-4GD', '9SIB1PGJVP6532']]"
9SIB1PGJUA0603,HP NVIDIA RTX A2000 6GB GDDR6 Graphic Card 340L0AA,HP,,,435.0,0,https://c1.neweggimages.com/ProductImageCompressAll300/V1DSD22092717POUIA6.jpg,[['340L0AA']]
9SIB1PGJUR0554,XFX Radeon HD 6970 2GB GDDR5 PCI Express 2.1 x16 CrossFireX Support Video Card with Eyefinity HD-697A-CNFC,XFX,4.2,249.0,325.0,0,https://c1.neweggimages.com/ProductImageCompressAll300/14-150-517-11.jpg,"[[' 880 MHz', ' 2560 x 1600', ' 2 x Mini DisplayPort', ' 2 x DVI', 'HD-697A-CNFC', '9SIB1PGJUR0554']]"
9SIARPHJTW2095,ASUS ROG GeForce GTX 1080 8GB GDDR5X PCI Express 3.0 SLI Support Video Card STRIX-GTX1080-O8G-GAMING,ASUS,4.1,84.0,509.3,$49.99 Shipping,https://c1.neweggimages.com/ProductImageCompressAll300/14-126-103-28.jpg,"[[' 1784 MHz (OC Mode)\n1759 MHz (Gaming Mode)', ' 7680 x 4320', ' 2 x DisplayPort', ' 1 x DVI-D', 'STRIX-GTX1080-O8G']]"
9SIAH8WJHR2874,MSI GeForce GTX 1050 Ti DirectX 12 GTX 1050 Ti GAMING X 4G 4GB 128-Bit GDDR5 PCI Express 3.0 x16 HDCP Ready ATX Video Card,MSI,,,321.64,0,https://c1.neweggimages.com/ProductImageCompressAll300/A73M_131925986524841048gMgG5pkR8Q.jpg,"[[' 1379 MHz (OC) 1354 MHz (Gaming) 1290 MHz (Silent)', ' 7680 x 4320', ' 1 x DisplayPort 1.4', ' 1 x DL-DVI-D', 'GTX1050 Ti GAMING X']]"
9SIB1PGJUP8980,XFX Double D Radeon R9 280 3GB GDDR5 PCI Express 3.0 CrossFireX Support Video Card R9-280A-TDFD,XFX,4.2,73.0,279.0,0,https://c1.neweggimages.com/ProductImageCompressAll300/14-150-706-03.jpg,"[[' 827 MHz', ' Analog: 2048 x 1536\r\nDigital: 2560 x 1600(DVI); 4096 x 2160(HDMI;DP)', ' 2 x Mini DisplayPort', ' 1 x DVI-D\r\n1 x DVI-I', 'R9-280A-TDFD', '9SIB1PGJUP8980']]"
9SIB1PGJUG7713,MSI Radeon HD 6870 1GB GDDR5 PCI Express 2.0 x16 CrossFireX Support Video Card with Eyefinity R6870 Twin Frozr II OC,MSI,,,249.0,0,https://c1.neweggimages.com/ProductImageCompressAll300/14-127-549-01.jpg,"[[' 920MHz', ' 2560 x 1600', ' DirectX 11', ' AMD', 'R6870 Twin Frozr', '9SIB1PGJUG7713']]"
9SIB1PGJS19260,"GIGABYTE Eagle GeForce RTX 3070 Ti 8GB GDDR6X PCI Express 4.0 x16 ATX Video Card GV-N307TEAGLE OC-8GD, LHR Version",GIGABYTE,4,1.0,925.0,0,https://c1.neweggimages.com/ProductImageCompressAll300/APNMS210806y4Spx.jpg,[['GV-N307TEAGLE OC-8GD-S1']]
9SIB1PGJVP1511,ASUS GeForce GTX 750 Ti 2GB GDDR5 PCI Express 3.0 Video Card STRIX-GTX750TI-OC-2GD5,ASUS,4.1,32.0,273.0,0,https://c1.neweggimages.com/ProductImageCompressAll300/14-121-896-03.jpg,"[[' 1124 MHz', ' 4096 x 2160', ' 1 x DisplayPort', ' 1 x DVI-I', 'STRIX-GTX750TIOC2GD5']]"
9SIAH8WJK32854,MSI GeForce GTX 1660 SUPER DirectX 12 GTX 1660 SUPER VENTUS XS OC 6GB 192-Bit GDDR6 PCI Express 3.0 x16 HDCP Ready Video Card,MSI,,,319.46,0,https://c1.neweggimages.com/ProductImageCompressAll300/A73MS200309tN0e6.jpg,"[[' 7680 x 4320', ' 3 x DisplayPort 1.4', ' 1 x HDMI 2.0b', ' 8.03"" x 5.04""', 'C GTX 1660 SUPER VEN']]"
9SIB1PGJVP1487,ASUS Radeon HD 6950 2GB GDDR5 PCI Express 2.1 x16 CrossFireX Support Video Card EAH6950 DCII/2DI4S/2GD5,ASUS,4.3,58.0,298.0,0,https://c1.neweggimages.com/ProductImageCompressAll300/14-121-431-02.jpg,"[[' 810MHz', ' 2560 x 1600', ' 4 x DisplayPort', ' 2 x DVI', 'EAH6950 DCII/2DI4S/2', '9SIB1PGJVP1487']]"
9SIB1PGJUG9035,"GIGABYTE GeForce GTX 960 2GB WINDFORCE 2X OC EDITION, GV-N960WF2OC-2GD",GIGABYTE,4.3,13.0,339.0,0,https://c1.neweggimages.com/ProductImageCompressAll300/14-125-771-03.jpg,"[[' 1241 MHz in OC Mode\n1216 MHz in Gaming Mode', ' 3 x DisplayPort', ' 1 x DVI-I\n1 x DVI-D', ' 1 x HDMI', 'GV-N960WF2OC-2GD', '9SIB1PGJUG9035']]"
9SIB1PGJVE0389,XFX GeForce 7600GS 256MB GDDR2 PCI Express x16 SLI Support Video Card PVT73PUMH4,XFX,4,6.0,215.0,0,https://c1.neweggimages.com/ProductImageCompressAll300/14-150-235-09.jpg,"[[' 400 MHz', ' 2560 x 1600', ' 1 x DVI', ' 1 x HDMI', 'PVT73PUMH4', '9SIB1PGJVE0389']]"
9SIB1PGJVR4047,ASUS Radeon R9 Nano R9NANO-4G 4GB 4096-Bit HBM PCI Express 3.0 HDCP Ready CrossFireX Support Video Card,ASUS,,,499.0,0,https://c1.neweggimages.com/ProductImageCompressAll300/14-121-993-11.jpg,"[[' 1000 MHz', ' 4096 x 2160', ' 3 x DisplayPort', ' 1 x HDMI', 'R9NANO-4G', '9SIB1PGJVR4047']]"
9SIB1PGJVD6177,"GIGABYTE GeForce GTX 960 4GB G1 GAMING OC EDITION, GV-N960G1 GAMING-4GD",GIGABYTE,4.6,39.0,469.0,0,https://c1.neweggimages.com/ProductImageCompressAll300/14-125-777-08.jpg,"[[' Gaming Mode: 1241 MHz, OC Mode: 1266 MHz', ' Digital: 4096 x 2160\nAnalog: 2048 x 1536', ' 3 x DisplayPort', ' 1 x Dual-link DVI-I\n1 x Dual-link DVI-D', 'GV-N960G1 GAMING-4GD']]"
9SIB1PGJX13831,GIGABYTE Radeon RX VEGA 64 BLACK DirectX 12 GV-RXVEGA64-8GD-B 8GB 2048-Bit HBM2 PCI Express 3.0 x16 ATX Video Card,GIGABYTE,4.2,6.0,659.0,0,https://c1.neweggimages.com/ProductImageCompressAll300/14-125-996-V01.jpg,"[[' 1247 MHz', ' 7680 x 4320', ' 3 x DisplayPort 1.4', ' 1 x HDMI 2.0b', 'GV-RXVEGA64-8GD-B', '9SIB1PGJX13831']]"
9SIB1PGJ9U5615,GIGABYTE Radeon RX VEGA 64 SILVER DirectX 12 GV-RXVEGA64SIL-8GD-B 8GB 2048-Bit HBM2 PCI Express 3.0 x16 ATX Video Card,GIGABYTE,4,1.0,659.0,0,https://c1.neweggimages.com/ProductImageCompressAll300/14-125-995-V01.jpg,"[[' 1247 MHz', ' 7680 x 4320', ' 3 x DisplayPort 1.4', ' 1 x HDMI 2.0b', 'GV-RXVEGA64SIL-8GD-B', '9SIB1PGJ9U5615']]"
9SIB1PGJVP6499,GIGABYTE Radeon R9 280 3GB GDDR5 PCI Express 3.0 ATX Video Card GV-R928WF3OC-3GD,GIGABYTE,3.2,39.0,289.0,0,https://c1.neweggimages.com/ProductImageCompressAll300/14-125-515-02.jpg,"[[' 950 MHz', ' Digital: 4096 x 2160 (via a single HDMI connector or DisplayPort and not supported with two DVI connectors)\r\nAnalog: 2048 x 1536', ' 2 x Mini DisplayPort', ' 1 x DVI-I', 'GV-R928WF3OC-3GD', '9SIB1PGJVP6499']]"
9SIB1PGFBV8705,MSI GAMING Radeon RX 470 GDDR5 4GB CrossFire FinFET DirectX 12 Graphics Card (RX 470 ARMOR 4G OC),MSI,,,463.0,0,https://c1.neweggimages.com/ProductImageCompressAll300/AGT3D200810ZX0PV.jpg,"[[' 246 mm', '31949311082560']]"
9SIB1PGJUN9503,XFX Double D Radeon HD 7850 2GB GDDR5 PCI Express 3.0 x16 CrossFireX Support Video Card FX-785A-CDFC,XFX,4.4,199.0,320.0,0,https://c1.neweggimages.com/ProductImageCompressAll300/14-150-609-05.jpg,"[[' 860MHz', ' 2 x Mini DisplayPort', ' 2 x DVI (1 Single Link, 1 Dual Link)', ' 1 x HDMI', 'FX-785A-CDFC', '9SIB1PGJUN9503']]"
9SIB1PGJUP8231,XFX Radeon R9 280X 3GB GDDR5 PCI Express 3.0 x16 CrossFireX Support Black Double Dissipation Edition Video Card R9-280X-TDBD,XFX,3.6,104.0,285.0,0,https://c1.neweggimages.com/ProductImageCompressAll300/14-150-690-07.jpg,"[[' 1080 MHz', ' Analog: 2048 x 1536\r\nDigital: 2560 x 1600 (DVI); 4096 x 2160 (HDMI; DP)', ' 2 x Mini DisplayPort 1.2', ' 1 x SL-DVI-D\r\n1 x DL-DVI-I', 'r9-280x-tdbd', '9SIB1PGJUP8231']]"
9SIB1PGFBY6109,"EVGA GeForce GTX 1080 Ti SC2 GAMING, 11G-P4-6593-KR, 11GB GDDR5X, iCX Technology - 9 Thermal Sensors & RGB LED G/P/M",EVGA,4.6,84.0,749.0,0,https://c1.neweggimages.com/ProductImageCompressAll300/14-487-337-V01.jpg,"[[' 1556 MHz', ' 7680 x 4320', ' 3 x DisplayPort 1.4', ' 1 x Dual-Link DVI-D', '11G-P4-6593-KR']]"
9SIB1PGJWZ4558,XFX Radeon RX 480 4GB GDDR5 PCI Express 3.0 CrossFireX Support Video Card RX-480M4BFA6,XFX,4.8,10.0,648.0,0,https://c1.neweggimages.com/ProductImageCompressAll300/14-150-771-14.jpg,"[[' 1266 MHz', ' 4096 x 2160', ' 3 x DisplayPort 1.4', ' 1 x HDMI 2.0b', 'RX-480M4BFA6', '9SIB1PGJWZ4558']]"
9SIB1PGJWZ1708,"GIGABYTE GeForce GTX 1070 8GB G1 Rock Video Card, GV-N1070G1 ROCK-8GD",GIGABYTE,,,579.0,0,https://c1.neweggimages.com/ProductImageCompressAll300/14-125-959-V01.jpg,"[[' 1607 MHz in OC Mode\n1582 MHz in Gaming Mode', ' 7680 x 4320', ' 3 x DisplayPort 1.4', ' 1 x Dual-link DVI-D', 'GV-N1070G1 ROCK-8GD', '9SIB1PGJWZ1708']]"
9SIAXZZJHV2505,"MAXSUN GeForce RTX 3070 Ti 8GB GDDR6X iCraft Limited Edition Video Gaming Graphics Card GPU for Computer Gaming PC, RGB, Metal Back Plate, PCI Express 4.0 x16 HDMI 2.1 Video Gaming Graphics Cards",MAXSUN,4.7,7.0,629.99,0,https://c1.neweggimages.com/ProductImageCompressAll300/AXZZS2209070EWLPDB1.jpg,"[[' 1575 MHz', ' 7680x4320', ' 3 x DisplayPort 1.4a', ' 1 x HDMI 2.1', 'MS-GeForce RTX3070Ti iCraft OC 8GLimited']]"
9SIB1PGJUR0434,XFX Radeon R9 390X 8GB DDR5 CrossFireX Support Video Card R9-390X-8VR6,XFX,5,2.0,449.0,0,https://c1.neweggimages.com/ProductImageCompressAll300/14-150-767-14.jpg,"[[' 1050 MHz', ' ANALOG: 2048 x 1536\r\nDIGITAL: 2560 x 1600 (DVI); 4096 x 2160 (HDMI; DP)', ' 1 x DisplayPort 1.2', ' 2 x DL-DVI-D', 'R9-390X-8VR6', '9SIB1PGJUR0434']]"
9SIB1PGJJF8302,ASUS Dual GeForce RTX 2070 SUPER 8GB GDDR6 PCI Express 3.0 x16 SLI Support Video Card DUAL-RTX2070S-A8G-EVO,ASUS,3.9,15.0,675.0,0,https://c1.neweggimages.com/ProductImageCompressAll300/14-126-394-S01.jpg,"[[' OC Mode: 1635 MHz\nGaming Mode (Default): 1605 MHz', ' 7680 x 4320', ' 3 x DisplayPort 1.4', ' 1 x HDMI 2.0b', 'DUAL-RTX2070S-A8G-EV']]"
9SIB1PGJE98598,XFX RX-560D4SFG5 Radeon RX 560 4GB GDDR5 - 1196 MHz Core - 14 CU - Dual Slot Space Required Graphic Card,XFX,4.5,6.0,369.0,0,https://c1.neweggimages.com/ProductImageCompressAll300/AD2C_131836798650846697FEiYgu8rQO.jpg,"[[' 1196 MHz', ' 4096 x 2160', ' 1 x DisplayPort 1.4', ' 1 x DL-DVI-D', 'RX-560D4SFG5']]"
9SIB1PGJUR0767,ASUS Radeon HD 6970 2GB GDDR5 PCI Express 2.1 x16 CrossFireX Support Video Card with Eyefinity EAH6970/2DI2S/2GD5,ASUS,4.8,35.0,325.0,0,https://c1.neweggimages.com/ProductImageCompressAll300/14-121-417-05.jpg,"[[' 890MHz', ' 2560 x 1600', ' 2 x Mini DisplayPort', ' 2 x DVI', 'EAH6970/2DI2S/2GD5', '9SIB1PGJUR0767']]"
9SIB1PGJUN9104,ASUS Radeon HD 7870 GHz Edition 2GB GDDR5 PCI Express 3.0 x16 CrossFireX Support Video Card HD7870-DC2TG-2GD5-V2,ASUS,3,8.0,345.0,0,https://c1.neweggimages.com/ProductImageCompressAll300/14-121-648-02.jpg,"[[' 1100 MHz', ' 1 x DisplayPort', ' 2 x DVI', ' 1 x HDMI', 'HD7870-DC2TG-2GD5-V2', '9SIB1PGJUN9104']]"
9SIB1PGJVP1478,ASUS Radeon HD 6950 2GB GDDR5 PCI Express 2.1 x16 CrossFireX Support Video Card with Eyefinity EAH6950/2DI2S/2GD5,ASUS,4.8,45.0,298.0,0,https://c1.neweggimages.com/ProductImageCompressAll300/14-121-416-05.jpg,"[[' 810MHz', ' 2560 x 1600', ' 2 x Mini DisplayPort', ' 2 x DVI', 'EAH6950/2DI2S/2GD5', '9SIB1PGJVP1478']]"
9SIBMWJJWP4862,ASUS ROG STRIX GeForce RTX 2060 6GB GDDR6 PCI Express 3.0 Video Card ROG-STRIX-RTX2060-O6G-EVO-V2-GAMING,ASUS,4.6,19.0,345.3,$49.99 Shipping,https://c1.neweggimages.com/ProductImageCompressAll300/14-126-504-V01.jpg,"[[' 7680 x 4320', ' 2 x DisplayPort 1.4a', ' 2 x HDMI 2.0b', ' 11.85"" x 5.16""', 'STRIX-RTX2060-O6GEV2']]"
9SIB1PGJJF0730,MSI GeForce RTX 2080 Ti 11GB GDDR6 PCI Express 3.0 x16 SLI Support Video Card RTX 2080 Ti LIGHTNING,MSI,5,1.0,1079.0,0,https://c1.neweggimages.com/ProductImageCompressAll300/14-137-453-V05.jpg,"[[' 7680 x 4320', ' 3 x DisplayPort 1.4', ' 1 x HDMI 2.0b', ' 12.91"" x 5.63""', 'RTX 2080 Ti LIGHTNG']]"
9SIB1PGJSS7432,"GIGABYTE Radeon RX 6500 XT GAMING OC Graphics Card, 4GB 64-bit GDDR6, Support PCI Express 4.0,1 x HDMI 2.1 Interface, 1 x DisplayPort 1.4a Interface",GIGABYTE,,,425.0,0,https://c1.neweggimages.com/ProductImageCompressAll300/A4RES2203230J1BPK76.jpg,"[[' 7680 x 4320', ' 1 x DisplayPort 1.4a', ' 1 x HDMI 2.1', ' 282×114 mm', 'GIGABYTE Radeon RX 6500 XT GAMING OC']]"
9SIB1PGFBY9473,ASUS Radeon HD 6850 1GB GDDR5 PCI Express 2.1 x16 CrossFireX Support Video Card with Eyefinity EAH6850 DC/2DIS/1GD5/V2,ASUS,4.4,170.0,243.0,0,https://c1.neweggimages.com/ProductImageCompressAll300/14-121-419-02.jpg,"[[' 790MHz', ' 2560 x 1600', ' 1 x DisplayPort', ' 2 x DVI', 'EAH6850 DC/2DIS/1GD5', '9SIB1PGFBY9473']]"
9SIBMWJJVZ9103,"GIGABYTE GeForce RTX 3080 GAMING OC 10GB Video Card, GV-N3080GAMING OC-10GD",GIGABYTE,4.1,135.0,754.01,$49.99 Shipping,https://c1.neweggimages.com/ProductImageCompressAll300/14-932-329-01.jpg,"[[' 7680 x 4320 @ 60 Hz', ' 3 x DisplayPort 1.4a', ' 2 x HDMI 2.1', ' 12.60"" x 5.08""', 'GVN3080GAMINGOC10GD']]"
9SIB1PGJUN9615,XFX FX-785A-CNFC Radeon HD 7850 Core Edition 2GB 256-bit GDDR5 PCI Express 3.0 x16 HDCP Ready CrossFireX Support Video Card,XFX,3.9,33.0,320.0,0,https://c1.neweggimages.com/ProductImageCompressAll300/14-150-608-05.jpg,"[[' 860MHz', ' 2 x Mini DisplayPort', ' 2 x DVI (1 Single Link, 1 Dual Link)', ' 1 x HDMI', 'FX-785A-CNFC', '9SIB1PGJUN9615']]"
9SIB1PGJPM1483,GIGABYTE Vision GV-N3070VISION OC-8GD (rev. 2.0) (LHR) OC GeForce RTX 3070 8GB GDDR6 PCI Express 4.0 ATX Video Card,GIGABYTE,,,849.0,0,https://c1.neweggimages.com/ProductImageCompressAll300/AG7RS22062004O8L31C.jpg,"[[' 1815 MHz', ' 7680 x 4320', ' 2 x DisplayPort 1.4a', ' 2 x HDMI 2.1', 'GV-N3070VISION OC-8GD (rev. 2.0).']]"
9SIB1PGJV23033,"ASRock Radeon RX 6800 Challenger Pro Gaming Graphics Card with 16GB GDDR6, AMD RDNA 2 (RX6800 CLP 16GO)",ASRock,5,1.0,1059.0,0,https://c1.neweggimages.com/ProductImageCompressAll300/14-930-047-01.jpg,"[[' 1750 MHz', ' 7680 x 4320', ' 3 x DisplayPort 1.4', ' 1 x HDMI 2.1 VRR', 'RX6800 CLP 16GO']]"
9SIAFVFH1M3636,ASUS Dual Radeon RX 6500 XT 4GB GDDR6 PCI Express 4.0 CrossFireX Support Video Card DUAL-RX6500XT-O4G,ASUS,4.5,12.0,214.44,$16.99 Shipping,https://c1.neweggimages.com/ProductImageCompressAll300/14-126-553-V01.jpg,"[[' 7680 x 4320', ' 1 x DisplayPort 1.4a', ' 1 x HDMI 2.1', ' 7.90"" x 5.03""', 'DUAL-RX6500XT-O4G']]"
9SIBKMGK0W5544,ASUS Radeon RX 6800 16GB GDDR6 PCI Express 4.0 CrossFireX Support Video Card RX6800-16G,ASUS,5,1.0,1040.0,0,https://c1.neweggimages.com/ProductImageCompressAll300/14-126-473-01.jpg,"[[' 7680 x 4320', ' 2 x DisplayPort 1.4a', ' 1 x HDMI 2.1', ' 10.50"" x 4.72""', 'RX6800-16G']]"
9SIB1PGJUP9387,ASUS Radeon R9 280X 3GB GDDR5 PCI Express 3.0 x16 CrossFireX Support Video Card MATRIX-R9280X-P-3GD5,ASUS,3.2,37.0,295.0,0,https://c1.neweggimages.com/ProductImageCompressAll300/14-121-805-04.jpg,"[[' 1100MHz', ' 2560 x 1600 (DVI)', ' 4 x DisplayPort', ' 1 x DVI-I, 1 x DVI-D', 'MATRIX-R9280X-P-3GD5', '9SIB1PGJUP9387']]"
9SIB601J1T4323,GeForce GTX 970 4GB GDDR5 256BIT PCI Express 3.0 16X Support Video Card,Mannajue,,,159.0,0,https://c1.neweggimages.com/ProductImageCompressAll300/B602S2207140YO1Y557.jpg,"[[' 1 x DisplayPort', ' 1 x DVI', ' 1 x HDMI', ' DirectX 11.2', '970', '9SIB601J1T4323']]"
9SIB1PGJPG9972,"GIGABYTE Gaming GeForce RTX 3080 Ti 12GB 384-Bit GDDR6X PCI Express 4.0 x16 ATX Video Card, 3X WINDFORCE Fans, GV-N308TGAMING OC-12GD Graphics Card",GIGABYTE,,,1380.0,0,https://c1.neweggimages.com/ProductImageCompressAll300/AYTVD210628WZKXJ.jpg,"[[' 12.60"" x 5.08""', ' \t2.7 slot', ' NVIDIA', ' NVIDIA GeForce RTX 30 Series', '308TGAMINGOC12GD LHR']]"
9SIB1PGJJH3182,"ZOTAC GAMING GeForce RTX 2060 6GB GDDR6 192-bit Gaming Graphics Card, Super Compact, ZT-T20600K-10M",ZOTAC,4.6,52.0,695.0,0,https://c1.neweggimages.com/ProductImageCompressAll300/14-500-495-S01.jpg,"[[' DisplayPort 1.4: up to 7680x4320@60Hz\nHDMI 2.0: up to 3840x2160@60Hz', ' 3 x DisplayPort 1.4', ' 1 x HDMI 2.0b', ' 8.31"" x 4.92""', 'ZT-T20600K-10M']]"
9SIB1PGJUG5574,ASUS ROG STRIX GeForce RTX 2080 SUPER 8GB GDDR6 PCI Express 3.0 SLI Support Video Card ROG-STRIX-RTX2080S-O8G-WHITE-GAMING,ASUS,4.8,20.0,980.0,0,https://c1.neweggimages.com/ProductImageCompressAll300/14-126-396-V01.jpg,"[[' 1650 MHz', ' 7680 x 4320', ' 2 x DisplayPort 1.4', ' 2 x HDMI 2.0b', 'RTX2080S-O8G-WHITE-G']]"
9SIB1PGG1Y2684,"EVGA GeForce RTX 2080 SUPER XC GAMING Video Card, 08G-P4-3182-KR, 8GB GDDR6, RGB LED, Metal Backplate",EVGA,4.7,44.0,849.0,0,https://c1.neweggimages.com/ProductImageCompressAll300/14-487-464-V01.jpg,"[[' 7680 x 4320', ' 3 x DisplayPort 1.4', ' 1 x HDMI 2.0b', ' 10.62"" x 4.38""', '08G-P4-3182-KR']]"
9SIB1PGJWB5402,ASUS AREZ RX 560 O4G OC Edition GDDR5 DP HDMI DVI AMD Graphics Card (AREZ-RX560-O4G-EVO),ASUS,4.8,12.0,369.0,0,https://c1.neweggimages.com/ProductImageCompressAll300/14-126-259-V04.jpg,"[[' 1149 MHz', ' 5120 x 2880', ' 1 x DisplayPort 1.4', ' 1 x DVI-D', 'AREZ-RX560-O4G-EVO']]"
9SIB1PGFBY3922,EVGA 01G-P3-1561-AR GeForce GTX 560 Ti FPB (Fermi) 1GB 256-bit GDDR5 PCI Express 2.0 x16 HDCP Ready SLI Support FPB Video Card,EVGA,4.5,501.0,269.0,0,https://c1.neweggimages.com/ProductImageCompressAll300/14-130-604-10.jpg,"[[' 850 Mhz (v.s. 822 Mhz reference)', ' 2560 x 1600', ' 2 x DVI', ' 1 x mini HDMI', '01G-P3-1561-AR', '9SIB1PGFBY3922']]"
9SIB1PGFBZ3101,EVGA 03G-P4-2888-KR G-SYNC Support GeForce GTX 780 Ti Dual Classified w/ EVGA ACX Cooler 3GB 384-bit GDDR5 PCI Express 3.0 SLI Support Video Card,EVGA,4.6,61.0,465.0,0,https://c1.neweggimages.com/ProductImageCompressAll300/14-487-007-17.jpg,"[[' 1020MHz', ' 4096 x 2160', ' 1 x DisplayPort', ' 1 x DVI-D\n1 x DVI-I', '03G-P4-2888-KR', '9SIB1PGFBZ3101']]"
9SIB1PGJX62675,EVGA 02G-P4-2763-KR G-SYNC Support GeForce GTX 760 2GB 256-Bit GDDR5 PCI Express 3.0 SLI Support w/ EVGA ACX Cooler Video Card,EVGA,4.6,91.0,320.0,0,https://c1.neweggimages.com/ProductImageCompressAll300/14-130-933-16.jpg,"[[' 980 MHz', ' 4096 x 2160', ' 1 x DisplayPort', ' 1 x DVI-I\n1 x DVI-D', '02G-P4-2763-KR', '9SIB1PGJX62675']]"
9SIB1PGH878582,EVGA GeForce GTX 570 (Fermi) 1280MB GDDR5 PCI Express 2.0 x16 SLI Support Video Card 012-P3-1570-AR,EVGA,4.6,330.0,280.0,0,https://c1.neweggimages.com/ProductImageCompressAll300/14-130-593-02.jpg,"[[' 732MHz', ' 2560 x 1600', ' 2 x DVI', ' 1 x mini HDMI', '012-P3-1570-AR', '9SIB1PGH878582']]"
9SIA4REH885827,"GIGABYTE GeForce RTX 3070 VISION OC 8G (LHR) Video Card,8GB 256-bit GDDR6,PCI Express 4.0,2×HDMI 2.1 Interface, 2×DisplayPort 1.4a Interface",GIGABYTE,,,823.38,0,https://c1.neweggimages.com/ProductImageCompressAll300/A4RES21121308314253.jpg,"[[' 1815 MHz', ' 7680 x 4320', ' 2 x DisplayPort 1.4a', ' 2 x HDMI 2.1', 'GIGABYTE RTX 3070 VISION OC 8G LHR']]"
9SIB1PGJPK5456,MSI Gaming GeForce RTX 3070 LHR 8GB GDRR6 256-Bit HDMI/DP Nvlink Torx Fan 2 Ampere Architecture OC Graphics Card (RTX 3070 Ventus 2X 8G OC LHR),MSI,,,849.0,0,https://c1.neweggimages.com/ProductImageCompressAll300/AG7RS22060307Y5L0AE.jpg,"[[' NVIDIA', ' NVIDIA GeForce RTX 30 Series', ' 1755 MHz', ' 5888 Cores', 'MSI Ventus GeForce RTX 3070 8GB', '9SIB1PGJPK5456']]"
9SIARPHJRH3580,"MSI GeForce RTX 3060 GAMING X TRIO 12G  (LHR) Video Card,12GB 192-bit GDDR6 PCI Express 4.0 x16,1852MHz Core Frequency,1×HDMI interface, 3×DisplayPort interface",MSI,5,3.0,414.04,$49.99 Shipping,https://c1.neweggimages.com/ProductImageCompressAll300/A4RES2111110IDSZL6F.jpg,"[[' 7680 x 4320', ' 3 x DisplayPort 1.4a', ' 1 x HDMI 2.1', ' 12.72"" x 5.51""', 'MIS RTX 3060 GAMING X TRIO 12G LHR']]"
9SIBMWJJX98347,ASUS ROG GeForce GTX 1080 Ti 11GB GDDR5X SLI Support Video Card STRIX-GTX1080TI-11G-GAMING,ASUS,4.1,74.0,592.48,$49.99 Shipping,https://c1.neweggimages.com/ProductImageCompressAll300/14-126-187-V08.jpg,"[[' 1518 MHz (OC Mode)\n1493 MHz (Gaming Mode)', ' 7680 x 4320', ' 2 x DisplayPort 1.4', ' 1 x Dual-Link DVI-D', 'GTX1080TI-11G-GAMING']]"
9SIB1PGJPM1442,"GIGABYTE GeForce RTX 3070 Ti Gaming OC 8G Graphics Card, WINDFORCE 3X Cooling System, 8GB 256-bit GDDR6X, GV-N307TGAMING OC-8GD Video Card",GIGABYTE,,,925.0,0,https://c1.neweggimages.com/ProductImageCompressAll300/AXDWS210816ICA8t.jpg,"[[' 7680 x 4320', ' 2 x DisplayPort 1.4a', ' 2 x HDMI 2.1', ' 12.60"" x 5.08""', 'GV-N307TGAMING OC-8GD', '9SIB1PGJPM1442']]"
9SIB1PGJVP1520,XFX Radeon HD 6870 2GB GDDR5 PCI Express 2.1 x16 CrossFireX Support Video Card HD-687A-CDFC,XFX,4,4.0,279.0,0,https://c1.neweggimages.com/ProductImageCompressAll300/14-150-583-05.jpg,"[[' 900 MHz', ' 2560 x 1600', ' 2 x Mini DisplayPort', ' 2 x DVI (1 Single Link, 1 Dual Link)', 'HD-687A-CDFC', '9SIB1PGJVP1520']]"
9SIB1PGJVD5771,ASUS Radeon HD 7970 3GB GDDR5 PCI Express 3.0 x16 CrossFireX Support Video Card HD7970-3GD5-3DI2S,ASUS,4.3,22.0,498.0,0,https://c1.neweggimages.com/ProductImageCompressAll300/14-121-485-02.jpg,"[[' 925 MHz', ' 4096 x 2160 (HDMI)\r\n4096 x 2160 (DisplayPort)\r\n2560 x 1600 (DL-DVI)', ' 2 x Mini DisplayPort', ' 1 x DVI', 'HD7970-3GD5-3DI2S', '9SIB1PGJVD5771']]"
9SIAPMXGZN3417,"ASUS TUF Gaming NVIDIA GeForce RTX 3080 OC Edition Graphics Card (PCIe 4.0, 12GB GDDR6X, LHR, HDMI 2.1, DisplayPort 1.4a, Dual Ball Fan Bearings, Military-grade Certification, GPU Tweak)",ASUS,4.5,44.0,1199.99,0,https://c1.neweggimages.com/ProductImageCompressAll300/14-126-551-V06.jpg,"[[' 7680 x 4320', ' 3 x DisplayPort 1.4a', ' 2 x HDMI 2.1', ' 11.81"" x 5.00""', 'TUF-RTX3080-O12G-GAMING']]"
9SIBMWJJWP6752,ASUS Dual GeForce GTX 1660 SUPER 6GB GDDR6 PCI Express 3.0 Video Card DUAL-GTX1660S-O6G-MINI,ASUS,4,10.0,258.79,$49.99 Shipping,https://c1.neweggimages.com/ProductImageCompressAll300/V1DSD2005142Q9P0.jpg,"[[' 1530 MHz', ' 7680 x 4320', ' 1 x DisplayPort 1.4', ' 1 x DVI-D', 'DUAL-GTX1660S-O6G-MI']]"
9SIAMJDJVG4327,MSI Suprim GeForce RTX 3080 10GB GDDR6X PCI Express 4.0 Video Card RTX 3080 SUPRIM 10G,MSI,,,,$64.33 Shipping,https://c1.neweggimages.com/ProductImageCompressAll300/14-137-634-V07.jpg,"[[' 7680 x 4320', ' 3 x DisplayPort 1.4a', ' 1 x HDMI 2.1', ' 13.23"" x 5.51""', 'RTX 3080 SUPRIM 10G']]"
9SIAAY9JK47478,"ASUS ROG Strix AMD Radeon RX 6650 XT OC Edition Gaming Graphics Card (AMD RDNA 2, PCIe 4.0, 8GB GDDR6, HDMI 2.1, DisplayPort 1.4a, Axial-tech Fan Design, Super Alloy Power II, GPU Tweak II)",ASUS,5,1.0,485.0,0,https://c1.neweggimages.com/ProductImageCompressAll300/14-126-577-01.jpg,"[[' 7680 x 4320', ' 3 x DisplayPort 1.4a', ' 1 x HDMI 2.1', ' 11.10"" x 5.30""', 'ROG-STRIX-RX6650XT-O8G-GAMING']]"
9SIB1PGJUM1136,Zotac GeForce GTX 1070 AMP Core Edition Graphic Card - 1.61 GHz Core - 1.80 GHz Boost Clock - 8 GB GDDR5 - Dual Slot Space Required,ZOTAC,,,579.0,0,https://c1.neweggimages.com/ProductImageCompressAll300/ADGE_131467588916023769C5bEC40zgr.jpg,"[[' 1607 MHz', ' 3 x DisplayPort 1.4', ' 1 x DVI', ' 1 x HDMI', 'ZT-P10700N-10P']]"
9SIB1PGJWC1614,EVGA 02G-P4-3751-KR G-SYNC Support GeForce GTX 750 Ti 2GB 128-Bit GDDR5 PCI Express 3.0 Video Card,EVGA,4.5,104.0,340.0,0,https://c1.neweggimages.com/ProductImageCompressAll300/14-487-025-16.jpg,"[[' 1020 MHz', ' Analog: 2048 x 1536\nDigital: 4096 x 2160', ' 1 x DisplayPort', ' 1 x DVI-I', '02G-P4-3751-KR', '9SIB1PGJWC1614']]"
9SIB1PGJU26651,ASUS Dual Radeon RX 5700 XT 8GB GDDR6 PCI Express 4.0 Video Card DUAL-RX5700XT-O8G-EVO,ASUS,4.4,20.0,650.0,0,https://c1.neweggimages.com/ProductImageCompressAll300/14-126-434-V01.jpg,"[[' 7680 x 4320', ' 3 x DisplayPort 1.4', ' 1 x HDMI 2.0b', ' 11.13"" x 5.20""', 'DUAL-RX5700XT-O8G-EV']]"
9SIB1PGFBY7530,EVGA 03G-P4-2881-KR G-SYNC Support GeForce GTX 780 Ti 3GB 384-Bit GDDR5 PCI Express 3.0 SLI Support Video Card,EVGA,4.8,33.0,420.0,0,https://c1.neweggimages.com/ProductImageCompressAll300/14-487-002-10.jpg,"[[' 876MHz', ' 4096 x 2160', ' 1 x DisplayPort', ' 1 x DVI-D\n1 x DVI-I', '03G-P4-2881-KR', '9SIB1PGFBY7530']]"
9SIB1PGJX60611,EVGA 02G-P4-3063-KR G-SYNC Support GeForce GTX 660 2GB 192-Bit GDDR5 PCI Express 3.0 SLI Support Video Card w/ ACX Cooler,EVGA,4.7,56.0,260.0,0,https://c1.neweggimages.com/ProductImageCompressAll300/14-130-967-10.jpg,"[[' 1072MHz', ' 2560 x 1600', ' 1 x DisplayPort', ' 2 x DVI', '02G-P4-3063-KR', '9SIB1PGJX60611']]"
9SIB1PGJX98740,XFX Radeon R7 370 2GB GDDR5 PCI Express 3.0 CrossFireX Support Double Dissipation XXX OC Video Card R7-370P-2255,XFX,4.5,17.0,310.0,0,https://c1.neweggimages.com/ProductImageCompressAll300/14-150-735-04.jpg,"[[' 995 MHz', ' ANALOG: 2048 x 1536\r\nDIGITAL: 2560 x 1600 (DVI); 4096 x 2160 (HDMI; DP)', ' 1 x DisplayPort 1.2', ' 1 x DL-DVI-D\r\n1 x DL-DVI-I', 'R7-370P-2255', '9SIB1PGJX98740']]"
9SIB1PGFBY1653,"GIGABYTE GeForce GTX 980Ti 6GB WINDFORCE 3X OC EDITION, GV-N98TWF3OC-6GD",GIGABYTE,3.9,28.0,589.0,0,https://c1.neweggimages.com/ProductImageCompressAll300/14-125-803-08.jpg,"[[' 1102 MHz in OC Mode\n1064 MHz in Gaming Mode', ' Digital: 4096 x 2160\nAnalog: 2048 x 1536', ' 3 x DisplayPort', ' 1 x Dual-Link DVI-I\n1 x Dual-Link DVI-D', 'GV-N98TWF3OC-6GD']]"
9SIA7ABGAT6339,SAPPHIRE Toxic Radeon RX 6900 XT 16GB GDDR6 PCI Express 4.0 ATX Video Card 11308-06-20G,Sapphire Tech,4.8,17.0,1689.0,Special Shipping,https://c1.neweggimages.com/ProductImageCompressAll300/14-202-396-01.jpg,"[[' 7680 x 4320', ' 3 x DisplayPort 1.4', ' 1 x HDMI 2.1', ' Board: 10.63"" x 5.12""\nHex / Radiator: 14.17"" x 4.72""\nStandard Rubber Tubing: 18.50""', '11308-06-20G']]"
9SIBMWJJXU6592,SAPPHIRE PULSE Radeon RX 5600 XT 6GB GDDR6 PCI Express 4.0 ATX Video Card 100419P6GL,Sapphire Tech,4.2,137.0,388.07,$49.99 Shipping,https://c1.neweggimages.com/ProductImageCompressAll300/14-202-364-V01.jpg,"[[' HDMI: 4096x2160@60Hz\nDisplayPort1.4: 5120x2880@60Hz', ' 3 x DisplayPort 1.4', ' 1 x HDMI', ' 10.00"" x 5.31""', '100419P6GL']]"
9SIB1PGJPM2414,MSI Gaming GeForce RTX 3070 Ti 8GB GDRR6X 256-Bit HDMI/DP Nvlink Torx Fan 3 Ampere Architecture OC Graphics Card (RTX 3070 Ti Gaming X Trio 8G),MSI,,,925.0,0,https://c1.neweggimages.com/ProductImageCompressAll300/A73MS2204180KHHOY63.jpg,"[[' NVIDIA', ' NVIDIA GeForce RTX 30 Series', '(RTX 3070 Ti Gaming X Trio 8G)', '9SIB1PGJPM2414']]"
9SIB1PGJUN9450,ASUS Radeon HD 7850 2GB GDDR5 PCI Express 3.0 x16 CrossFireX Support Video Card HD7850-DC2-2GD5,ASUS,4,53.0,320.0,0,https://c1.neweggimages.com/ProductImageCompressAll300/14-121-623-05.jpg,"[[' 870MHz', ' 2560 x 1600 (DL-DVI)', ' 2 x Mini DisplayPort', ' 1 x DVI', 'HD7850-DC2-2GD5', '9SIB1PGJUN9450']]"
9SIAH8WJJY2585,GIGABYTE Eagle GeForce RTX 3060 12GB GDDR6 PCI Express 4.0 x16 ATX Video Card GV-N3060EAGLE OC-12GD (REV 2.0),GIGABYTE,,,388.44,0,https://c1.neweggimages.com/ProductImageCompressAll300/APMXS210719Oc7pA.jpg,"[[' 1320 MHz', ' 2 x DisplayPort 1.4a', ' 2 x HDMI 2.1', ' 2 Slots', 'GV-N3060EAGLE OC-12GD REV2']]"
9SIAH8WJHR2876,MSI GeForce GTX 1660 SUPER Gaming X 6GB GDDR6 192-bit HDMI/DP Support PCI Express 3.0 x16 DirectX 12 Dual Fan VR Ready Graphics Card,MSI,,,379.7,0,https://c1.neweggimages.com/ProductImageCompressAll300/ARA8D210902JPIL9.jpg,[['MSI40']]
9SIB1PGJVP1453,ASUS Radeon HD 6770 1GB GDDR5 PCI Express 2.1 x16 Video Card EAH6770/DI/1GD5,ASUS,4.3,53.0,269.0,0,https://c1.neweggimages.com/ProductImageCompressAll300/14-121-474-02.jpg,"[[' 850 MHz', ' 2560 x 1600', ' 1 x DVI', ' 1 x HDMI', 'EAH6770/DI/1GD5', '9SIB1PGJVP1453']]"
9SIAY2WJZW1655,ZOTAC Trinity OC GeForce RTX 3080 Ti 12GB GDDR6X PCI Express 4.0 ATX Video Card ZT-A30810J-10P,ZOTAC,4.5,10.0,1372.99,0,https://c1.neweggimages.com/ProductImageCompressAll300/14-500-521-V01.jpg,"[[' 7680 x 4320', ' 3 x DisplayPort 1.4a', ' 1 x HDMI 2.1', ' 12.50"" x 4.80""', 'ZT-A30810J-10P']]"
9SIB1PGJUN9285,SAPPHIRE Radeon HD 7870 GHz Edition 2GB GDDR5 PCI Express 3.0 x16 CrossFireX Support Video Card 100354OC-2L,Sapphire Tech,4.1,277.0,345.0,0,https://c1.neweggimages.com/ProductImageCompressAll300/14-202-025-07.jpg,"[[' 1050 MHz', ' 1 x DisplayPort', ' 2 x DVI (1 Single Link, 1 Dual Link)', ' 1 x HDMI', '100354OC-2L', '9SIB1PGJUN9285']]"
9SIB1PGJX60090,EVGA 02G-P4-2668-KR G-SYNC Support GeForce GTX 660 FTW 2GB 192-bit GDDR5 PCI Express 3.0 x16 HDCP Ready SLI Support Video Card,EVGA,4.3,11.0,260.0,0,https://c1.neweggimages.com/ProductImageCompressAll300/14-130-829-08.jpg,"[[' 1072MHz', ' 1 x DisplayPort', ' 2 x DVI', ' 1 x HDMI', '02G-P4-2668-KR', '9SIB1PGJX60090']]"
9SIB1PGJWB5512,EVGA ACX Cooler 03G-P4-2784-KR G-SYNC Support GeForce GTX 780 Superclocked 3GB 384-Bit GDDR5 PCI Express 3.0 SLI Support Video Card,EVGA,4.7,285.0,398.0,0,https://c1.neweggimages.com/ProductImageCompressAll300/14-130-918-25.jpg,"[[' 967 MHz', ' 1 x DisplayPort', ' 1 x DVI-I\n1 x DVI-D', ' 1 x HDMI', '03G-P4-2784-KR', '9SIB1PGJWB5512']]"
9SIB1PGFBY0883,EVGA GeForce 8600 GT 1GB GDDR2 PCI Express x16 SLI Support Video Card 01G-P2-N795-TR,EVGA,4,26.0,199.0,0,https://c1.neweggimages.com/ProductImageCompressAll300/14-130-341-03.jpg,"[[' 540 MHz', ' 2560 x 1600', ' 1 x DVI', ' DirectX 10', '01G-P2-N795-TR', '9SIB1PGFBY0883']]"
9SIAWKTGC57145,"GIGABYTE Geforce RTX 2060 6G Graphics Card, 2 x WINDFORCE Fans, 6GB 192-Bit GDDR, GV-N2060D6-6GD Video Card",GIGABYTE,,,386.56,0,https://c1.neweggimages.com/ProductImageCompressAll300/APMXS210311pwspt.jpg,[['GV-N2060D6-6GD']]
9SIB1PGJX60406,EVGA 02G-P4-3664-KR G-SYNC Support GeForce GTX 660 Ti FTW Signature2 2GB 192-bit GDDR5 PCI Express 3.0 x16 HDCP Ready SLI Support Video Card,EVGA,4.4,82.0,299.0,0,https://c1.neweggimages.com/ProductImageCompressAll300/14-130-837-10.jpg,"[[' 1046MHz', ' 1 x DisplayPort', ' 2 x DVI', ' 1 x HDMI', '02G-P4-3664-KR', '9SIB1PGJX60406']]"
9SIAY2WJZW1622,"ZOTAC GAMING GeForce RTX 3070 Twin Edge OC 8GB GDDR6 256-bit 14 Gbps PCIE 4.0 Gaming Graphics Card, IceStorm 2.0 Advanced Cooling, White LED Logo Lighting, ZT-A30700H-10P",ZOTAC,4.6,23.0,574.99,0,https://c1.neweggimages.com/ProductImageCompressAll300/14-500-505-01.jpg,"[[' 7680 x 4320 @ 60Hz', ' 3 x DisplayPort 1.4a', ' 1 x HDMI 2.1', ' 9.10"" x 5.60""', 'ZT-A30700H-10P']]"
9SIB1PGFBY5709,ASUS Cerberus GeForce GTX 1070 Ti 8GB GDDR5 PCI Express 3.0 Video Card CERBERUS-GTX1070TI-A8G-GAMING,ASUS,4.3,24.0,720.0,0,https://c1.neweggimages.com/ProductImageCompressAll300/14-126-231-Z01.jpg,"[[' OC mode: 1670 MHz\nGaming mode: 1607 MHz', ' 7680 x 4320', ' 2 x DisplayPort 1.4', ' 1 x DL-DVI-D', 'CERBERUSGTX1070TIA8G']]"
9SIB1PGJUN9268,SAPPHIRE  Radeon HD 7870 GHz Edition 2GB 256-bit GDDR5 PCI Express 3.0 x16 HDCP Ready CrossFireX Support Video Card (11199-00-20G),Sapphire Tech,4.5,10.0,345.0,0,https://c1.neweggimages.com/ProductImageCompressAll300/14-102-981-05.jpg,"[[' 1000 MHz', ' 4096 x 2160 (HDMI)\r\n4096 x 2160 (DisplayPort)\r\n2560 x 1600 (DL-DVI)', ' 2 x Mini DisplayPort', ' 1 x DVI', '11199-00-20G', '9SIB1PGJUN9268']]"
9SIB1PGJVD6163,EVGA 01G-P3-N988-TR GeForce 9800 GT HDMI 1GB 256-bit DDR3 PCI Express 2.0 x16 HDCP Ready SLI Support Video Card,EVGA,4.1,124.0,283.0,0,https://c1.neweggimages.com/ProductImageCompressAll300/14-130-534-03.jpg,"[[' 550 MHz', ' 2560 x 1600', ' 1 x DVI', ' 1 x HDMI', '01G-P3-N988-TR', '9SIB1PGJVD6163']]"
9SIB1PGJX60083,EVGA 02G-P4-3667-KR GeForce GTX 660 Ti FTW 2GB 192-bit GDDR5 PCI Express 3.0 x16 HDCP Ready SLI Support Video Card,EVGA,4,10.0,299.0,0,https://c1.neweggimages.com/ProductImageCompressAll300/14-130-816-10.jpg,"[[' 1046MHz', ' 2560 x 1600 (DL-DVI)', ' 1 x DisplayPort', ' 2 x DVI', '02G-P4-3667-KR', '9SIB1PGJX60083']]"
9SIB1PGJSJ7593,EVGA GeForce GT 220 512MB DDR2 PCI Express 2.0 x16 Video Card 512-P3-1220-LR,EVGA,3.6,11.0,239.0,0,https://c1.neweggimages.com/ProductImageCompressAll300/14-130-521-02.jpg,"[[' 625 MHz', ' 2560 x 1600', ' 1 x DVI', ' 1 x HDMI', '512-P3-1220-LR', '9SIB1PGJSJ7593']]"
9SIB1PGJSJ7591,EVGA GeForce GT 220 1GB DDR3 PCI Express 2.0 x16 Video Card 01G-P3-1226-LR,EVGA,4.1,42.0,239.0,0,https://c1.neweggimages.com/ProductImageCompressAll300/14-130-522-02.jpg,"[[' 625 MHz', ' 2560 x 1600', ' 1 x DVI', ' 1 x HDMI', '01G-P3-1226-LR', '9SIB1PGJSJ7591']]"
9SIBFVPJV32126,GIGABYTE Wind Devil GeForce RTX 3060 WindForce OC 12G E-sports Game Design Intelligent Learning Computer Independent Graphics Card,GIGABYTE,,,389.73,0,https://c1.neweggimages.com/ProductImageCompressAll300/AXMKS2211180X6INTD7.jpg,[['GV-N3060WF2OC-12GD']]
9SIB1PGFBY8921,"EVGA GeForce GTX 1080 SC GAMING ACX 3.0, 08G-P4-6183-KR, 8GB GDDR5X, LED, DX12 OSD Support (PXOC)",EVGA,4.5,256.0,598.0,0,https://c1.neweggimages.com/ProductImageCompressAll300/14-487-244-S99.jpg,"[[' 1708 MHz', ' 7680 x 4320', ' 3 x DisplayPort 1.4', ' 1 x Dual-Link DVI-D', '08G-P4-6183-KR']]"
9SIB1PGJPH0090,GIGABYTE AORUS GeForce RTX 3080 XTREME WATERFORCE 10GB GDDR6X PCI Express 4.0 ATX Video Card GV-N3080AORUSX W-10GD (rev. 2.0) (LHR),GIGABYTE,4.3,22.0,1450.0,0,https://c1.neweggimages.com/ProductImageCompressAll300/14-932-472-V12.jpg,"[[' 1845 MHz', ' 7680 x 4320', ' 3 x DisplayPort 1.4a', ' 2 x HDMI 2.1, 1 x HDMI 2.0 (The middle HDMI output supports up to HDMI 2.0)', 'GV-N3080AORUSX W-10G']]"
9SIB1PGJHV2256,"EVGA GeForce RTX 3080 XC3 ULTRA GAMING Video Card, 10G-P5-3885-KR, 10GB GDDR6X, iCX3 Cooling, ARGB LED, Metal Backplate",EVGA,4.4,58.0,1165.0,0,https://c1.neweggimages.com/ProductImageCompressAll300/14-487-520-01.jpg,"[[' 7680 x 4320', ' 3 x DisplayPort 1.4a', ' 1 x HDMI 2.1', ' 11.23"" x 4.38""', '10G-P5-3885-KR']]"
9SIB1PGJV23024,Amd Radeon Hd 7970 Ghz Vapor-X Edition Oc 3Gb Gddr5 2Dvi/Hdmi/Displayport Pci-Express Video Card,Sapphire Tech,,,498.0,0,https://c1.neweggimages.com/ProductImageCompressAll300/A2E1_1_20131030244840694.jpg,"[[' 1 GHz', ' Yes', ' Yes', ' Yes', '11197-12-40G', '9SIB1PGJV23024']]"
9SIBBN9JEC4933,"GIGABYTE GeForce RTX 3060 Gaming OC 12G (REV2.0) Graphics Card, 3X WINDFORCE Fans, 12GB 192-bit GDDR6, GV-N3060GAMING OC-12GD REV2.0 Video Card",GIGABYTE,,,449.53,0,https://c1.neweggimages.com/ProductImageCompressAll300/AVH0S22030416531CDE.jpg,"[[' 1320 MHz', ' 7680 x 4320', ' 2 x DisplayPort 1.4a', ' 2 x HDMI 2.1', '3060GAMING OC 12GD']]"
9SIB1PGJRH6624,"XFX Speedster MERC319 Radeon RX 6800 BLACK 16GB GDDR6 HDMI DisplayPort PCIe 4.0 Gaming Graphic Card, RX-68XLATBD9",XFX,5,6.0,1059.0,0,https://c1.neweggimages.com/ProductImageCompressAll300/14-150-845-01.jpg,"[[' Primary Balanced BIOS: 1850 MHz\nStealth BIOS: 1775 MHz', ' 3 x DisplayPort 1.4', ' 1 x HDMI 2.1', ' 13.39"" x 5.43""', 'RX-68XLATBD9']]"
9SIAH8WJHR2887,"MAXSUN AMD Radeon RX 550 4GB GDDR5 ITX Computer PC Gaming Video Graphics Card GPU 128-Bit DirectX 12 PCI Express X16 3.0 DVI-D Dual Link, HDMI, DisplayPort",MAXSUN,1,1.0,150.86,0,https://c1.neweggimages.com/ProductImageCompressAll300/AXZZS210830fNIhr.jpg,"[[' 1100 MHz', ' 7680 x 4320', ' 1 x DisplayPort', ' 1 x DVI', 'MS-RX550TRANSFORMER4G']]"
9SIB1PGJX62764,EVGA SSC GeForce GTX 650 Ti 1GB GDDR5 PCI Express 3.0 x16 Video Card 01G-P4-3652-KR,EVGA,4.5,76.0,245.0,0,https://c1.neweggimages.com/ProductImageCompressAll300/14-130-839-10.jpg,"[[' 1071MHz', ' 2560 x 1600', ' 2 x DVI', ' 1 x mini HDMI', '01G-P4-3652-KR', '9SIB1PGJX62764']]"
9SIB1PGJX62752,EVGA SuperClocked 01G-P4-3656-KR GeForce GTX 650 Ti BOOST 1GB 192-bit GDDR5 PCI Express 3.0 x16 SLI Support Video Card,EVGA,4.7,19.0,245.0,0,https://c1.neweggimages.com/ProductImageCompressAll300/14-130-915-10.jpg,"[[' 1072MHz', ' 1 x DisplayPort', ' 2 x DVI', ' 1 x HDMI', '01G-P4-3656-KR', '9SIB1PGJX62752']]"
9SIA4REJWJ2008,ASRock Challenger ITX Radeon RX 6600 XT 8GB GDDR6 PCI Express 4.0 Video Card RX6600XT CLI 8G,ASRock,,,379.99,0,https://c1.neweggimages.com/ProductImageCompressAll300/14-930-061-V01.jpg,"[[' 7680 x 4320', ' 2 x DisplayPort 1.4 with DSC', ' 1 x HDMI 2.1 VRR\n1 x HDMI 2.0', ' 7.05"" x 4.88""', 'RX6600XT CLI 8G']]"
9SIB1PGFBZ2420,ZOTAC GeForce GTX 1080 Ti AMP Extreme 11GB GDDR5X 352-bit Gaming Graphics Card VR Ready 16+2 Power Phase Freeze Fan Stop IceStorm Cooling Spectra Lighting ZT-P10810C-10P,ZOTAC,4.1,37.0,749.0,0,https://c1.neweggimages.com/ProductImageCompressAll300/14-500-418-V01.jpg,"[[' 1645 MHz', ' 3 x DisplayPort 1.4', ' 1 x DL-DVI-D', ' 1 x HDMI 2.0b', 'ZT-P10810C-10P']]"
9SIB1PGFBX5057,R93GX CN-0R93GX NVidia Quadro K5200 8GB Video Card R93GX VIDEO CARDS,NVIDIA,,,245.0,0,https://c1.neweggimages.com/ProductImageCompressAll300/ACTN_1_201805151032708159.jpg,"[['R93GX CN-0R93GX', '9SIB1PGFBX5057']]"
9SIB1PGJVP1266,EVGA GeForce GTX 650 Ti 1GB GDDR5 PCI Express 3.0 x16 Video Card 01G-P4-3650-KR,EVGA,4.6,48.0,245.0,0,https://c1.neweggimages.com/ProductImageCompressAll300/14-130-838-09.jpg,"[[' 928MHz', ' 2560 x 1600', ' 2 x DVI', ' 1 x mini HDMI', '01G-P4-3650-KR']]"
9SIB86XJMH1528,51RISC RX6600 8GB Graphics Card GPU GDDR6 128-bit 14 Gbps 7nm new video card Support Desktop CPU Gaming video card,51Risc,,,209.0,0,https://c1.neweggimages.com/ProductImageCompressAll300/B86XS230417049FSX6A.jpg,"[[' 1950 MHz', ' 4096 x 2160', ' 3 x DisplayPort', ' 1 x HDMI', 'XDSRX66008GB', '9SIB86XJMH1528']]"
9SIARPHJRH2093,"GIGABYTE GeForce RTX 3060 Ti GAMING OC 8GB Video Card, GV-N306TGAMING OC-8GD",GIGABYTE,4.6,28.0,465.08,$49.99 Shipping,https://c1.neweggimages.com/ProductImageCompressAll300/14-932-377-V11.jpg,"[[' 1740 MHz', ' 7680 x 4320', ' 2 x DisplayPort 1.4a', ' 2 x HDMI 2.1', 'GV-N306TGAMING OC8GD']]"
9SIARPHJJF1084,"GIGABYTE GeForce GTX 1660 OC 6G Graphics Card, 2 x WINDFORCE Fans, 6GB 192-Bit GDDR5, GV-N1660OC-6GD Video Card",GIGABYTE,4.4,54.0,168.5,$49.99 Shipping,https://c1.neweggimages.com/ProductImageCompressAll300/14-932-138-04.jpg,"[[' 1830 MHz', ' 7680 x 4320', ' 3 x DisplayPort 1.4', ' 1 x HDMI 2.0b', 'GV-N1660OC-6GD']]"
9SIBMWJJVZ9086,"GIGABYTE GeForce RTX 3080 EAGLE 12G Graphics Card, 3 x WINDFORCE Fans, 12GB 384-bit GDDR6X, GV-N3080EAGLE-12GD Video Card",GIGABYTE,4.3,12.0,1100.0,$49.99 Shipping,https://c1.neweggimages.com/ProductImageCompressAll300/14-932-490-V01.jpg,"[[' 1710 MHz', ' 7680 x 4320', ' 3 x DisplayPort 1.4a', ' 2 x HDMI 2.1', 'GV-N3080EAGLE-12GD']]"
9SIAFVFJM82245,PNY GeForce RTX 4070 Ti 12GB VERTO Triple Fan Graphics Card DLSS 3,"PNY Technologies, Inc.",,,821.22,$20.00 Shipping,https://c1.neweggimages.com/ProductImageCompressAll300/14-133-851-09.jpg,"[[' 2310 MHz', ' 7680 x 4320', ' 3 x DisplayPort 1.4', ' 1 x HDMI 2.1', 'VCG4070T12TFXPB1']]"
9SIAY2WJZW1639,"EVGA GeForce GTX 1080 Ti FTW3 GAMING, 11G-P4-6696-KR, 11GB GDDR5X, iCX Technology - 9 Thermal Sensors & RGB LED G/P/M",EVGA,4.7,214.0,744.99,0,https://c1.neweggimages.com/ProductImageCompressAll300/14-487-338-V01.jpg,"[[' 1569 MHz', ' 7680 x 4320', ' 3 x DisplayPort 1.4', ' 1 x Dual-Link DVI-D', '11G-P4-6696-KR']]"
9SIB1PGJWB5521,EVGA SuperClocked 02G-P4-2762-KR G-SYNC Support GeForce GTX 760 2GB 256-bit GDDR5 PCI Express 3.0 SLI Support Video Card,EVGA,4.5,73.0,320.0,0,https://c1.neweggimages.com/ProductImageCompressAll300/14-130-934-09.jpg,"[[' 1072 MHz', ' 4096 x 2160', ' 1 x DisplayPort', ' 1 x DVI-I\n1 x DVI-D', '02G-P4-2762-KR', '9SIB1PGJWB5521']]"
9SIB1PGJX62491,EVGA G-SYNC Support GeForce GTX 770 DUAL SuperClocked  2GB 256-bit GDDR5 PCI Express 3.0 SLI Support w/ EVGA ACX Cooler Video Card 02G-P4-2776-KR,EVGA,4.8,57.0,330.0,0,https://c1.neweggimages.com/ProductImageCompressAll300/14-130-946-10.jpg,"[[' 1111MHz', ' 4096 x 2160', ' 1 x DisplayPort', ' 1 x DVI-I\n1 x DVI-D', '02G-P4-2776-KR', '9SIB1PGJX62491']]"
9SIB1PGJX62095,EVGA 03G-P4-3666-KR GeForce GTX 660 Ti FTW LE+ 3GB 192-bit GDDR5 PCI Express 3.0 x16 HDCP Ready SLI Support Video Card,EVGA,,,299.0,0,https://c1.neweggimages.com/ProductImageCompressAll300/14-130-823-10.jpg,"[[' 915MHz', ' 1 x DisplayPort', ' 2 x DVI', ' 1 x HDMI', '03G-P4-3666-KR', '9SIB1PGJX62095']]"
9SIB1PGJVP6937,EVGA GeForce GTX 460 (Fermi) 1GB GDDR5 PCI Express 2.0 x16 SLI Support Video Card 01G-P3-1370-KR,EVGA,4.8,18.0,215.0,0,https://c1.neweggimages.com/ProductImageCompressAll300/14-130-752-02.jpg,"[[' 720MHz', ' 2560 x 1600', ' 2 x DVI', ' 1 x mini HDMI', '01G-P3-1370-KR', '9SIB1PGJVP6937']]"
9SIAH8WJHR2881,MSI Graphics Card NVIDIA GEFORCE GT 1030 2GHD4 LP OC - Black,MSI,,,149.9,0,https://c1.neweggimages.com/ProductImageCompressAll300/A3TBD211018SNLWR.jpg,[['QB07CMH5F9R']]
9SIB1PGJVP6931,EVGA GeForce GTX 460 (Fermi) 1GB GDDR5 PCI Express 2.0 x16 SLI Support Video Card 01G-P3-1361-KR,EVGA,4.2,48.0,215.0,0,https://c1.neweggimages.com/ProductImageCompressAll300/14-130-749-04.jpg,"[[' 823MHz', ' 2560 x 1600', ' 2 x DVI', ' 1 x mini HDMI', '01G-P3-1361-KR', '9SIB1PGJVP6931']]"
9SIB1PGFBX8667,EVGA 025-P3-1579-AR GeForce GTX 570 (Fermi) HD 2560MB 320-bit GDDR5 PCI Express 2.0 x16 HDCP Ready SLI Support Video Card,EVGA,4.6,180.0,280.0,0,https://c1.neweggimages.com/ProductImageCompressAll300/14-130-687-04.jpg,"[[' 732MHz', ' 2560 x 1600', ' 1 x DisplayPort', ' 2 x DVI', '025-P3-1579-AR', '9SIB1PGFBX8667']]"
9SIAY2WJZW1638,ZOTAC Trinity OC GeForce RTX 3070 Ti 8GB GDDR6X PCI Express 4.0 Video Card ZT-A30710J-10P,ZOTAC,4.2,18.0,677.99,0,https://c1.neweggimages.com/ProductImageCompressAll300/14-500-522-V02.jpg,"[[' 7680 x 4320', ' 3 x DisplayPort 1.4a', ' 1 x HDMI 2.1', ' 12.50"" x 4.60""', 'ZT-A30710J-10P']]"
9SIB1PGFBZ0361,EVGA GeForce GTX 970 4GB GDDR5 PCI Express 3.0 G-SYNC Support Video Card 04G-P4-1970-KR,EVGA,4.9,22.0,469.0,0,https://c1.neweggimages.com/ProductImageCompressAll300/14-487-069-12.jpg,"[[' 1050 MHz', ' 4096 x 2160', ' 1 x DisplayPort', ' 2 x DVI', '04G-P4-1970-KR']]"
9SIB1PGJPG9959,MSI Ventus GeForce RTX 3080 12GB GDDR6X PCI Express 4.0 Video Card RTX 3080 VENTUS 3X PLUS 12G LHR,MSI,5,1.0,1410.0,0,https://c1.neweggimages.com/ProductImageCompressAll300/14-137-764-07.jpg,"[[' 7680 x 4320', ' 3 x DisplayPort 1.4a', ' 1 x HDMI 2.1', ' DirectX 12', 'RTX 3080 VENTUS 3X PLUS 12G LHR', '9SIB1PGJPG9959']]"
9SIB1PGJX60172,EVGA 02G-P4-2660-KR G-SYNC Support GeForce GTX 660 2GB 192-Bit GDDR5 PCI Express 3.0 x16 HDCP Ready SLI Support Video Card,EVGA,4.2,83.0,260.0,0,https://c1.neweggimages.com/ProductImageCompressAll300/14-130-825-09.jpg,"[[' 980MHz', ' 2560 x 1600', ' 1 x DisplayPort', ' 2 x DVI', '02G-P4-2660-KR']]"
9SIB1PGJSS1726,XFX RX 5500 XT Thicc II Pro 4GB GDDR6 3xDisplay Port HDMI PCI-Express 4.0 Graphics Card RX-55XT4DFD6,XFX,,,635.0,0,https://c1.neweggimages.com/ProductImageCompressAll300/A7U1_1_202002161804558424.jpg,"[['h2020PB082KYTYSP', '9SIB1PGJSS1726']]"
9SIB1PGJPM7903,MSI Suprim GeForce RTX 3080 Ti 12GB GDDR6X PCI Express 4.0 ATX Video Card RTX 3080 Ti SUPRIM X 12G,MSI,,,1397.0,0,https://c1.neweggimages.com/ProductImageCompressAll300/BBB1S2204040FLB6JD3.jpg,[['RTX 3080 Ti SUPRIM X 12G11']]
9SIAH8WJHR2885,MSI GTX 1050 Ti 4 GT OC Computer Video Card MSI GTX 1050 TI 4GT OC,MSI,,,265.28,0,https://c1.neweggimages.com/ProductImageCompressAll300/AKEYS201022tCXUF.jpg,[['CE-184263930999']]
9SIBMWJJVZ8937,ASUS TUF Gaming GeForce RTX 3080 Ti 12GB GDDR6X PCI Express 4.0 Video Card TUF-RTX3080TI-12G-GAMING,ASUS,4.8,13.0,1088.0,$49.99 Shipping,https://c1.neweggimages.com/ProductImageCompressAll300/14-126-510-02.jpg,"[[' 7680 x 4320', ' 3 x DisplayPort 1.4a', ' 2 x HDMI 2.1', ' 11.81"" x 5.00""', 'TUF-RTX3080TI-12G-GA']]"
9SIAPMXJJF6728,GIGABYTE GAMING GV-R65XTGAMING OC-4GD OC Radeon RX 6500 XT 4GB GDDR6 PCI Express 4.0 ATX Video Card,GIGABYTE,,,247.99,0,https://c1.neweggimages.com/ProductImageCompressAll300/AG7RS22062105Y0E25F.jpg,"[[' 7680 x 4320', ' \t1 x DisplayPort 1.4a', ' 1 x HDMI 2.1', ' 11.10"" x 4.49""', 'GV-R65XTGAMING OC-4GD.']]"
9SIA4REJWF9250,MSI Mech Radeon RX 6500 XT 4GB GDDR6 PCI Express 4.0 Video Card RX 6500 XT MECH 2X 4G,MSI,,,189.99,0,https://c1.neweggimages.com/ProductImageCompressAll300/14-137-714-S01.jpg,"[[' 7680 x 4320', ' 1 x DisplayPort 1.4a', ' 1 x HDMI 2.1', ' 6.77"" x 4.41""', 'RX 6500 XT MECH 2X 4G']]"
9SIB1PGFBY6987,EVGA SuperClocked 02G-P4-3662-KR G-SYNC Support GeForce GTX 660 Ti 2GB 192-bit GDDR5 PCI Express 3.0 x16 HDCP Ready SLI Support Video Card,EVGA,4.3,104.0,299.0,0,https://c1.neweggimages.com/ProductImageCompressAll300/14-130-810-04.jpg,"[[' 980MHz', ' 1 x DisplayPort', ' 2 x DVI', ' 1 x HDMI', '02G-P4-3662-KR']]"
9SIA0ZXJTZ1593,Asus TUF Gaming GeForce RTX 3070 V2 - 8GB DDR6 TUF-RTX3070-8G-V2-GAMING,ASUS,,,735.02,Special Shipping,https://c1.neweggimages.com/ProductImageCompressAll300/14-126-640-01.jpg,"[[' 1500 MHz', ' 7680 x 4320', ' 3 x DisplayPort 1.4a', ' 2 x HDMI 2.1', 'TUF-RTX3070-8G-V2-GAMING']]"
9SIB601JAN0403,GTX 960 128-Bit 2GB GDDR5 Graphic Card with dual fans Video Card GPU Support DirectX12 PCI Express 3.0 DP/DVI-D/HDMI,Mannajue,,,115.0,0,https://c1.neweggimages.com/ProductImageCompressAll300/B601S2211030EIWW9B4.jpg,"[['960 2', '9SIB601JAN0403']]"
9SIB1PGFBZ0240,ASUS GeForce GTX 1080 TI 11GB GDDR5X Founders Edition VR Ready 5K HD Gaming HDMI DisplayPort PCIe Graphics Card (GTX1080TI-FE),ASUS,4.4,19.0,865.0,0,https://c1.neweggimages.com/ProductImageCompressAll300/14-126-185-S99.jpg,"[[' 1480 MHz', ' 7680 x 4320', ' 3 x DisplayPort', ' 1 x HDMI 2.0', 'GTX1080TI-FE']]"
9SIB1PGJUP9166,SAPPHIRE DUAL-X Radeon R9 280X 3GB GDDR5 PCI Express 3.0 CrossFireX Support OC (UEFI) Video Card Battlefield 4 Edition 100363BF4-2L,Sapphire Tech,4.5,2.0,295.0,0,https://c1.neweggimages.com/ProductImageCompressAll300/14-202-083-03.jpg,"[[' 870 MHz', ' 1 x DisplayPort', ' 1 x DVI-D\r\n1 x DVI-I', ' 1 x HDMI', '100363BF4-2L', '9SIB1PGJUP9166']]"
9SIARPHJRH2143,ASUS ROG Strix GeForce RTX 3060 12GB GDDR6 PCI Express 4.0 x16 Video Card ROG-STRIX-RTX3060-O12G-V2-GAMING,ASUS,5,5.0,480.09,$49.99 Shipping,https://c1.neweggimages.com/ProductImageCompressAll300/AYTVD210719OOIOM.jpg,[['zxsj-16']]
9SIBMWJJX67676,ASUS GeForce RTX 2080 SUPER Overclocked 8G GDDR6 Dual-Fan EVO Edition VR Ready HDMI DisplayPort 1.4 Graphics Card (DUAL-RTX2080S-O8G-EVO),ASUS,4.3,15.0,611.18,$49.99 Shipping,https://c1.neweggimages.com/ProductImageCompressAll300/14-126-335-V01.jpg,"[[' OC mode: 1680 MHz\nGaming mode: 1650 MHz', ' 7680 x 4320', ' 3 x DisplayPort 1.4', ' 1 x HDMI 2.0b', 'DUAL-RTX2080S-O8GEVO']]"
9SIB1PGJPK2421,Video Card EVGA GeForce RTX 3080 FTW3 ULTRA GAMING 10G-P5-3897-KL 10GB GDDR6X iCX3 Technology ARGB LED Metal Backplate LHR,EVGA,5,1.0,1165.0,0,https://c1.neweggimages.com/ProductImageCompressAll300/A92GS21091687257.jpg,"[[' 7680 x 4320', ' 3 x DisplayPort 1.4a', ' 1 x HDMI 2.1', ' 11.81"" x 5.38""', '10GP53897KL', '9SIB1PGJPK2421']]"
9SIB1PGJVD5944,PowerColor Radeon HD 7970 3GB GDDR5 PCI Express 3.0 x16 CrossFireX Support Video Card AX7970 3GBD5-2DHV3,PowerColor,3.2,31.0,498.0,0,https://c1.neweggimages.com/ProductImageCompressAll300/14-131-468-02.jpg,"[[' 925 MHz', ' 4096 x 2160 (HDMI)\r\n4096 x 2160 (DisplayPort)\r\n2560 x 1600 (DL-DVI)', ' 2 x Mini DisplayPort', ' 2 x DVI (1 Single Link, 1 Dual Link)', 'AX7970 3GBD5-2DHV3', '9SIB1PGJVD5944']]"
9SIB1PGJPM7905,MSI Ventus GeForce RTX 3080 Ti 12GB GDDR6X PCI Express 4.0 x16 ATX Video Card RTX 3080 Ti Ventus 3X 12G OC,MSI,,,1380.0,0,https://c1.neweggimages.com/ProductImageCompressAll300/AYTVD210628K7SU4.jpg,[['RTX 3080 TI VENTUS1']]
9SIB1PGJPK2149,MSI Gaming GeForce RTX 3080 Ti 12GB GDDR6X PCI Express 4.0 Video Card RTX 3080 Ti Gaming X Trio 12G,MSI,,,1380.0,0,https://c1.neweggimages.com/ProductImageCompressAll300/ARUXS21100880BDD.jpg,[['MSI Gaming GeForce RTX 3080 Ti 12GB GDDR']]
9SIB1PGFBX7379,GIGABYTE GeForce RTX 2080 Ti WINDFORCE 11G GDDR6 HDMI/3DisplayPort/USB Type-C,GIGABYTE,,,1079.0,0,https://c1.neweggimages.com/ProductImageCompressAll300/AKRF_1321258613380646178CG4eQ1Mbx.jpg,"[[' 1545 MHz', ' 7680 x 4320, Support 4x Display Monitors', ' NVIDIA', ' 4352', 'EB-RTX-2080-Ti']]"
9SIB1PGJX62830,Asus TUF Gaming GeForce GTX 1650 Dual Fan Graphics Card - 4 GB,ASUS,,,379.0,0,https://c1.neweggimages.com/ProductImageCompressAll300/A4YUD210519FNT51.jpg,[['90YV0EH0-M0NA00']]
9SIBGFDJRR8929,MSI Suprim GeForce RTX 3090 24GB GDDR6X PCI Express 4.0 Video Card RTX 3090 SUPRIM 24G,MSI,5,2.0,1399.99,$53.00 Shipping,https://c1.neweggimages.com/ProductImageCompressAll300/14-137-635-V03.jpg,"[[' 7680 x 4320', ' 3 x DisplayPort 1.4a', ' 1 x HDMI 2.1', ' 13.23"" x 5.51""', 'RTX 3090 SUPRIM 24G']]"
9SIB1PGJSS6592,SAPPHIRE PULSE Radeon RX 5600 XT 6G D6 Platinum Edition PRO OC DirectX 12 6GB 192-Bit GDDR6 Video Card,Sapphire Tech,,,495.0,0,https://c1.neweggimages.com/ProductImageCompressAll300/APBUS210106a4eIB.jpg,[['SAPPHIRE RX5600 XT 6']]
9SIAT8UHC08947,"GIGABYTE Geforce RTX 2060 6G Graphics Card, 2 x WINDFORCE Fans, 6GB 192-Bit GDDR, GV-N2060D6-6GD Video Card",,,,330.0,$49.99 Shipping,https://c1.neweggimages.com/ProductImageCompressAll300/AT8US22032812RARH2D.jpg,[['2060D6-AT8U']]
9SIAY2WJZY7089,"EVGA GeForce RTX 2080 Ti FTW3 ULTRA GAMING, 11G-P4-2487-KR, 11GB GDDR6, iCX2 & RGB LED",EVGA,4.6,39.0,1074.99,0,https://c1.neweggimages.com/ProductImageCompressAll300/1FT-001K-003E4-V21.jpg,"[[' 7680 x 4320', ' 3 x DisplayPort 1.4', ' 1 x HDMI 2.0b', ' 11.89"" x 5.48""', '11G-P4-2487-KR']]"
9SIB1PGJUN9109,SAPPHIRE FleX Radeon HD 7870 GHz Edition 2GB GDDR5 PCI Express 3.0 x16 CrossFireX Support Video Card 100354FLEX,Sapphire Tech,3.7,15.0,345.0,0,https://c1.neweggimages.com/ProductImageCompressAll300/14-102-996-06.jpg,"[[' 1 x DisplayPort', ' 2 x DVI (1 Single Link, 1 Dual Link)', ' 1 x HDMI', ' 10.24"" x 4.45"" x 1.38""', '100354FLEX', '9SIB1PGJUN9109']]"
9SIB1PGJSS6572,SAPPHIRE Radeon Pulse PRO RX 5600 XT 6GB GDDR6 PCI Express 4.0 x16 ATX Video Card,Sapphire Tech,,,495.0,0,https://c1.neweggimages.com/ProductImageCompressAll300/APMXS2108222R1ly.jpg,[['XLR-34']]
9SIB1PGJUN9680,SAPPHIRE DUAL-X OC Radeon HD 7850 2GB GDDR5 PCI Express 3.0 CrossFireX Support Video Card 100355OC-2L,Sapphire Tech,4.5,13.0,320.0,0,https://c1.neweggimages.com/ProductImageCompressAll300/14-202-087-03.jpg,"[[' 920MHz', ' 1 x DisplayPort', ' 1 x DVI-D\r\n1 x DVI-I', ' 1 x HDMI', '100355OC-2L', '9SIB1PGJUN9680']]"
9SIB1N8HS65492,ZIWAY Gaming GeForce GTX 760 4G Graphics Card GDDR5 VGA HDMI-Compatible PCI Express 3.0 ATX Video Card,,,,219.99,0,https://c1.neweggimages.com/ProductImageCompressAll300/B1N8S2202110XKF5U13.jpg,"[[' 980 MHz', ' 2 x DVI', ' DirectX 12', ' NVIDIA', 'ZIWAY202202110', '9SIB1N8HS65492']]"
9SIADFRJ9W6933,PNY GeForce GT 730 2GB Single Fan GDDR3 Video Graphics Card GPU (New Black Box),"PNY Technologies, Inc.",,,49.99,0,https://c1.neweggimages.com/ProductImageCompressAll300/ADFRS22102502KS5LB5.jpg,"[[' Single Fan', 'VCGGT7302D36LXPB', '9SIADFRJ9W6933']]"
9SIAXJ8JRR6183,"ZOTAC GAMING GeForce RTX 4090 Trinity OC 24GB GDDR6X 384-bit 21 Gbps PCIE 4.0 Gaming Graphics Card, IceStorm 3.0 Advanced Cooling, SPECTRA 2.0 RGB Lighting, ZT-D40900J-10P",ZOTAC,5,3.0,2229.0,0,https://c1.neweggimages.com/ProductImageCompressAll300/AMFBS2210041DXKFB41.jpg,"[[' 7680 x 4320', ' 3 x DisplayPort 1.4a', ' 1 x HDMI 2.1a', ' 14"" x 5.9""', 'ZT-D40900J-10P-Dup']]"
9SIB1PGJUG7758,MSI GTX 1080 TI DUKE 11G OC NVIDIA PCI-E Graphic Card,MSI,,,749.0,0,https://c1.neweggimages.com/ProductImageCompressAll300/B1PGS23040517WR940F.jpg,"[[' 2 x DisplayPort', ' 2', ' DirectX 12\r\nOpenGL 4.5', ' NVIDIA', 'G1080TD11C', '9SIB1PGJUG7758']]"
9SIB1PGJHJ5860,"GIGABYTE GeForce GT 1030 Low Profile 2GB, GV-N1030D5-2GL",GIGABYTE,,,125.0,0,https://c1.neweggimages.com/ProductImageCompressAll300/AP6FS2206070F4ZP2DB.jpg,[['GV-N1030D5-2GL-995']]
9SIAY2WJZY7097,MSI Gaming GeForce RTX 4090 24GB GDDR6X PCI Express 4.0 x16 ATX Video Card RTX 4090 GAMING X TRIO CLASSIC 24G,MSI,,,2182.99,0,https://c1.neweggimages.com/ProductImageCompressAll300/14-137-761-34.png,"[[' 7680 x 4320', ' 3 x DisplayPort 1.4a', ' 1 x HDMI 2.1', ' DirectX 12 Ultimate', 'RTX 4090 GAMING X TRIO CLASSIC 24G']]"
9SIB1PGJT65453,XFX Speedster QICK319 RX 6800 Black Edition Gaming Graphics Card with 16GB GDDR6,XFX,,,1059.0,0,https://c1.neweggimages.com/ProductImageCompressAll300/APMXS210129CjJdA.jpg,"[['QICK319  6800', '9SIB1PGJT65453']]"
9SIB1PGJUP9010,PowerColor TurboDuo Radeon R9 280 3GB GDDR5 PCI Express 3.0 CrossFireX Support Video Card AXR9 280 3GBD5-T2DHE/OC,PowerColor,4,76.0,279.0,0,https://c1.neweggimages.com/ProductImageCompressAll300/14-131-570-02.jpg,"[[' 855 MHz', ' 2 x Mini DisplayPort', ' 1 x DVI-I', ' 1 x HDMI', 'AXR9 280 3GBD5-T2DHE', '9SIB1PGJUP9010']]"
9SIB1PGFBY4055,"EVGA GeForce RTX 2080 Ti XC ULTRA GAMING, 11G-P4-2383-KR, 11GB GDDR6, Dual HDB Fans & RGB LED",EVGA,3.5,38.0,1079.0,0,https://c1.neweggimages.com/ProductImageCompressAll300/14-487-401-V11.jpg,"[[' 7680 x 4320', ' 3 x DisplayPort 1.4', ' 1 x HDMI 2.0b', ' 10.62"" x 4.38""', '11G-P4-2383-KR']]"
9SIB1PGJVR4046,PowerColor Radeon R9 Nano AXR9 NANO 4GBHBM-DH 4GB 4096-Bit HBM PCI Express 3.0 CrossFireX Support ATX Video Card,PowerColor,4.6,7.0,499.0,0,https://c1.neweggimages.com/ProductImageCompressAll300/14-131-679-12.jpg,"[[' 1000 MHz', ' 3 x DisplayPort', ' 1 x HDMI', ' 2 Slots', 'AXR9 NANO 4GBHBM-DH', '9SIB1PGJVR4046']]"
9SIB1PGJPM8437,ASUS GeForce RTX 3060 V2 OC 12GB GDDR6 ROG-STRIX-RTX3060-O12G-V2-GAMING Video Graphic Card GPU,ASUS,,,745.0,0,https://c1.neweggimages.com/ProductImageCompressAll300/AYTVD2107190FKPJ.jpg,"[[' 1 x DisplayPort', ' 1 x HDMI', ' NVIDIA', ' NVIDIA GeForce GTX 30 Series', 'ROG-3060-O12G-V2-G-R', '9SIB1PGJPM8437']]"
9SIBKMGK0D9222,NVIDIA GeForce RTX 3080 Ti 12GB GDDR6X PCI Express 4.0 Video Card GEFORCE RTX 3080 Ti FE,NVIDIA,,,1512.0,0,https://c1.neweggimages.com/ProductImageCompressAll300/14-132-094-V01.jpg,"[[' 1365 MHz', ' 7680 x 4320', ' 3 x DisplayPort 1.4a', ' 1 x HDMI 2.1', 'GEFORCE RTX 3080 Ti FE']]"
9SIB1PGJCU2584,Sapphire Radeon PULSE RX 580 8GB GDDR5 PCI-E Dual HDMI / DVI-D / Dual DP OC w/ Backplate (UEFI),Sapphire Tech,,,580.0,0,https://c1.neweggimages.com/ProductImageCompressAll300/A73M_131811928067439200TcYgpPSmeT.jpg,"[[' 5120 x 2880', ' 2 x DisplayPort 1.4', ' 1 x DVI', ' 2 x HDMI', 'Sapphire Tech 100411', '9SIB1PGJCU2584']]"
9SIB1PGJPM2408,"ASUS TUF-RTX3070-O8G-V2-GAMING (LHR) Video Card,8GB 256-bit GDDR6 PCI Express 4.0 x16,1845MHz Core Frequency,DisplayPort 1.4a *3,HDMI 2.1*2",ASUS,,,795.0,0,https://c1.neweggimages.com/ProductImageCompressAll300/A4RES211102D3CFC.jpg,"[[' OC Mode: 1845 MHz Gaming Mode: 1815 MHz', ' 7680 x 4320', ' 3 x DisplayPort 1.4a', ' 2 x HDMI 2.1', 'ASUS TUF-RTX3070-O8G-V2-GAMING LHR']]"
9SIB1PGFBY5749,EVGA 03G-P4-2884-KR G-SYNC Support GeForce GTX 780 Ti Superclocked 3GB 384-Bit GDDR5 PCI Express 3.0 SLI Support w/EVGA ACX Cooler Video Card,EVGA,4.7,120.0,420.0,0,https://c1.neweggimages.com/ProductImageCompressAll300/14-487-003-18.jpg,"[[' 1006 MHz', ' 4096 x 2160', ' 1 x DisplayPort', ' 1 x DVI-I\r\n1 x DVI-D', '03G-P4-2884-KR']]"
9SIB1PGJWZ3842,"XFX SPEEDSTER QICK 319 AMD Radeon RX 6800 BLACK Gaming Graphics Card with 16GB GDDR6 HDMI 3 x DP, AMD RDNA 2 (RX-68XLALBD9)",XFX,4.3,6.0,1059.0,0,https://c1.neweggimages.com/ProductImageCompressAll300/14-150-849-01.jpg,"[[' 1850 MHz', ' 3 x DisplayPort 1.4', ' 1 x HDMI 2.1', ' 13.39"" x 5.43""', 'RX-68XLALBD9', '9SIB1PGJWZ3842']]"
9SIAH8WJHR2860,MSI Gaming GeForce RTX 3060 Ti 8GB GDDR6 PCI Express 4.0 Video Card RTX 3060 Ti Gaming X 8G LHR,MSI,,,874.99,0,https://c1.neweggimages.com/ProductImageCompressAll300/B9UDS2203100OVM2RF1.jpg,"[[' 7680 x 4320', ' 3 x DisplayPort 1.4', ' 1 x HDMI 2.1', ' DirectX 12', 'msi3060ti']]"
9SIARPHJRH2100,"GIGABYTE GeForce RTX 3060 Ti GAMING OC PRO 8G (rev 2.0) Graphics Card, WINDFORCE 3x Cooling System, 8GB 256-bit GDDR6, GV-N306TGAMINGOC PRO-8GD Video Card",GIGABYTE,4.6,14.0,470.3,$49.99 Shipping,https://c1.neweggimages.com/ProductImageCompressAll300/14-932-412-V01.jpg,"[[' 1770 MHz', ' 7680 x 4320', ' 2 x DisplayPort 1.4a', ' 2 x HDMI 2.1', 'GVN306TGAMINGOPRO8R2']]"
9SIAPMXJJF7024,"GIGABYTE Radeon RX 6600 XT EAGLE 8G Graphics Card, WINDFORCE 3X Cooling System, 8GB 128-bit GDDR6, GV-R66XTEAGLE-8GD Video Card",GIGABYTE,4.7,33.0,568.98,0,https://c1.neweggimages.com/ProductImageCompressAll300/14-932-475-V01.jpg,"[[' 7680 x 4320', ' 2 x DisplayPort 1.4a', ' 2 x HDMI 2.1', ' 11.10"" x 4.45""', 'GV-R66XTEAGLE-8GD']]"
9SIA4REHZB5023,"ASRock Radeon RX 6500 XT Phantom Gaming D 4GB OC Graphics Card, 4GB 64-bit GDDR6, Support PCI Express 4.0,1 x HDMI 2.1 Interface, 1 x DisplayPort 1.4a Interface",ASRock,,,245.0,0,https://c1.neweggimages.com/ProductImageCompressAll300/A4RES2203230JLW1G9F.jpg,"[[' 7680 x 4320', ' 1 x DisplayPort 1.4a', ' 1 x HDMI 2.1', ' 240×129 mm', 'ASRock Radeon RX 6500 XT PGD 4GB OC']]"
9SIB1PGJXV1261,ASUS KO GeForce RTX 3070 8GB GDDR6 PCI Express 4.0 Video Card KO-RTX3070-O8G-GAMING,ASUS,4.8,77.0,885.0,0,https://c1.neweggimages.com/ProductImageCompressAll300/14-126-466-V02.jpg,"[[' 1845 MHz', ' 7680 x 4320', ' 3 x DisplayPort 1.4a', ' 2 x HDMI 2.1', 'KO-RTX3070-O8G-GAMIN', '9SIB1PGJXV1261']]"
9SIBBN9JEC3984,GIGABYTE Gaming GeForce RTX 3060 12GB GDDR6 PCI Express 4.0 x16 ATX Video Card GV-N3060GAMING OC-12GD (rev. 2.0),GIGABYTE,,,439.93,0,https://c1.neweggimages.com/ProductImageCompressAll300/APBUD210706UWPXD.jpg,"[[' 1320 MHz', ' 2 x DisplayPort 1.4a', ' 2 x HDMI 2.1', ' 2 Slots', 'GV-N3060GAMING OC-']]"
9SIAPMXETW9791,"XFX SPEEDSTER MERC319 AMD Radeon RX 6700 XT BLACK Gaming Graphics Card with 12GB GDDR6 HDMI 3xDP, AMD RDNA 2 (RX-67XTYTBDP)",XFX,4.8,38.0,601.32,0,https://c1.neweggimages.com/ProductImageCompressAll300/14-150-854-V02.jpg,"[[' 2457 MHz', ' 3 x DisplayPort 1.4', ' 1 x HDMI 2.1', ' 12.72"" x 5.20""', 'RX-67XTYTBDP', '9SIAPMXETW9791']]"
9SIB1PGJX13825,PowerColor Radeon RX 5600 XT 6GB GDDR6 PCI Express 4.0 CrossFireX Support ATX Video Card AXRX 5600XT 6GBD6-3DH/OC,PowerColor,1,1.0,990.0,0,https://c1.neweggimages.com/ProductImageCompressAll300/14-131-761-V02.jpg,"[[' 1560 MHz', ' 4096 x 2160', ' 3 x DisplayPort', ' 1 x HDMI', '5600XT 6GBD6-3DH/OC', '9SIB1PGJX13825']]"
9SIB1PGFBZ1082,"EVGA GeForce GTX 1070 FTW GAMING ACX 3.0, 08G-P4-6276-KR, 8GB GDDR5, RGB LED, 10CM FAN, 10 Power Phases, Double BIOS, DX12 OSD Support (PXOC) Video Graphics Card",EVGA,5,1.0,579.0,0,https://c1.neweggimages.com/ProductImageCompressAll300/A73M_131493548210135823bRMtjxLViO.jpg,"[[' 1607 MHz', ' 7680 x 4320', ' 3 x DisplayPort 1.4', ' 1 x Dual-Link DVI-D', 'JMOHJ001', '9SIB1PGFBZ1082']]"
9SIBBN9JRT5697,PNY XLR8 Gaming GeForce RTX 3050 8GB GDDR6 PCI Express 4.0 x16 Video Card VCG30508DFXPPB,"PNY Technologies, Inc.",,,319.97,0,https://c1.neweggimages.com/ProductImageCompressAll300/14-133-836-10.jpg,"[[' 1552 MHz', ' 7680 x 4320', ' 3 x DisplayPort 1.4a', ' 1 x HDMI 2.1', 'VCG30508DFXPPB']]"
9SIB1PGFBZ5032,PNY Quadro NVS 510 DirectX 11 VCNVS510VGA-PB 2GB 128-Bit DDR3 PCI Express 2.0 x16 HDCP Ready Low Profile Video Card,"PNY Technologies, Inc.",,,145.0,0,https://c1.neweggimages.com/ProductImageCompressAll300/14-133-608-01.jpg,"[[' 3840 x 2160 at 60 Hz', ' 4 x DisplayPort - with adapter\r\n4 x Mini DisplayPort', ' 6.30"" x 2.72""', ' DirectX 11', 'VCNVS510VGA-PB']]"
9SIB1PGJPM7833,"EVGA GeForce RTX 3080 Ti XC3 GAMING Video Card, 12G-P5-3953-KR, 12GB GDDR6X, iCX3 Cooling, ARGB LED, Metal Backplate",EVGA,5,1.0,1380.0,0,https://c1.neweggimages.com/ProductImageCompressAll300/14-487-549-V07.jpg,"[[' 7680 x 4320', ' 3 x DisplayPort 1.4a', ' 1 x HDMI 2.1', ' 11.23"" x 4.38""', '12G-P5-3953-KR']]"
9SIB1PGJUN9423,PowerColor Radeon HD 7850 2GB GDDR5 PCI Express 2.1 CrossFireX Support Video Card AX7850 2GBD5-DHEV2,PowerColor,3.8,41.0,320.0,0,https://c1.neweggimages.com/ProductImageCompressAll300/14-131-562-03.jpg,"[[' 860MHz', ' 1 x DisplayPort', ' 1 x DVI-I', ' 1 x HDMI', 'AX7850 2GBD5-DHEV2', '9SIB1PGJUN9423']]"
9SIB1PGJUP8543,PowerColor TurboDuo Radeon R9 280X 3GB GDDR5 PCI Express 3.0 CrossFireX Support ATX OC V2 Video Card AXR9 280X 3GBD5-T2DHV2E/OC,PowerColor,3.8,49.0,285.0,0,https://c1.neweggimages.com/ProductImageCompressAll300/14-131-533-14.jpg,"[[' 880 MHz', ' VGA: 2048 x 1536 \r\nDVI: 2560 x 1600 \r\nDisplayPort: 4096 x 2160 \r\nHDMI: 4096 x 2160', ' 2 x Mini DisplayPort', ' 1 x DL DVI-I', 'AXR9 280X 3GBD5-T2DH', '9SIB1PGJUP8543']]"
9SIB1PGJUR0440,PowerColor PCS+ Radeon R9 390X 8GB GDDR5 PCI Express 3.0 CrossFireX Support ATX Video Card AXR9 390X 8GBD5-PPDHE,PowerColor,4.7,3.0,449.0,0,https://c1.neweggimages.com/ProductImageCompressAll300/14-131-671-08.jpg,"[[' 1060 MHz', ' 1 x DisplayPort', ' 2 x DL DVI-D', ' 1 x HDMI', 'AXR9 390X 8GBD5-PPDH', '9SIB1PGJUR0440']]"
9SIB1PGJUN9309,PowerColor Radeon HD 7870 GHz Edition 2GB GDDR5 PCI Express 3.0 CrossFireX Support ATX Video Card AX7870 2GBD5-2DHV2E/OC,PowerColor,5,2.0,345.0,0,https://c1.neweggimages.com/ProductImageCompressAll300/14-131-661-01.jpg,"[[' 1030MHz', ' 2 x Mini DisplayPort', ' 1 x DL DVI-I\r\n1 x SL DVI-D', ' 1 x HDMI', 'AX7870 2GBD5-2DHV2E/', '9SIB1PGJUN9309']]"
9SIB1PGFBW9504,EVGA GeForce GTX 1080 Ti Gaming 11GB GDDR5X iCX Technology - 9 Thermal Sensors & RGB LED G/P/M Graphic Cards (11G-P4-6591-KR),EVGA,,,749.0,0,https://c1.neweggimages.com/ProductImageCompressAll300/A73M_131854286382285024J4b52g7MAH.jpg,"[[' 1480 MHz', ' 7680 x 4320', ' 3 x DisplayPort 1.4', ' 1 x DVI', 'E*11G-P4-6591-KR', '9SIB1PGFBW9504']]"
9SIB1PGJ1T5024,GIGABYTE Radeon RX 460 WINDFORCE OC 2GB GV-RX460WF2OC-2GD,GIGABYTE,3.8,28.0,398.0,0,https://c1.neweggimages.com/ProductImageCompressAll300/14-125-898-01.jpg,"[[' 7680 x 4320', ' 1 x DisplayPort (Gold Plated)', ' 1 x Dual-Link DVI-D', ' 1 x HDMI (Gold Plated)', 'GV-RX460WF2OC-2GD']]"
9SIB1PGJX67922,SAPPHIRE Radeon R7 360 2GB GDDR5 PCI Express 3.0 ATX OC Version (UEFI) Video Card 100388OCL,Sapphire Tech,5,1.0,299.0,0,https://c1.neweggimages.com/ProductImageCompressAll300/14-202-154-03.jpg,"[[' 1060 MHz', ' 1 x DisplayPort', ' 1 x DVI-I', ' 1 x HDMI', '100388OCL', '9SIB1PGJX67922']]"
9SIBMWJJXN0689,SAPPHIRE PULSE Radeon RX 5500 XT 8GB GDDR6 PCI Express 4.0 ATX Video Card 100418P8GL,Sapphire Tech,3.9,15.0,334.01,$49.99 Shipping,https://c1.neweggimages.com/ProductImageCompressAll300/14-202-360-S01.jpg,"[[' HDMI: 4096 x 2160 @ 60 Hz\nDisplayPort1.4: 5120 x 2880 @ 60 Hz', ' 3 x DisplayPort 1.4', ' 1 x HDMI', ' 9.17"" x 4.80""', '100418P8GL']]"
9SIAYE8JSM3555,MSI GeForce RTX 3050 AERO ITX 8G OC NVIDIA 8GB GDDR6 Graphics Card,MSI,,,369.74,0,https://c1.neweggimages.com/ProductImageCompressAll300/A4YUD2203010E9YKO7B.jpg,[['V809-4041R']]
9SIB1PGJUP9183,SAPPHIRE Radeon R9 280X 3GB GDDR5 CrossFireX Support Video Card Tri-X OC version 100363-5L,Sapphire Tech,4.7,3.0,295.0,0,https://c1.neweggimages.com/ProductImageCompressAll300/14-202-126-01.jpg,"[[' 2 x Mini DisplayPort', ' 2 x DVI (1 Single Link, 1 Dual Link)', ' 1 x HDMI', ' AMD', '100363-5L', '9SIB1PGJUP9183']]"
9SIB1PGJRH2788,SAPPHIRE Radeon R9 270X 4GB GDDR5 PCI Express 3.0 x16 Video Card (Dual-X Edition) 100364-4GL,Sapphire Tech,4,110.0,379.0,0,https://c1.neweggimages.com/ProductImageCompressAll300/14-202-049-02.jpg,"[[' 1020 MHz', ' 1 x DisplayPort', ' 2 x DVI', ' 1 x HDMI', '100364-4GL']]"
9SIABMTJKD9525,"ASUS TUF Gaming GeForce RTX 4090 24GB OC Edition Gaming Graphics Card (DLSS 3, PCIe 4.0, 24GB GDDR6X, HDMI 2.1a, DisplayPort 1.4a, TUF-RTX4090-O24G-GAMING)",ASUS,,,1864.95,Special Shipping,https://c1.neweggimages.com/ProductImageCompressAll300/ABMTD23050400QXPL96.jpg,[['ASUTUFRTX4090O24G-1']]
9SIB1PGH758814,Sapphire Radeon 5850 Graphic Card - 725 MHz Core - 1 GB GDDR5 - PCI Express 2.0 x16,Sapphire Tech,,,215.0,0,https://c1.neweggimages.com/ProductImageCompressAll300/A98Y_1_20160530545843639.jpg,"[[' 725 MHz', ' Yes', ' Yes', ' AMD', '100282-2SR', '9SIB1PGH758814']]"
9SIB1PGFBY0719,PNY GeForce 9800 GT 1GB DDR3 PCI Express 2.0 x16 SLI Support Video Card VCG98GTEE1XPB,"PNY Technologies, Inc.",4.8,11.0,283.0,0,https://c1.neweggimages.com/ProductImageCompressAll300/14-133-308-05.jpg,"[[' 550 MHz', ' 2560 x 1600', ' 2 x DVI', ' DirectX 10', 'VCG98GTEE1XPB']]"
9SIB1PGJUN9674,VisionTek Radeon HD 7850 2GB GDDR5 PCI Express 3.0 x16 CrossFireX Support Video Card 900505,VisionTek,4.2,42.0,320.0,0,https://c1.neweggimages.com/ProductImageCompressAll300/14-129-230-05.jpg,"[[' 2 x Mini DisplayPort', ' 1 x DVI', ' 1 x HDMI', ' DirectX 11', '900505', '9SIB1PGJUN9674']]"
9SIB1PGJUN9403,DIAMOND Radeon HD 7850 2GB GDDR5 PCI Express 3.0 x16 CrossFireX Support Video Card 7850PE52GV,Diamond Multimedia,1.9,7.0,320.0,0,https://c1.neweggimages.com/ProductImageCompressAll300/14-103-229-03.jpg,"[[' 860MHz', ' 2 x Mini DisplayPort', ' 2 x DVI (1 Single Link, 1 Dual Link)', ' 1 x HDMI', '7850PE52GV', '9SIB1PGJUN9403']]"
9SIB1PGJUR0765,VisionTek Radeon HD 6970 2GB GDDR5 PCI Express 2.1 x16 CrossFireX Support Video Card with Eyefinity 900353,VisionTek,4.5,4.0,325.0,0,https://c1.neweggimages.com/ProductImageCompressAll300/14-129-170-04.jpg,"[[' 880 MHz', ' 2560 x 1600', ' 2 x Mini DisplayPort', ' 2 x DVI (1 Single Link, 1 Dual Link)', '900353', '9SIB1PGJUR0765']]"
9SIB1PGJUN9595,DIAMOND Radeon HD 7850 2GB GDDR5 PCI Express 3.0 x16 CrossFireX Support Video Card 7850PE52GV2,Diamond Multimedia,4.6,5.0,320.0,0,https://c1.neweggimages.com/ProductImageCompressAll300/14-103-211-05.jpg,"[[' 860MHz', ' 1 x DisplayPort', ' 2 x DVI (1 Single Link, 1 Dual Link)', ' 1 x HDMI', '7850PE52GV2', '9SIB1PGJUN9595']]"
9SIB1PGJUN9411,DIAMOND Radeon HD 7850 2GB GDDR5 PCI Express 3.0 x16 CrossFireX Support Video Card 7850PE52G,Diamond Multimedia,3.8,9.0,320.0,0,https://c1.neweggimages.com/ProductImageCompressAll300/14-103-207-04.jpg,"[[' 860MHz', ' 2 x Mini DisplayPort', ' 1 x DVI', ' 1 x HDMI', '7850PE52G', '9SIB1PGJUN9411']]"
9SIB9MJJYC5870,MSI RX550 AERO ITX bolt,MSI,5,1.0,5.0,0,https://c1.neweggimages.com/ProductImageCompressAll300/BJR8S2306070M9PUY43.jpg,"[[' 1203 MHz', ' 4096×2160', ' 1 x DisplayPort', ' 1 x DVI', 'MSI GeForce  RX550 AERO ITX 4GB']]"
9SIB1PGJUN9297,PowerColor PCS+ Radeon HD 7870 GHz Edition 2GB GDDR5 PCI Express 3.0 x16 CrossFireX Support Video Card AX7870 2GBD5-2DHPP,PowerColor,3.8,12.0,345.0,0,https://c1.neweggimages.com/ProductImageCompressAll300/14-131-466-03.jpg,"[[' 1100 MHz', ' 4096 x 2160 (HDMI)\r\n4096 x 2160 (DisplayPort)\r\n2560 x 1600 (DL-DVI)', ' 2 x Mini DisplayPort', ' 2 x DVI (1 Single Link, 1 Dual Link)', 'AX7870 2GBD5-2DHPP', '9SIB1PGJUN9297']]"
9SIB1PGJPN6263,MSI GeForce RTX™ 3060 Ti AERO ITX 8G OC LHR,MSI,5,2.0,639.0,0,https://c1.neweggimages.com/ProductImageCompressAll300/ARUXS210830USEJE.jpg,"[[' 7680 x 4320', ' DisplayPort x 3 1.4a', ' 1 X HDMI 2.1', ' NVIDIA', 'MSI GeForce RTX™ 3060 Ti AERO ITX 8G OC', '9SIB1PGJPN6263']]"
9SIB1PGJPG0896,ASUS ROG Strix GeForce RTX 3090 24GB GDDR6X PCI Express 4.0 SLI Support Video Card ROG-STRIX-RTX3090-O24G-GAMING,ASUS,,,1699.0,0,https://c1.neweggimages.com/ProductImageCompressAll300/AWMSS211019NvfEm.jpg,[['ASUS ROG Strix 3090 24GB']]
9SIB1PGJUP9027,PowerColor TurboDuo Radeon R9 280 3GB GDDR5 PCI Express 3.0 CrossFireX Support Video Card AXR9 280 3GBD5-T2DHV2E/OC,PowerColor,5,3.0,279.0,0,https://c1.neweggimages.com/ProductImageCompressAll300/14-131-666-02.jpg,"[[' 855MHz (up to 960MHz with boost)', ' VGA: 2048 x 1536\r\nDVI: 2560 x 1600\r\nDisplayPort: 4096 x 2160\r\nHDMI: 4096 x 2160', ' 2 x Mini DisplayPort', ' 1 x DL DVI-I', 'AXR9 280 3GBD5-T2DHV', '9SIB1PGJUP9027']]"
9SIB1PGJUP8319,PowerColor Radeon R9 280X 3GB GDDR5 PCI Express 3.0 x16 CrossFireX Support Video Card AXR9 280X 3GBD5-DHE,PowerColor,3.6,14.0,285.0,0,https://c1.neweggimages.com/ProductImageCompressAll300/14-131-512-03.jpg,"[[' 850 MHz', ' 4096 x 2160 (DisplayPort)', ' 1 x DisplayPort', ' 1 x DL DVI-I, 1 x SL DVI-D', 'AXR9 280X 3GBD5-DHE', '9SIB1PGJUP8319']]"
9SIB1PGJXB7443,ASUS ROG Strix GeForce RTX 3090 24GB GDDR6X PCI Express 4.0 SLI Support Video Card ROG-STRIX-RTX3090-24G-GAMING,ASUS,,,1699.0,0,https://c1.neweggimages.com/ProductImageCompressAll300/14-126-486-V01.jpg,"[[' 7680 x 4320', ' 3 x DisplayPort 1.4a', ' 2 x HDMI 2.1', ' 12.53"" x 5.51""', 'STRIX-RTX3090-24G-GA', '9SIB1PGJXB7443']]"
9SIB1PGJX67919,SAPPHIRE NITRO Radeon R9 380X 4GB GDDR5 PCI Express 3.0 Dual-X OC Version w/ backplate (UEFI) Video Card 100383NTOCL,Sapphire Tech,4.3,39.0,480.0,0,https://c1.neweggimages.com/ProductImageCompressAll300/14-202-183-01.jpg,"[[' 1 x DisplayPort', ' 1 x DL-DVI-I\r\n1 x DL-DVI-D', ' 1 x HDMI', ' 9.35"" x 4.50""', '100383NTOCL', '9SIB1PGJX67919']]"
9SIB1PGJCU1925,GIGABYTE GeForce RTX 3080 10GB GDDR6X PCI Express 4.0 Video Card GV-N3080 TURBO-10GD,GIGABYTE,,,1190.0,0,https://c1.neweggimages.com/ProductImageCompressAll300/AWMSS220116Y2eCh.jpg,[['GV N3080TURBO 10GD']]
9SIB1PGJWC4287,Sapphire Radeon R9 270 Graphic Card - 920 MHz Core - 2 GB GDDR5 SDRAM - PCI Express 3.0 x16 - Full-h,Sapphire Tech,,,269.0,0,https://c1.neweggimages.com/ProductImageCompressAll300/A4SM_1_20140711564110147.jpg,"[[' 920 MHz', ' Yes', ' Yes', ' Yes', '11220-00-20G', '9SIB1PGJWC4287']]"
9SIB1PGJPP1770,"GIGABYTE GeForce RTX 3060 GAMING OC 12G (LHR) Video Card,12GB 192-bit GDDR6 PCI Express 4.0 x16,1837MHz Core Frequency,2×HDMI 2.1 interface, 2×DisplayPort 1.4 interface",GIGABYTE,,,745.0,0,https://c1.neweggimages.com/ProductImageCompressAll300/ARUXS2201180JCZ0NAD.jpg,[['GIGABYTE GV-N3060GAMING OC-12GD']]
9SIBMWJJWB4750,ASUS Dual GeForce RTX 3060 Ti 8GB GDDR6 PCI Express 4.0 Video Card DUAL-RTX3060TI-O8G,ASUS,4.5,26.0,460.49,$49.99 Shipping,https://c1.neweggimages.com/ProductImageCompressAll300/14-126-468-V15.jpg,"[[' 1740 MHz', ' 7680 x 4320', ' 3 x DisplayPort 1.4a', ' 2 x HDMI 2.1', 'DUAL-RTX3060TI-O8G']]"
9SIB1PGJSS7450,"SAPPHIRE Radeon RX 6500 XT 4G D6 Platinum OC Graphics Card, 4GB 64-bit GDDR6, Support PCI Express 4.0,1 x HDMI, 1 x DisplayPort",Sapphire Tech,,,425.0,0,https://c1.neweggimages.com/ProductImageCompressAll300/A4RES2203240HXSUS2C.jpg,"[[' 7680 x 4320', ' 1 x DisplayPort 1.4a', ' 1 x HDMI 2.1', ' 194×120 mm', 'SAPPHIRE RX 6500 XT 4G D6 Platinum OC']]"
9SIB1PGFBX8650,PNY XLR8 GeForce GTX 1650 SUPER 4GB GDDR6 PCI Express 3.0 x16 Video Card VCG16504SSFPPB-O,"PNY Technologies, Inc.",,,379.0,0,https://c1.neweggimages.com/ProductImageCompressAll300/14-133-813-S01.jpg,"[[' 1530 MHz', ' 7680 x 4320', ' 1 x DisplayPort 1.4', ' 1 x DVI-D', 'VCG16504SSFPPB-O', '9SIB1PGFBX8650']]"
9SIB1PGJVD5844,DIAMOND Radeon HD 7970 3GB GDDR5 PCI Express 3.0 x16 CrossFireX Support Video Card 7970PE53G,Diamond Multimedia,4.4,77.0,498.0,0,https://c1.neweggimages.com/ProductImageCompressAll300/14-103-201-04.jpg,"[[' 925 MHz', ' 4096 x 2160 (HDMI)\r\n4096 x 2160 (DisplayPort)\r\n2560 x 1600 (DL-DVI)', ' 2 x Mini DisplayPort', ' 1 x DVI', '7970PE53G', '9SIB1PGJVD5844']]"
9SIB1PGJWZ2947,VisionTek Radeon HD 3870 512MB GDDR4 PCI Express 2.0 x16 CrossFireX Support Video Card 900202,VisionTek,4.5,144.0,253.0,0,https://c1.neweggimages.com/ProductImageCompressAll300/14-129-100-14.jpg,"[[' 2560 x 1600', ' 2 x DVI', ' 1 x HDMI (via Adapter)', ' DirectX 10.1', '900202', '9SIB1PGJWZ2947']]"
9SIB1PGJUR0764,DIAMOND Radeon HD 6970 2GB GDDR5 PCI Express 2.1 x16 CrossFireX Support Video Card with Eyefinity 6970PE52G,Diamond Multimedia,4.3,27.0,325.0,0,https://c1.neweggimages.com/ProductImageCompressAll300/14-103-182-04.jpg,"[[' 880 MHz', ' 2560 x 1600', ' 2 x Mini DisplayPort', ' 2 x DVI (1 Single Link, 1 Dual Link)', '6970PE52G', '9SIB1PGJUR0764']]"
9SIB1PGJST1857,"GIGABYTE AORUS Radeon RX 6900 XT Master 16G Graphics Card, MAX-Covered Cooling, 16GB 256-bit GDDR6,",GIGABYTE,,,1640.0,0,https://c1.neweggimages.com/ProductImageCompressAll300/B42FD2201010ST47J03.jpg,"[[' Air Cooler', 'iqqbi2HKSV']]"
9SIB1PGJWF4184,VisionTek Radeon R9 290X 4GB GDDR5 PCI Express 3.0 CrossFireX Support Video Card 900654,VisionTek,4.7,3.0,329.0,0,https://c1.neweggimages.com/ProductImageCompressAll300/14-129-278-21.jpg,"[[' 1 x DisplayPort', ' 2 x DVI', ' 1 x HDMI', ' DirectX 11.2', '900654', '9SIB1PGJWF4184']]"
9SIB1PGFBW7110,"NVIDIA Quadro 2000D by PNY 1GB GDDR5 PCI Express Gen 2 x16 Dual DVI-I DL OpenGL, DirectX, CUDA, and OpenCL Profesional Graphics Board, VCQ2000D-PB","PNY Technologies, Inc.",,,144.0,0,https://c1.neweggimages.com/ProductImageCompressAll300/AE7U_1_201709301336541701.jpg,"[['04LNOMHO', '9SIB1PGFBW7110']]"
9SIB1PGJUN9417,PowerColor Radeon HD 7850 2GB GDDR5 PCI Express 2.1 CrossFireX Support ATX Video Card AX7850 2GBD5-DHE/OC,PowerColor,,,320.0,0,https://c1.neweggimages.com/ProductImageCompressAll300/14-131-659-01.jpg,"[[' 910MHz', ' 1 x DisplayPort', ' 1 x DL DVI-I', ' 1 x HDMI', 'AX7850 2GBD5-DHE/OC', '9SIB1PGJUN9417']]"
9SIB1PGJUN9291,"PowerColor DEVIL Radeon HD 7870 2GB 256-bit GDDR5 PCI Express 3.0 HDCP Ready CrossFireX Support Video Card, AX7870 2GBD5-A2DH",PowerColor,5,5.0,345.0,0,https://c1.neweggimages.com/ProductImageCompressAll300/14-131-501-04.jpg,"[[' 1100 MHz', ' VGA:2048 x 1536 \r\n\r\nDVI:2560 x 1600\r\n \r\nDisplayPort:4096 x 2160 \r\n\r\nHDMI:4096 x 2160', ' 2 x Mini DisplayPort', ' 1 x DL-DVI-I\r\n1 x SL-DVI-D', 'AX7870 2GBD5-A2DH', '9SIB1PGJUN9291']]"
9SIB1PGJUP8724,PowerColor Radeon R9 280X 3GB GDDR5 PCI Express 3.0 CrossFireX Support Video Card AXR9 280X 3GBD5-2DHE/OC,PowerColor,1.7,19.0,285.0,0,https://c1.neweggimages.com/ProductImageCompressAll300/14-131-607-03.jpg,"[[' 880 MHz', ' 2 x Mini DisplayPort', ' 1 x DVI', ' 1 x HDMI', 'AXR9 280X 3GBD5-2DHE', '9SIB1PGJUP8724']]"
9SIB1PGJUW3567,PowerColor Radeon RX Vega 64 8GB HBM2 PCI Express 3.0 CrossFireX Support ATX Video Card AXRX VEGA 64 8GBHBM2-2D2H/OC,PowerColor,4.1,21.0,659.0,0,https://c1.neweggimages.com/ProductImageCompressAll300/14-131-734-Z01.jpg,"[[' 1417 MHz', ' 4096 x 2160', ' 2 x DisplayPort', ' 2 x HDMI', 'AXRX VEGA 64 8GBHBM2', '9SIB1PGJUW3567']]"
9SIA0ZXFJV2495,VisionTek AMD Radeon RX 550 4GB GDDR5 4xHDMI Graphics Card 901459,VisionTek,,,267.51,Special Shipping,https://c1.neweggimages.com/ProductImageCompressAll300/A24GD210810CGHE2.jpg,"[[' 3 Year', '901459']]"
9SIB1PGHFT6898,"EVGA GeForce RTX 3070 XC3 Black Gaming, 08G-P5-3751-KL, 8GB GDDR6, iCX3 Cooling, ARGB LED, LHR",EVGA,,,849.0,0,https://c1.neweggimages.com/ProductImageCompressAll300/AKEXS211025CC289.jpg,"[['EVGA 08G-P5-3751-KL', '9SIB1PGHFT6898']]"
9SIB1PGJH08514,ASUS TUF Gaming GeForce RTX 3090 24GB GDDR6X PCI Express 4.0 SLI Support Video Card TUF-RTX3090-O24G-GAMING,ASUS,,,1699.0,0,https://c1.neweggimages.com/ProductImageCompressAll300/ARVBS2111160L6XW524.jpg,[['ASUS TUF Gaming GeForce RTX 3090 24GB']]
9SIAT8UFFH8874,ZOTAC GeForce GT 730 2GB DDR3 Thunder PCI Express 2.0 Support DVI/VGA Video Card,,,,69.0,0,https://c1.neweggimages.com/ProductImageCompressAll300/AT8UD210806IS9WT.jpg,"[['GT 730 2GB-ST1', '9SIAT8UFFH8874']]"
9SIB1PGJPM8125,ASUS ROG Strix GeForce RTX 3070 8GB GDDR6 PCI Express 4.0 Video Card ROG-STRIX-RTX3070-O8G-V2-GAMING,ASUS,,,849.0,0,https://c1.neweggimages.com/ProductImageCompressAll300/AYTVD210902J9R6U.jpg,"[['LHR-8', '9SIB1PGJPM8125']]"
9SIB1PGJX13794,SAPPHIRE PULSE Radeon RX 5700 XT 11293-01-20G 8GB 256-Bit GDDR6 PCI Express 4.0 x16 ATX Video Card,Sapphire Tech,,,650.0,0,https://c1.neweggimages.com/ProductImageCompressAll300/AH41_1_20190908426297052.jpg,"[[' 1670 MHz', ' HDMI: 4096 x 2160 @ 60 Hz\nDisplayPort1.4: 5120 x 2880 @ 60 Hz', ' 3 x DisplayPort 1.4', ' 1 x HDMI', '11293-01-20G', '9SIB1PGJX13794']]"
9SIB1PGJWC3972,Sapphire AMD Radeon R9 290X 4GB GDDR5 2DVI/HDMI/DisplayPort PCI-Express Video Card,Sapphire Tech,,,329.0,0,https://c1.neweggimages.com/ProductImageCompressAll300/A3KX_130298556740625000poMKLWdJ6T.jpg,"[[' 1 GHz', ' Yes', ' Yes', ' Yes', '21226-00-40G', '9SIB1PGJWC3972']]"
9SIAD7HJSR3541,Gigabyte NVIDIA GeForce RTXu00adu00ad 4070 Ti 12GB GDDR6X Gaming Graphics Card,GIGABYTE,,,1044.99,0,https://c1.neweggimages.com/ProductImageCompressAll300/A4YUD230106103J5214.jpg,[['GV-N407TGAMING OC-12GD']]
9SIB1PGJX67921,Sapphire Radeon R7 360 Graphic Card - 1.06 GHz Core - 2 GB GDDR5 - PCI Express 3.0 - Dual Slot Space Required,Sapphire Tech,,,299.0,0,https://c1.neweggimages.com/ProductImageCompressAll300/A98Y_1_201605301941981762.jpg,"[[' 1.06 GHz', ' Yes', ' Yes', ' Yes', '11243-00-20G', '9SIB1PGJX67921']]"
9SIAPMXFTX3546,ASUS Dual GeForce RTX 3060 Ti 8GB GDDR6 PCI Express 4.0 x16 Video Card DUAL-RTX3060TI-O8G-V2 LHR,ASUS,,,549.99,0,https://c1.neweggimages.com/ProductImageCompressAll300/APMXS2109135A812.jpg,"[['XRL-52', '9SIAPMXFTX3546']]"
9SIAUNCK0V9221,"GIGABYTE GeForce RTX 3060 Ti WINDFORCE OC 8G LHR Gaming Graphics Card, GDDR6 256bit, Support PCI-Express 4.0 2*DP+2*HDMI-Video Card (GV-N306TWF2OC-8GD)",GIGABYTE,,,489.99,$49.99 Shipping,https://c1.neweggimages.com/ProductImageCompressAll300/AYTVS2210090EA4E437.jpg,[['GIGABYTE GV-N306TWF2OC-8GD']]
9SIB1PGFBZ1083,"EVGA GeForce GTX 1080 FTW HYBRID GAMING, 08G-P4-6288-KR, 8GB GDDR5X, RGB LED, All-In-One Watercooling with 10CM FAN, 10 Power Phases, Double BIOS, DX12 OSD Support (PXOC)",EVGA,4.6,69.0,695.0,0,https://c1.neweggimages.com/ProductImageCompressAll300/14-487-266-S99.jpg,"[[' 1721 MHz', ' 7680 x 4320', ' 3 x DisplayPort 1.4', ' 1 x Dual-Link DVI-D', '08G-P4-6288-KR', '9SIB1PGFBZ1083']]"
9SIB1PGJX98580,PNY GeForce GTX 1080 Founders Edition 8GB GDDR5X PCI Express 3.0 Graphics Card VCGGTX10808PB-CG,"PNY Technologies, Inc.",4.4,9.0,598.0,0,https://c1.neweggimages.com/ProductImageCompressAll300/14-133-629-S99.jpg,"[[' 1607 MHz', ' 7680 x 4320', ' 3 x DisplayPort 1.4', ' 1 x Dual-link DVI-D', 'VCGGTX10808PB-CG', '9SIB1PGJX98580']]"
9SIB1PGJX62307,PNY XLR8 GeForce GTX 660 Ti 2GB GDDR5 PCI Express 3.0 x16 SLI Support Video Card w/ HDMI Cable VCGGTX660TXPB-C,"PNY Technologies, Inc.",4.4,11.0,299.0,0,https://c1.neweggimages.com/ProductImageCompressAll300/14-133-467-05.jpg,"[[' 915MHz', ' 1 x DisplayPort', ' 2 x DVI', ' 1 x HDMI', 'VCGGTX660TXPB-C', '9SIB1PGJX62307']]"
9SIB1PGJUN9393,PowerColor Radeon HD 7850 2GB GDDR5 PCI Express 3.0 Eyefinity 6 Edition Video Card Support 6 Monitors AX7850 2GBD5-6DE,PowerColor,2.5,2.0,320.0,0,https://c1.neweggimages.com/ProductImageCompressAll300/14-131-586-03.jpg,"[[' 860MHz', ' 6 x Mini DisplayPort', ' 2 Slots', ' DirectX 11.2', 'AX7850 2GBD5-6DE', '9SIB1PGJUN9393']]"
9SIB1PGJUN9264,PowerColor Radeon HD 7870 GHz Edition 2GB GDDR5 PCI Express 3.0 Video Card AX7870 2GBD5-M2DH,PowerColor,4.2,36.0,345.0,0,https://c1.neweggimages.com/ProductImageCompressAll300/14-131-510-03.jpg,"[[' 1000 MHz', ' 2 x Mini DisplayPort', ' DL DVI-I', ' 1 x HDMI', 'AX7870 2GBD5-M2DH', '9SIB1PGJUN9264']]"
9SIAY2WJZW1629,"EVGA GeForce RTX 3080 XC3 ULTRA GAMING Video Card, 10G-P5-3885-KL, 10GB GDDR6X, iCX3 Cooling, ARGB LED, Metal Backplate, LHR",EVGA,5,2.0,1159.99,0,https://c1.neweggimages.com/ProductImageCompressAll300/14-487-542-V07.jpg,"[[' 7680 x 4320', ' 3 x DisplayPort 1.4a', ' 1 x HDMI 2.1', ' 11.23"" x 4.38""', '10G-P5-3885-KL']]"
9SIA4REJWF9370,XFX Speedster QICK 210 Radeon RX 6500 XT 4GB GDDR6 PCI Express 4.0 Video Card RX-65XT4DBDQ,XFX,4.4,8.0,189.99,0,https://c1.neweggimages.com/ProductImageCompressAll300/14-150-866-V07.jpg,"[[' 2420 MHz', ' 1 x DisplayPort 1.4', ' 1 x HDMI 2.1', ' 9.17"" x 5.12""', 'RX-65XT4DBDQ']]"
9SIB1PGJPN6378,MSI GeForce RTX 3060 Ti AERO ITX 8G OC LHR,MSI,,,639.0,0,https://c1.neweggimages.com/ProductImageCompressAll300/AKEXS210831CAh9t.jpg,"[[' 7680 x 4320', ' DisplayPort x 3 1.4a', ' 1 X HDMI 2.1', ' NVIDIA', 'RTX 3060 Ti AERO ITX 8G OC LHR', '9SIB1PGJPN6378']]"
9SIAFVFJSY0298,Zotac VCX ZTA30620E10P GeForce RTX 3060 Ti 8GB GDDR6X Twin Edge 256-Bit  ZT-A30620E-10P,ZOTAC,,,473.44,$20.00 Shipping,https://c1.neweggimages.com/ProductImageCompressAll300/14-500-553-01.jpg,"[[' 7680 x 4320', ' 3 x DisplayPort 1.4a', ' 1 x HDMI', ' • Length: 231.9mm (9.1in)\r\n• Height: 141.3mm (5.6in)\r\n• Width: Dual slot (41.5mm) (1.6in)', 'ZT-A30620E-10P']]"
9SIB1PGFBZ0309,PNY XLR8 GeForce GTX 1080 Ti 11GB GDDR5X PCI Express 3.0 x16 SLI Support Video Card VCGGTX1080T11PB-OC2,"PNY Technologies, Inc.",3,1.0,749.0,0,https://c1.neweggimages.com/ProductImageCompressAll300/14-133-738-V03.jpg,"[[' 1506 MHz', ' 7680 x 4320', ' 3 x DisplayPort 1.4', ' 1 x HDMI 2.0b', 'VCGGTX1080T11PB-OC2']]"
9SIAH8WJHR2872,"EVGA GeForce GTX 1660 SC ULTRA GAMING, 06G-P4-1067-KR, 6GB GDDR5, Dual Fan, Metal Backplate",EVGA,,,350.8,0,https://c1.neweggimages.com/ProductImageCompressAll300/A73M_132151436614538113MnCXq0DhLT.jpg,"[[' 7680 x 4320', ' 1 x DisplayPort 1.4', ' 1 x Dual-Link DVI-D', ' 1 x HDMI 2.0b', 'C06G-P4-1067 -KR']]"
9SIB1PGJVP1232,PNY GeForce GTX 650 Ti BOOST 2GB GDDR5 PCI Express 3.0 x16 SLI Support Video Card VCGGTX650TBQXPB-OC,"PNY Technologies, Inc.",4.9,8.0,245.0,0,https://c1.neweggimages.com/ProductImageCompressAll300/14-133-488-03.jpg,"[[' 1006MHz', ' 2560 x 1600', ' 1 x DisplayPort', ' 2 x DVI', 'VCGGTX650TBQXPB-OC', '9SIB1PGJVP1232']]"
9SIAGGGHSJ0201,GIGABYTE GeForce GTX 1660 SUPER DirectX 12 GV-N166SOC-6GD 6GB 192-Bit GDDR6 PCI Express 3.0 x16 ATX Video Card,GIGABYTE,5,1.0,349.99,$30.00 Shipping,https://c1.neweggimages.com/ProductImageCompressAll300/AWZTS210326Odl1C.jpg,"[[' 7680 x 4320', ' 3 x DisplayPort 1.4', ' 1 x HDMI 2.0b', ' 8.88"" x 4.80""', 'TAT2H2TI53Z5YEOC']]"
9SIB1PGJGM8289,ASUS TUF Gaming GeForce RTX 3090 24GB GDDR6X PCI Express 4.0 SLI Support Video Card TUF-RTX3090-O24G-GAMING,ASUS,,,1699.0,0,https://c1.neweggimages.com/ProductImageCompressAll300/AKEXS2112010I0E5PE8.jpg,"[['ASUS TUF-RTX3090-O24G-GAMING', '9SIB1PGJGM8289']]"
9SIAXHKJUP4800,ZOTAC GeForce GTX 1050 Ti DirectX 12 ZT-P10510A-10L 4GB 128-Bit GDDR5 PCI Express 3.0 HDCP Ready Mini Video Card,ZOTAC,4.6,70.0,264.89,0,https://c1.neweggimages.com/ProductImageCompressAll300/14-500-411-08.jpg,"[[' 1303 MHz', ' 7680 x 4320', ' 1 x DisplayPort 1.4', ' 1 x DL-DVI-D', 'ZT-P10510A-10L']]"
9SIB1PGJPG0912,ASUS ROG Strix GeForce RTX 3090 24GB GDDR6X PCI Express 4.0 x16 SLI Support Video Card ROG-STRIX-RTX3090-O24G-GAMING,ASUS,,,1699.0,0,https://c1.neweggimages.com/ProductImageCompressAll300/ACVBD210309MR3BZ.jpg,[['B-ROG-STRIX-RTX3090-']]
9SIB1PGJPF9459,ASUS ROG Strix GeForce RTX 3090 24GB GDDR6X PCI Express 4.0 SLI Support Video Card ROG-STRIX-RTX3090-O24G-GAMING,ASUS,,,1699.0,0,https://c1.neweggimages.com/ProductImageCompressAll300/AWMSS2205050KK1R53C.jpg,[['SSH ASUS ROG Strix 3090 24GB']]
9SIAUNCK0W0865,"GIGABYTE GeForce RTX 3090 EAGLE OC 24GB Video Card, GV-N3090EAGLE OC-24GD",GIGABYTE,3.8,4.0,1535.21,$49.99 Shipping,https://c1.neweggimages.com/ProductImageCompressAll300/14-932-328-V10.jpg,"[[' 1725 MHz', ' 7680 x 4320 @ 60 Hz', ' 3 x DisplayPort 1.4a', ' 2 x HDMI 2.1', 'GVN3090EAGLEOC24GD']]"
9SIAMJDJVH3590,GIGABYTE AORUS GeForce RTX 3090 Ti XTREME WATERFORCE 24GB GDDR6X PCI Express 4.0 ATX Video Card GV-N309TAORUSX W-24GD,GIGABYTE,4.8,16.0,,$75.61 Shipping,https://c1.neweggimages.com/ProductImageCompressAll300/14-932-510-V14.jpg,"[[' 1935 MHz', ' 7680 x 4320', ' 3 x DisplayPort 1.4a', ' 1 x HDMI 2.1', 'GV-N309TAORUSX W-24GD']]"
9SIB1PGJWC3010,EVGA GeForce GTX 670 4GB GDDR5 PCI Express 3.0 x16 SLI Support Video Card 04G-P4-2671-KR,EVGA,5,1.0,464.0,0,https://c1.neweggimages.com/ProductImageCompressAll300/14-130-784-11.jpg,"[[' 915MHz', ' 2560 x 1600 (DL-DVI)', ' 1 x DisplayPort', ' 2 x DVI', '04G-P4-2671-KR', '9SIB1PGJWC3010']]"
9SIB1PGG1Y2674,GIGABYTE GeForce RTX 2070 SUPER GAMING OC 3X WHITE DirectX 12 GV-N207SGAMINGOC WHITE-8GD 8GB 256-Bit GDDR6 PCI Express 3.0 x16 SLI Support ATX Video Card,,,,749.0,0,https://c1.neweggimages.com/ProductImageCompressAll300/AHT8S2007218IYPY.jpg,"[[' 1815 MHz', ' 3 x DisplayPort 1.4', ' 1 x HDMI 2.0b', ' DirectX 12', 'GVN207SGAMINGOCWHI']]"
9SIB1PGJX62603,EVGA 03G-P4-2782-KR G-SYNC Support GeForce GTX 780 3GB 384-Bit GDDR5 PCI Express 3.0 SLI Support Video Card w/ EVGA ACX Cooler,EVGA,4.4,16.0,380.0,0,https://c1.neweggimages.com/ProductImageCompressAll300/14-130-942-10.jpg,"[[' 863 MHz', ' 4096 x 2160', ' 1 x DisplayPort', ' 2 x DVI', '03G-P4-2782-KR', '9SIB1PGJX62603']]"
9SIB1PGJVD6072,EVGA GeForce 8600 GT 512MB GDDR3 PCI Express x16 SLI Support Video Card 512-P2-N757-TR,EVGA,4.5,206.0,269.0,0,https://c1.neweggimages.com/ProductImageCompressAll300/14-130-290-38.jpg,"[[' 540 MHz', ' 2560 x 1600', ' 2 x DVI', ' DirectX 10', '512-P2-N757-TR', '9SIB1PGJVD6072']]"
9SIB1PGJV78189,EVGA 512-P2-N637-AR GeForce 7950GT 512MB 256-bit GDDR3 PCI Express x16 SLI Support KO Superclocked Video Card,EVGA,4.8,204.0,243.0,0,https://c1.neweggimages.com/ProductImageCompressAll300/14-130-066-11.jpg,"[[' 600 MHz', ' 2560 x 1600', ' 2 x DVI', ' DirectX 9', '512-P2-N637-AR', '9SIB1PGJV78189']]"
9SIB1PGFBZ9576,HP nVidia Tesla P4 8GB GDDR5 GPU 872321-001 Q0V79A900-2G414-0300-000 699-2G414-0201-100 Video Graphics Card,NVIDIA,,,859.0,0,https://c1.neweggimages.com/ProductImageCompressAll300/AA4T_131964675478446795HBboFIiCJ4.jpg,[['Q0V79A']]
9SIB1PGJPN6372,"EVGA GeForce RTX 3080 Ti XC3 ULTRA HYDRO COPPER GAMING, 12G-P5-3959-KR, 12GB GDDR6X, ARGB LED, Metal Backplate",EVGA,,,1799.0,0,https://c1.neweggimages.com/ProductImageCompressAll300/B7PMS2202240KWS7B02.jpg,[['12G-P5-3959-KR']]
9SIB1PGFBZ7611,Dell AMD FirePro W4100 2GB DDR5 PCIe Mini DP Graphics Video Card xxh7r 0xxh7r CN-0xxh7r 025D14 CN-025D14,DELL,,,159.0,0,https://c1.neweggimages.com/ProductImageCompressAll300/A9AXS1912265Q52I.jpg,"[[' xxh7r', 'xxh7r-1', '9SIB1PGFBZ7611']]"
9SIAKEXH8P3846,MSI N730K-2GD3/LP 2GB DDR3 Graphics Card 64-bit  Video Cards PCI Express 2.0,MSI,,,89.99,0,https://c1.neweggimages.com/ProductImageCompressAll300/AP6FS211208oaIan.jpg,"[['N730K-2GD3/LP9*555', '9SIAKEXH8P3846']]"
9SIAT8UGUM1661,UNIKA Radeon RX 560 million Drawing 4GD5 V2 RX 560 4G D5 Video Card for Gaming,,,,189.99,0,https://c1.neweggimages.com/ProductImageCompressAll300/AT8US22011314NI1W39.jpg,"[['SM-560-4G', '9SIAT8UGUM1661']]"
9SIB1PGFBY1669,EVGA GeForce GTX 1060 3GB GDDR5 PCI Express 3.0 Video Card 03G-P4-5160-KR,EVGA,,,395.0,0,https://c1.neweggimages.com/ProductImageCompressAll300/A1N8_1_20170504950016598.jpg,"[[' 1506 MHz', ' 7680 x 4320', ' 3 x DisplayPort 1.4', ' 1 x Dual-Link DVI-D', '03G-P4-5160-KR']]"
9SIAY2WJZY7098,"EVGA GeForce RTX 2070 XC GAMING, 08G-P4-2172-KR, 8GB GDDR6, Dual HDB Fans & RGB LED",EVGA,3.4,77.0,671.99,0,https://c1.neweggimages.com/ProductImageCompressAll300/14-487-412-S01.jpg,"[[' 7680 x 4320', ' 3 x DisplayPort 1.4', ' 1 x HDMI 2.0b', ' 10.62"" x 4.38""', '08G-P4-2172-KR']]"
9SIB1PGJVP6950,EVGA 01G-P3-1563-KR GeForce GTX 560 Ti Superclocked (Fermi) 1GB 256-bit GDDR5 PCI Express 2.0 x16 HDCP Ready  SLI Support Video Card,EVGA,,,225.0,0,https://c1.neweggimages.com/ProductImageCompressAll300/14-130-624-05.jpg,"[[' 900 MHz', ' 2560 x 1600', ' 2 x DVI', ' 1 x mini HDMI', '01G-P3-1563-KR', '9SIB1PGJVP6950']]"
9SIB1PGJVD6181,EVGA GeForce GT 640 4GB DDR3 PCI Express 3.0 x16 Video Card 04G-P4-2647-KR,EVGA,4.5,4.0,374.0,0,https://c1.neweggimages.com/ProductImageCompressAll300/14-130-818-10.jpg,"[[' 901MHz', ' 2560 x 1600', ' 2 x DVI', ' 1 x mini HDMI', '04G-P4-2647-KR', '9SIB1PGJVD6181']]"
9SIB1PGJX62300,EVGA GeForce GT 730 2GB GDDR5 PCI Express 2.0 Low Profile Ready Video Card 02G-P3-3732-KR,EVGA,3,2.0,260.0,0,https://c1.neweggimages.com/ProductImageCompressAll300/14-487-363-V09.jpg,"[[' 902 MHz', ' Max\xa0Analog:\xa02048 x 1536 \nMax\xa0Digital:\xa03840 x 2160', ' 1 x DVI-D', ' 1 x HDMI', '02G-P3-3732-KR', '9SIB1PGJX62300']]"
9SIB1PGFBX8646,EVGA 640-P2-N829-A1 GeForce 8800GTS 640MB 320-bit GDDR3 PCI Express x16 HDCP Ready SLI Supported Video Card,EVGA,5,13.0,237.0,0,https://c1.neweggimages.com/ProductImageCompressAll300/14-130-300-12.jpg,"[[' 576 MHz', ' 2560 x 1600', ' 2 x DVI', ' DirectX 10', '640-P2-N829-A1']]"
9SIAY2WJZW1651,ZOTAC GeForce GTX 1070 Ti 8GB GDDR5 PCI Express 3.0 SLI Support Video Card - AMP! Edition ZT-P10710C-10P,ZOTAC,4.8,11.0,715.99,0,https://c1.neweggimages.com/ProductImageCompressAll300/14-500-430-V01.jpg,"[[' 1607 MHz', ' 3 x DisplayPort 1.4', ' 1 x DL-DVI-D', ' 1 x HDMI 2.0b', 'ZT-P10710C-10P']]"
9SIAH8WJK33371,MSI AMD Radeon RX 6650 XT Gaming X 8GB GDDR6 Graphics Card,MSI,,,499.9,0,https://c1.neweggimages.com/ProductImageCompressAll300/A4YUD2205250ZHH2645.jpg,[['V502-063R']]
9SIAYTVJMD0543,"ASUS ROG Strix GeForce RTX 4080 OC WHITE Edition Gaming Graphics Card (PCIe 4.0, 16GB GDDR6X, HDMI 2.1a, DisplayPort 1.4a) ROG-STRIX-RTX4080-O16G-WHITE Video Card",ASUS,,,1899.0,$49.99 Shipping,https://c1.neweggimages.com/ProductImageCompressAll300/BDCAS23011108KE5LAD.jpg,[['RTX 4080 OC WHITE']]
9SIAXHKJUP4807,"ZOTAC GeForce GTX 1060 AMP!, ZT-P10600B-10M, 6GB GDDR5 Super Compact Dual-Fan IceStorm Cooling FREEZE Fan Stop",ZOTAC,4.1,60.0,508.94,0,https://c1.neweggimages.com/ProductImageCompressAll300/14-500-403-S99.jpg,"[[' 1556 MHz', ' 7680 x 4320', ' 3 x DisplayPort 1.4', ' 1 x Dual-link DVI-D', 'ZT-P10600B-10M']]"
9SIAXHKJUP4854,"ZOTAC GeForce GTX 1060 Mini, ZT-P10610A-10L, 3GB GDDR5 Super Compact",ZOTAC,4.4,36.0,449.94,0,https://c1.neweggimages.com/ProductImageCompressAll300/14-500-405-06.jpg,"[[' 1506 MHz', ' 3 x DisplayPort 1.4', ' 1 x DL-DVI', ' 1 x HDMI 2.0b', 'ZT-P10610A-10L']]"
9SIB1PGJV78183,EVGA e-GeForce 7600 GT Graphics Card,EVGA,,,203.0,0,https://c1.neweggimages.com/ProductImageCompressAll300/B1PGS23050519G9QD2B.jpg,"[[' 500 MHz', ' 2560 x 1600', ' 128-Bit', ' OpenGL', '256-P2-N550-AX', '9SIB1PGJV78183']]"
9SIB1PGH7E2104,"EVGA GeForce RTX 2070 Black GAMING, 08G-P4-1071-KR, 8GB GDDR6, Dual HDB Fans",EVGA,4.3,43.0,675.0,0,https://c1.neweggimages.com/ProductImageCompressAll300/14-487-413-V18.jpg,"[[' 7680 x 4320', ' 2 x DisplayPort 1.4', ' 1 x Dual-Link DVI-D', ' 1 x HDMI 2.0b', '08G-P4-1071-KR']]"
9SIB1PGFBZ6213,"EVGA GeForce GTX TITAN X 12G-P4-2990-KR 12GB GAMING, Play 4k with Ease Graphics Card",EVGA,4.5,13.0,630.0,0,https://c1.neweggimages.com/ProductImageCompressAll300/14-487-129-09.jpg,"[[' 1000 MHz', ' 4096 x 2160', ' 3 x DisplayPort', ' 1 x DVI-I', '12G-P4-2990-KR']]"
9SIB1PGJSJ7589,EVGA 01G-P3-1228-LR GeForce GT 220 FTW 1GB 128-bit DDR3 PCI Express 2.0 x16 HDCP Ready  Video Card,EVGA,4,13.0,220.0,0,https://c1.neweggimages.com/ProductImageCompressAll300/14-130-524-02.jpg,"[[' 720MHz', ' 2560 x 1600', ' 1 x DVI', ' 1 x HDMI', '01G-P3-1228-LR', '9SIB1PGJSJ7589']]"
9SIB1PGJPK4869,MSI Gaming GeForce RTX 3080 LHR 10GB GDRR6X 320-Bit HDMI/DP Nvlink Torx Fan 3 Ampere Architecture OC Graphics Card (RTX 3080 Ventus 3X Plus 10G OC LHR),MSI,,,1190.0,0,https://c1.neweggimages.com/ProductImageCompressAll300/AG7RS2206010J7BM97B.jpg,"[[' NVIDIA', ' NVIDIA GeForce RTX 30 Series', ' Ampere', ' 1740 MHz', 'MSI Ventus GeForce RTX 3080 10GB', '9SIB1PGJPK4869']]"
9SIB1PGJVE0322,EVGA e-GeForce 7300 GT Graphics Card,EVGA,,,168.0,0,https://c1.neweggimages.com/ProductImageCompressAll300/A98Y_1_201610011015904882.jpg,"[[' 350 MHz', ' Yes', ' NVIDIA', ' DirectX 9.0', '256-P2-N443-LR', '9SIB1PGJVE0322']]"
9SIAXHKJUP5294,ZOTAC GeForce GTX 760 2GB GDDR5 PCI Express 3.0 x16 SLI Support Video Card ZT-70401-10P,ZOTAC,4.2,41.0,389.94,0,https://c1.neweggimages.com/ProductImageCompressAll300/14-500-306-06.jpg,"[[' 993 MHz', ' 2560 x 1600', ' 1 x DisplayPort 1.2', ' 2 x DL-DVI', 'ZT-70401-10P']]"
9SIAT8UGMJ8807,ASUS TUF Gaming GeForce GTX 1650 Dual Fan Graphics Card - 4 GB (ASUS TUF-GTX1650-O4GD6-P-GAMING),ASUS,5,1.0,162.48,$49.99 Shipping,https://c1.neweggimages.com/ProductImageCompressAll300/AVMKS2109235313D.jpg,[['ASUS TUF-GTX1650-O4GD6-P-GAMING']]
9SIB1PGJS19533,"ZOTAC GAMING GeForce RTX 3060 Twin Edge OC 12GB GDDR6 192-bit 15 Gbps PCIE 4.0 Gaming Graphics Card, IceStorm 2.0 Cooling, Active Fan Control, FREEZE Fan Stop ZT-A30600H-10M",,4,2.0,745.0,0,https://c1.neweggimages.com/ProductImageCompressAll300/A9H5S210513FiWeS.jpg,"[[' 7680 x 4320', ' 3 x DisplayPort 1.4a', ' 1 x HDMI 2.1', ' 8.82"" x 4.58""', 'ZT-A30600H-10M', '9SIB1PGJS19533']]"
9SIAXHKJUP4737,ZOTAC GeForce RTX 2070 8GB GDDR6 PCI Express 3.0 Video Card ZT-T20700A-10P,ZOTAC,,,818.94,0,https://c1.neweggimages.com/ProductImageCompressAll300/14-500-441-V09.jpg,"[[' 3 x DisplayPort 1.4', ' 1 x DVI-D', ' 1 x HDMI 2.0b', ' 10.55"" x 4.45""', 'ZT-T20700A-10P']]"
9SIAH8WJK55307,ASUS GeForce GTX 1650 TUF OC 4GB GDDR6 TUF-GTX1650-O4GD6-P-GAMING Video Graphic Card GPU,ASUS,,,518.07,0,https://c1.neweggimages.com/ProductImageCompressAll300/ADFRD2202251EZHI814.jpg,"[[' 1410 MHz', ' 1 x DisplayPort', ' 1 x DVI', ' 1 x HDMI', 'TUF-1650-O4GD6-P-G-R']]"
9SIB1PGJUN9285,SAPPHIRE Radeon HD 7870 GHz Edition 2GB GDDR5 PCI Express 3.0 x16 CrossFireX Support Video Card 100354OC-2L,Sapphire Tech,4.1,277.0,345.0,0,https://c1.neweggimages.com/ProductImageCompressAll300/14-202-025-07.jpg,"[[' 1050 MHz', ' 1 x DisplayPort', ' 2 x DVI (1 Single Link, 1 Dual Link)', ' 1 x HDMI', '100354OC-2L', '9SIB1PGJUN9285']]"
9SIAUNCK0V9919,PowerColor Hellhound Radeon RX 6650 XT 8GB GDDR6 PCI Express 4.0 ATX Video Card AXRX 6650XT 8GBD6-3DHL/OC,PowerColor,,,321.87,$49.99 Shipping,https://c1.neweggimages.com/ProductImageCompressAll300/14-131-802-V06.jpg,"[[' 3 x DisplayPort 1.4', ' 1 x HDMI 2.1', ' 8.66"" x 5.20""\n9.13"" x 5.91"" (with bracket)', ' 2.2 Slot', 'AXRX 6650XT 8GBD6-3DHL/OC']]"
9SIB1PGJX62555,EVGA 04G-P4-3778-KR G-SYNC Support GeForce GTX 770 4GB 256-Bit GDDR5 PCI Express 3.0 x16 HDCP Ready SLI Support Dual Classified with EVGA ACX Cooler Video Card,EVGA,4.5,43.0,420.0,0,https://c1.neweggimages.com/ProductImageCompressAll300/14-130-925-09.jpg,"[[' 1150 MHz', ' 4096 x 2160', ' 1 x DisplayPort', ' 2 x DVI', '04G-P4-3778-KR']]"
9SIB1PGFBZ1257,"EVGA GeForce GTX 1070 SC GAMING ACX 3.0 Black Edition, 08G-P4-5173-KR, 8GB GDDR5, LED, DX12 OSD Support (PXOC)",EVGA,4.4,182.0,579.0,0,https://c1.neweggimages.com/ProductImageCompressAll300/14-487-265-S99.jpg,"[[' 1594 MHz', ' 7680 x 4320', ' 3 x DisplayPort 1.4', ' 1 x Dual-Link DVI-D', '08G-P4-5173-KR']]"
9SIB1PGJPP2128,ZOTAC GeForce RTX 3060 Twin Edge OC 12GB Gaming Graphics Card ZT-A30600H-10M,ZOTAC,,,745.0,0,https://c1.neweggimages.com/ProductImageCompressAll300/AS68S21090898DDC.jpg,"[['AIO-ZT-A30600H-10M-carina', '9SIB1PGJPP2128']]"
9SIAPMXFTX7752,ASUS ROG Strix GeForce RTX 3070 Ti 8GB GDDR6X PCI Express 4.0 x16 Video Card ROG-STRIX-RTX3070TI-O8G-GAMING,ASUS,,,999.0,0,https://c1.neweggimages.com/ProductImageCompressAll300/APMXS210913aY01R.jpg,[['XRL-56']]
9SIB1PGJPK4875,"GIGABYTE GeForce RTX 3080 Ti Gaming OC 12G Graphics Card, 3X WINDFORCE Fans, 12GB 384-Bit GDDR6X,",GIGABYTE,,,1397.0,0,https://c1.neweggimages.com/ProductImageCompressAll300/AMTVD210819Q2I89.jpg,"[[' Air Cooler', 'GV 3080 Ti Gaming OC 12G']]"
9SIAYTVJAD8888,GIGABYTE WINDFORCE GeForce RTX 4090 24GB GDDR6X PCI Express 4.0 ATX Video Card GV-N4090WF3-24GD,GIGABYTE,,,2241.76,$49.99 Shipping,https://c1.neweggimages.com/ProductImageCompressAll300/BDCAS22102505ZA46F7.jpg,[['RTX 4090 WINDFORCE']]
9SIB1PGJNB4499,PNY nVidia T600 4Gb GDDR6 128-bit PCIe16 4xminiDP 900-5G172-1721-000 RVCNT600ATX,"PNY Technologies, Inc.",,,349.0,0,https://c1.neweggimages.com/ProductImageCompressAll300/AA4TS2203011CNVDQA9.jpg,"[['RVCNT600ATX', '9SIB1PGJNB4499']]"
9SIAVH0H878526,MSI Gaming GeForce RTX 3060 12GB GDDR6 PCI Express 4.0 Video Card RTX 3060 Gaming Z Trio 12G LHR,MSI,,,699.99,0,https://c1.neweggimages.com/ProductImageCompressAll300/ARUXS2112020MTRGG93.jpg,[['MSI Gaming 3060 12GB Z']]
9SIASGME089331,MSI GeForce GT 1030 DirectX 12 GT 1030 AERO ITX 2GD4 OCV1 2GB 64-Bit GDDR4 PCI Express 3.0 x16 (uses x4) ITX Video Card,MSI,,,99.99,0,https://c1.neweggimages.com/ProductImageCompressAll300/APBUS210406UgYbO.jpg,[['GT 1030 AERO ITX 2GD']]
9SIAPNMEMA3089,"Biostar Radeon RX 560 4GB GDDR5 128-Bit DirectX 12 PCI Express 3.0 DVI-D Dual Link, HDMI, DisplayPort and Dual Cooling Fan Gaming Edition VA5615RF41-TBVRA-BS2",Biostar,4.2,6.0,152.81,0,https://c1.neweggimages.com/ProductImageCompressAll300/A23XS210328ohqx1.jpg,"[[' 4096 *2160', ' 1500 MHz', 'VA5615RF41-TBVRA-BS2']]"
9SIAXHKJUP4967,"ZOTAC GAMING GeForce RTX 2060 6GB GDDR6 192-bit Gaming Graphics Card, Super Compact, ZT-T20600H-10M",ZOTAC,4.4,12.0,764.94,0,https://c1.neweggimages.com/ProductImageCompressAll300/14-500-478-V01.jpg,"[[' 500W', 'ZT-T20600H-10M']]"
9SIB1PGJPK4998,ASUS GeForce RTX 3080 V2 OC 10GB GDDR6X TUF-RTX3080-O10G-V2-GAMING Video Graphic Card GPU,ASUS,,,1190.0,0,https://c1.neweggimages.com/ProductImageCompressAll300/AP07D210806GAJVV.jpg,"[[' 1 x DisplayPort', ' 1 x HDMI', ' NVIDIA', ' NVIDIA GeForce GTX 30 Series', 'TUF-3080-O10G-V2-GAM-R']]"
9SIA4YUEE07257,PNY QUADRO P1000 V2 LOWPROFILE DVI,"PNY Technologies, Inc.",,,427.7,Special Shipping,https://c1.neweggimages.com/ProductImageCompressAll300/AFYUD210309AR3VP.jpg,[['VCQP1000DVIV2PB']]
9SIBBN9JEB3668,"EVGA GeForce GTX 1650 SC Ultra Gaming, 04G-P4-1057-KR, 4GB GDDR5, Dual Fan, Metal Backplate",EVGA,,,378.46,0,https://c1.neweggimages.com/ProductImageCompressAll300/AFJ6D2007170B6Q6.jpg,"[[' 1485 MHz', ' DirectX 12', ' NVIDIA', ' 04G-P4-1057-KR', '32660328677473']]"
9SIAY2WJZW1652,"EVGA GeForce RTX 3080 12GB XC3 ULTRA GAMING, 12G-P5-4865-KL, 12GB GDDR6X, iCX3 Cooling, ARGB LED, Metal Backplate, LHR",EVGA,4.5,11.0,1159.99,0,https://c1.neweggimages.com/ProductImageCompressAll300/14-487-557-V02.jpg,"[[' 7680 x 4320', ' 3 x DisplayPort 1.4a', ' 1 x HDMI 2.1', ' 11.23"" x 4.38""', '12G-P5-4865-KL']]"
9SIADFRJBB4765,716521-001 717219-001 AMD ATI Radeon HD8490 1GB DDR3 DVI Displayport Video Card PCI-EXPRESS Video Cards - OEM,AMD,,,39.99,0,https://c1.neweggimages.com/ProductImageCompressAll300/ACTN_1_20190808451394825.jpg,"[['716521-001', '9SIADFRJBB4765']]"
9SIB1PGFBY1743,"EVGA GeForce GTX 1060 6GB FTW DT GAMING ACX 3.0, , 6GB GDDR5, LED, DX12 OSD Support (PXOC), 06G-P4-6266-KR",EVGA,,,489.0,0,https://c1.neweggimages.com/ProductImageCompressAll300/14-487-274-S99.jpg,"[[' 1506 MHz', ' 7680 x 4320', ' 3 x DisplayPort 1.4', ' 1 x Dual-Link DVI-D', '06G-P4-6266-KR']]"
9SIB1PGJRR4510,ASUS ROG Strix GeForce RTX 3080 12GB GDDR6X PCI Express 4.0 Video Card ROG-STRIX-RTX3080-O12G-GAMING,ASUS,,,1410.0,0,https://c1.neweggimages.com/ProductImageCompressAll300/BBB1S2204010PMJFC39.jpg,[['ROG-STRIX-RTX3080-O12G-GAMING11']]
9SIB1PGJPG9760,MSI Gaming GeForce RTX 3080 12GB GDDR6X PCI Express 4.0 Video Card RTX 3080 GAMING TRIO PLUS 12G LHR,MSI,4,6.0,1410.0,0,https://c1.neweggimages.com/ProductImageCompressAll300/14-137-763-01.jpg,"[[' 7680 x 4320', ' 3 x DisplayPort 1.4a', ' 1 x HDMI 2.1', ' DirectX 12', 'RTX 3080 GAMING TRIO PLUS 12G LHR', '9SIB1PGJPG9760']]"
9SIB1PGJV23027,SAPPHIRE Vapor-X Radeon HD 7970 GHz Edition 3GB GDDR5 PCI Express 3.0 x16 CrossFireX Support Video Card 100351VXSR,Sapphire Tech,4,143.0,498.0,0,https://c1.neweggimages.com/ProductImageCompressAll300/14-202-001-02.jpg,"[[' 1 x DisplayPort', ' 2 x DVI (1 Single Link, 1 Dual Link)', ' 1 x HDMI', ' DirectX 11', '100351VXSR', '9SIB1PGJV23027']]"
9SIB1PGJVP1440,ASUS GeForce GTX 650 Ti 1GB GDDR5 PCI Express 3.0 x16 Video Card GTX650TI-DC2O-1GD5,ASUS,5,4.0,245.0,0,https://c1.neweggimages.com/ProductImageCompressAll300/14-121-670-02.jpg,"[[' 954MHz', ' 2560 x 1600', ' 2 x Dual-link DVI-D', ' 1 x HDMI', 'GTX650TI-DC2O-1GD5']]"
9SIB1PGJV75425,SAPPHIRE Radeon HD 5870 (Cypress XT) 2GB GDDR5 PCI Express 2.1 x16 CrossFireX Support Eyefinity 6 Edition Video Card 100290SR,Sapphire Tech,4.2,153.0,345.0,0,https://c1.neweggimages.com/ProductImageCompressAll300/14-102-888-06.jpg,"[[' 850 MHz', ' 2560 x 1600', ' 6 x Mini DisplayPort', ' DirectX 11', '100290SR', '9SIB1PGJV75425']]"
9SIB1PGJVP1447,ASUS GeForce GTX 650 1GB GDDR5 PCI Express 3.0 x16 Video Card GTX650-E-1GD5,ASUS,4.1,18.0,215.0,0,https://c1.neweggimages.com/ProductImageCompressAll300/14-121-710-04.jpg,"[[' 1071MHz', ' D-Sub Max Resolution : 2048x1536\nDVI Max Resolution : 2560x1600', ' 1 x DVI', ' 1 x HDMI', 'GTX650-E-1GD5']]"
9SIB1PGJVP1427,ASUS GeForce GTX 650 1GB GDDR5 PCI Express 3.0 x16 Video Card GTX650-DC-1GD5,ASUS,4.5,15.0,215.0,0,https://c1.neweggimages.com/ProductImageCompressAll300/14-121-661-05.jpg,"[[' 1058MHz', ' D-Sub Max Resolution: 2048x1536\nDVI Max Resolution: 2560x1600', ' 2 x DVI', ' 1 x HDMI', 'GTX650-DC-1GD5']]"
9SIBMWJJWB4888,GIGABYTE Eagle GeForce RTX 3060 Ti 8GB GDDR6 PCI Express 4.0 ATX Video Card GV-N306TEAGLE-8GD,GIGABYTE,4,10.0,453.4,$49.99 Shipping,https://c1.neweggimages.com/ProductImageCompressAll300/14-932-379-V01.jpg,"[[' 1665 MHz', ' 2 x DisplayPort', ' 2 x HDMI', ' 9.53"" x 4.88""', 'GV-N306TEAGLE-8GD']]"
9SIBMWJJW81743,ASUS ROG Strix GeForce RTX 3070 8GB GDDR6 PCI Express 4.0 Video Card ROG-STRIX-RTX3070-O8G-WHITE,ASUS,5,24.0,853.0,$49.99 Shipping,https://c1.neweggimages.com/ProductImageCompressAll300/14-126-484-V19.jpg,"[[' 1935 MHz', ' Native x 3', ' Native x 2 (2.1)', ' NVIDIA', 'STRIXRTX3070O8GWHITE']]"
9SIAY2WJZW1616,"EVGA GeForce RTX 2080 BLACK EDITION GAMING, 08G-P4-2081-KR, 8GB GDDR6, Dual HDB Fans & RGB LED",EVGA,4.1,32.0,844.99,0,https://c1.neweggimages.com/ProductImageCompressAll300/14-487-415-V08.jpg,"[[' 7680 x 4320', ' 3 x DisplayPort 1.4', ' 1 x HDMI 2.0b', ' 10.60"" x 4.50""', '08G-P4-2081-KR']]"
9SIBBN9JEC3892,MSI Gaming AMD Radeon RX 6600 128-bit 8GB GDDR6 DP/HDMI Dual Torx Fans FreeSync DirectX 12 VR Ready Graphics Card (RX 6600 MECH 2X 8G),MSI,,,369.91,0,https://c1.neweggimages.com/ProductImageCompressAll300/A73MS2204180K3XT345.jpg,"[[' 1626 MHz', ' 3 x DisplayPort 1.4a', ' 1 x HDMI 2.1', ' 2 Slots', '(RX 6600 MECH 2X 8G)']]"
9SIAPMXE429442,GIGABYTE NVIDIA GeForce GT 1030 DirectX 12 64-Bit GDDR5 PCI Express x16 ATX Video Card,GIGABYTE,4.4,5.0,119.86,0,https://c1.neweggimages.com/ProductImageCompressAll300/A1K6_1320824088781398111xsH9jPdgd.jpg,"[[' 1290 MHz in OC Mode, 1265 MHz in Gaming Mode', ' 4096 x 2160', ' 1 x HDMI 2.0b', ' 6.60"" x 4.38""', 'GB#GV-N1030OC-2GI']]"
9SIB1PGJX67573,MSI Radeon R9 390 8GB GDDR5 Video Card R9 390 GAMING 8G LE,MSI,4.1,12.0,399.0,0,https://c1.neweggimages.com/ProductImageCompressAll300/14-127-875-10.jpg,"[[' 1010 MHz', ' DirectX 12', ' AMD', ' 512-Bit', 'R9 390 GAMING 8G LE', '9SIB1PGJX67573']]"
9SIB1PGJ1E3785,Nvidia Quadro RTX5000 16Gb GDDR6 PCI-E Video Cards RTX 5000 -Factory packing,NVIDIA,,,1280.0,0,https://c1.neweggimages.com/ProductImageCompressAll300/ARUXS220117075EQK73.jpg,"[['Nvidia Quadro RTX5000', '9SIB1PGJ1E3785']]"
9SIB1PGJVD5747,ATI Radeon 9250 256MB DDR PCI Video Card 100-436012,,4,60.0,148.0,0,https://c1.neweggimages.com/ProductImageCompressAll300/14-102-434-07.jpg,"[[' 2048 x 1536', ' DirectX 8', ' AMD', ' 4', '100-436012', '9SIB1PGJVD5747']]"
9SIAXHKJUP4830,"ZOTAC GAMING GeForce RTX 2060 Twin Fan 6GB GDDR6 192-bit Gaming Graphics Card, Super Compact, IceStorm 2.0, ZT-T20600F-10M",ZOTAC,4.6,42.0,764.94,0,https://c1.neweggimages.com/ProductImageCompressAll300/14-500-458-V11.jpg,"[[' 3 x DisplayPort 1.4', ' 1 x HDMI 2.0b', ' 8.30"" x 4.70""', ' 2 Slots', 'ZT-T20600F-10M']]"
9SIBFVPJU44159,ZOTAC GeForce GT 710 2GB DDR3 PCI Express 2.0 x8 Video Card ZT-71302-20L,ZOTAC,3.8,6.0,67.89,0,https://c1.neweggimages.com/ProductImageCompressAll300/14-500-393-01.jpg,"[[' 954 MHz', ' 1 x Dual-Link DVI-D', ' 1 x HDMI', ' 5.70"" x 4.50""', 'ZT-71302-20L']]"
9SIBBN9JRX3814,GIGABYTE Gaming GeForce RTX 4090 GAMING OC 24GB GDDR6X PCI Express 4.0 x16 ATX Video Card GV-N4090GAMING OC-24GD,GIGABYTE,,,2178.71,0,https://c1.neweggimages.com/ProductImageCompressAll300/BDCAS22111408HDHMD0.jpg,[['RTX 4090 GAMING OC']]
9SIB1PGJSW6615,PNY GeForce FX 5200 256MB DDR PCI Video Card VCGFX522PPB,"PNY Technologies, Inc.",4.2,73.0,195.0,0,https://c1.neweggimages.com/ProductImageCompressAll300/14-133-007-07.jpg,"[[' 250 MHz', ' 2048 x 1536', ' DirectX 9', ' NVIDIA', 'VCGFX522PPB', '9SIB1PGJSW6615']]"
9SIB1PGJRH6654,EVGA NVIDIA EVGA GeForce RTX 3060 Ti XC GAMING 8GB LHR Graphics Card (08G-P5-3663-KL),EVGA,,,639.0,0,https://c1.neweggimages.com/ProductImageCompressAll300/AS6FS2201260HM7EDEF.jpg,"[[' With Fan', 'DA-08G-P5-3663-KL', '9SIB1PGJRH6654']]"
9SIAYTVGPR0588,ASUS Dual GeForce RTX 3060 12GB GDDR6 PCI Express 4.0 x16 Video Card DUAL-RTX3060-O12G-V2,ASUS,4.8,4.0,383.69,$49.99 Shipping,https://c1.neweggimages.com/ProductImageCompressAll300/AWMSS211026KgPrj.jpg,"[[' 7680 x 4320', ' 3 x DisplayPort 1.4a', ' 1 x HDMI 2.1', ' 7.87"" x 4.84""', 'ASUS Dual 3060']]"
9SIB1PGJUJ3618,"EVGA GeForce RTX 3060 Ti FTW3 BLACK GAMING Video Card, 08G-P5-3662-KR, 8GB GDDR6, iCX3 Cooling, ARGB LED",EVGA,,,639.0,0,https://c1.neweggimages.com/ProductImageCompressAll300/B1PGS23040616O3WA3C.jpg,"[[' 7680 x 4320', ' 3 x DisplayPort 1.4a', ' 1 x HDMI 2.1', ' 11.23"" x 4.38""', '08G-P5-3662-KR', '9SIB1PGJUJ3618']]"
9SIARPHJRH4146,"ASUS ROG Strix GeForce RTX 3060 12GB GDDR6 PCI Express 4.0 Video Card, OC Edition ROG-STRIX-RTX3060-O12G-GAMING",ASUS,4.7,54.0,485.99,$49.99 Shipping,https://c1.neweggimages.com/ProductImageCompressAll300/14-126-492-V10.jpg,"[[' 1882 MHz', ' 7680 x 4320', ' 3 x DisplayPort 1.4a', ' 2 x HDMI 2.1', 'STRIX-RTX3060-O12G-G']]"
9SIB1PGFBY2562,PowerColor RED DRAGON Radeon RX Vega 56 8GB HBM2 PCI Express 3.0 CrossFireX Support ATX Video Card AXRX VEGA 56 8GBHBM2-2D2HD/OC,PowerColor,4.2,71.0,585.0,0,https://c1.neweggimages.com/ProductImageCompressAll300/14-131-740-Z01.jpg,"[[' 1177 MHz', ' 4096 x 2160', ' 2 x DisplayPort', ' 2 x HDMI', 'VEGA56HBM2-2D2HD/OC']]"
9SIB1PGJUV5064,"EVGA GeForce RTX 3070 FTW3 GAMING Video Card, 08G-P5-3765-KR, 8GB GDDR6, iCX3 Technology, ARGB LED, Metal Backplate",EVGA,,,795.0,0,https://c1.neweggimages.com/ProductImageCompressAll300/14-487-531-01.jpg,"[[' 7680 x 4320', ' 3 x DisplayPort 1.4a', ' 1 x HDMI 2.1', ' 11.81"" x 5.38""', '08G-P5-3765-KR', '9SIB1PGJUV5064']]"
9SIB1PGJVP1316,ASUS GeForce GTX 560 (Fermi) 1GB GDDR5 PCI Express 2.0 x16 SLI Support Video Card ENGTX560 DCII TOP/2DI/1GD5,ASUS,4.2,12.0,240.0,0,https://c1.neweggimages.com/ProductImageCompressAll300/14-121-445-02.jpg,"[[' 925 MHz', ' 2560 x 1600', ' 2 x DVI', ' 1 x mini HDMI', 'ENGTX560 DCII TOP/2D', '9SIB1PGJVP1316']]"
9SIBMWJJXU6598,ASUS TUF Gaming X3 AMD Radeon RX 5700 XT Overclocked 8G GDDR6 HDMI DisplayPort Gaming Graphics Card (TUF 3-RX5700XT-O8G-GAMING),ASUS,1.8,47.0,458.69,$49.99 Shipping,https://c1.neweggimages.com/ProductImageCompressAll300/14-126-346-V01.jpg,"[[' OC Mode: 1730 MHz\nGaming Mode: 1650 MHz', ' 7680 x 4320', ' 3 x DisplayPort 1.4', ' 1 x HDMI 2.0b', 'TUF3RX5700XTO8GGamin']]"
9SIB1PGGYV3490,EVGA 02G-P4-3753-KR G-SYNC Support GeForce GTX 750 Ti Superclocked 2GB 128-Bit GDDR5 PCI Express 3.0 Video Card,EVGA,4.6,391.0,389.0,0,https://c1.neweggimages.com/ProductImageCompressAll300/14-487-024-16.jpg,"[[' 1176 MHz', ' 4096 x 2160', ' 1 x DisplayPort', ' 1 x DVI-I', '02G-P4-3753-KR']]"
9SIB1PGJVP1417,ASUS GeForce GTX 650 Ti BOOST 2GB GDDR5 PCI Express 3.0 SLI Support Video Card GTX650TIB-DC2OC-2GD5,ASUS,4.4,72.0,245.0,0,https://c1.neweggimages.com/ProductImageCompressAll300/14-121-728-07.jpg,"[[' 1020MHz', ' 2560 x 1600', ' 1 x DisplayPort', ' 2 x DVI', 'GTX650TIB-DC2OC-2GD5']]"
9SIB1PGJUR5877,ASUS Radeon RX 5700 PCIe 4.0 VR Ready Graphics Card with 8GB GDDR6 Memory and Support for up to 6 Monitors (RX5700-8G),ASUS,3.4,10.0,650.0,0,https://c1.neweggimages.com/ProductImageCompressAll300/14-126-328-V07.jpg,"[[' 1465 MHz', ' 7680 x 4320', ' 3 x DisplayPort 1.4', ' 1 x HDMI 2.0b', 'RX5700-8G']]"
9SIB1PGFBY9448,"EVGA GeForce GTX 1060 3GB SSC GAMING ACX 3.0, 03G-P4-6167-KR, 3GB GDDR5, LED, DX12 OSD Support (PXOC)",EVGA,4.4,25.0,430.0,0,https://c1.neweggimages.com/ProductImageCompressAll300/14-487-284-S99.jpg,"[[' 1607 MHz', ' 7680 x 4320', ' 3 x DisplayPort 1.4', ' 1 x Dual-Link DVI-D', '03G-P4-6167-KR']]"
9SIB9ZZJUK8307,ZOTAC GAMING GeForce RTX 4090 AMP Extreme AIRO White Edition (ZT-D40900K-10P),ZOTAC,,,2149.9,0,https://c1.neweggimages.com/ProductImageCompressAll300/AXJ8S2212210LPRQFA2.jpg,"[[' 7680 x 4320', ' 3 x DisplayPort 1.4a', ' 1 x HDMI 2.1a', ' 3.5', 'ZT-D40900K-10P']]"
9SIB1PGFC00242,"EVGA GeForce GTX 1060 SC GAMING, ACX 2.0 (Single Fan) 6GB, 06G-P4-6163-KR, GDDR5, DX12 OSD Support (PXOC), Only 6.8 Inches Video Graphics Card",EVGA,,,489.0,0,https://c1.neweggimages.com/ProductImageCompressAll300/A73M_131713861779092252FG9gPMJ5y4.jpg,"[[' 1607 MHz', ' 7680 x 4320', ' 3 x DisplayPort 1.4', ' 1 x Dual-Link DVI-D', 'sdar78h']]"
9SIB1PGJUP9198,Sapphire Video Card 11221-20-20G VAPOR-X R9 280X 3G DDR5 TRI-X Boost HDMI/DVI-I/DVI-D/DisplayPort,Sapphire Tech,,,295.0,0,https://c1.neweggimages.com/ProductImageCompressAll300/A6KX_130780209243544414C5zgOU1Gfb.jpg,"[[' 950 MHz', ' Yes', ' Yes', ' Yes', '11221-20-20G', '9SIB1PGJUP9198']]"
9SIB1PGJX98786,EVGA GeForce MX4000 64MB DDR AGP 4X/8X Video Card 064-A8-NV93-LX,EVGA,4.7,30.0,110.0,0,https://c1.neweggimages.com/ProductImageCompressAll300/14-130-198-10.jpg,"[[' 250 MHz', ' 2048 x 1536@60Hz', ' DirectX 7', ' NVIDIA', '064-A8-NV93-LX', '9SIB1PGJX98786']]"
9SIAXHKJUP5359,ZOTAC GeForce RTX 2060 12GB GDDR6 PCI Express 3.0 Video Card ZT-T20620F-10M,ZOTAC,4.7,3.0,505.84,0,https://c1.neweggimages.com/ProductImageCompressAll300/14-500-530-S01.jpg,"[[' 7680 x 4320', ' 3 x DisplayPort 1.4', ' 1 x HDMI 2.0', ' 8.30"" x 4.70""', 'ZT-T20620F-10M']]"
9SIB1PGJWZ3562,ASUS Radeon VII 16GB HBM2 PCI Express 3.0 Video Card RADEONVII-16G,ASUS,5,3.0,2450.0,0,https://c1.neweggimages.com/ProductImageCompressAll300/14-126-291-V01.jpg,"[[' 1400 MHz', ' 7680 x 4320', ' 3 x DisplayPort 1.4', ' 1 x HDMI 2.0b', 'RADEONVII-16G', '9SIB1PGJWZ3562']]"
9SIAD7HJSR3522,ASUS Gaming NVIDIA GeForce RTX 4080 16GB GDDR6X Graphics Card,ASUS,,,1634.99,0,https://c1.neweggimages.com/ProductImageCompressAll300/A4YUD2212300L3CSD1E.jpg,[['90YV0IB1-M0NA00']]
9SIAXHKJUP4909,"ZOTAC GAMING GeForce RTX 2080 Blower 8GB GDDR6 256-bit Gaming Graphics Card, Metal Backplate (ZT-T20800A-10P)",ZOTAC,5,2.0,1064.94,0,https://c1.neweggimages.com/ProductImageCompressAll300/14-500-436-V10.jpg,"[[' 3 x DisplayPort 1.4', ' 1 x HDMI 2.0b', ' 10.55"" x 4.45""', ' 2 Slots', 'ZT-T20800A-10P']]"
9SIAPRHK0V1496,PowerColor Fighter Radeon RX 6500 XT 4GB GDDR6 PCI Express 4.0 ATX Video Card AXRX 6500XT 4GBD6-DH/OC,PowerColor,4.1,8.0,219.99,0,https://c1.neweggimages.com/ProductImageCompressAll300/14-131-792-01.jpg,"[[' 1 x DisplayPort 1.4', ' 1 x HDMI 2.1', ' 7.52"" x 4.96""', ' 2 Slots', 'AXRX 6500XT 4GBD6-DH/OC']]"
9SIAXHKJUP4746,"ZOTAC GeForce RTX 2070 8GB GDDR6 PCI Express 3.0 Video Card, 10 Units Per Bulk Item ZT-T20700A-10B",ZOTAC,,,818.94,0,https://c1.neweggimages.com/ProductImageCompressAll300/14-500-452-S09.jpg,"[[' 3 x DisplayPort 1.4', ' 1 x DVI-D', ' 1 x HDMI 2.0b', ' 10.55"" x 4.45""', 'ZT-T20700A-10B']]"
9SIB1PGJPM2060,"ASUS ROG STRIX Radeon RX 6700 XT O12G Overclocking Edition Gaming Graphics Card, 12GB 192-bit GDDR6, PCIe 4.0, 1×HDMI 2.1, 3×DisplayPort 1.4a, Axial-tech Fan Design, 2.9-slot, GPU Tweak II",ASUS,,,925.0,0,https://c1.neweggimages.com/ProductImageCompressAll300/A4RES2112090GDE2O35.jpg,"[[' 7680 x 4320', ' 3 x DisplayPort 1.4a', ' 1 x HDMI 2.1', ' 12.68 x 5.55 inches', 'ASUS ROG STRIX RX6700XT O12G GAMING']]"
9SIBMWJJWB4905,"GIGABYTE GeForce RTX 3060 Ti GAMING OC PRO 8GB Video Card, GV-N306TGAMINGOC PRO-8GD",GIGABYTE,4.5,49.0,473.49,$49.99 Shipping,https://c1.neweggimages.com/ProductImageCompressAll300/14-932-376-V01.jpg,"[[' 1770 MHz', ' 7680 x 4320', ' 2 x DisplayPort 1.4a', ' 2 x HDMI 2.1', 'GVN306TGAMINGOCPRO8G']]"
9SIBBN9JF27729,ZOTAC GeForce GT 1030 2GB GDDR5 64-bit PCIe 3.0 DirectX 12 HDCP Ready Low Profile Video Card ZT-P10300A-10L,ZOTAC,,,139.81,0,https://c1.neweggimages.com/ProductImageCompressAll300/AG7R_131971754954632249iW52Nu2sD7.jpg,"[[' 1227 MHz', ' 1 x SL-DVI-D', ' 1 x HDMI 2.0b', ' 6.77"" x 4.38""', 'z*P10300A-10L']]"
9SIB1PGJPM2059,"ASUS ROG STRIX Radeon RX 6700 XT OC Edition Gaming Graphics Card (AMD RDNA 2, PCIe 4.0, 12GB GDDR6, HDMI 2.1, DisplayPort 1.4a, Axial-tech Fan Design, 2.9-slot, Super Alloy Power II, GPU Tweak II)",ASUS,,,925.0,0,https://c1.neweggimages.com/ProductImageCompressAll300/ARA8S210406QHXXs.jpg,"[[' 7680 x 4320', ' 3 x DisplayPort 1.4a', ' 1 x HDMI 2.1', ' 12.68"" x 5.55""', 'ASUS ROG STRIX Radeon RX 6700 XT OC']]"
9SIBMWJJXM9529,ASUS ROG Strix Radeon RX 580 O8G Gaming OC Edition GDDR5 DP HDMI DVI VR Ready AMD Graphics Card with RGB Lighting (ROG-STRIX-RX580-O8G-GAMING),ASUS,4.5,70.0,335.6,$49.99 Shipping,https://c1.neweggimages.com/ProductImageCompressAll300/14-126-193-V01.jpg,"[[' 7680 x 4320', ' 2 x DisplayPort 1.4', ' 1 x DVI-D', ' 2 x HDMI 2.0b', 'ROG-STRIX-RX580-O8G-']]"
9SIB601JEA5499,gtx1660s fan Graphic Card Video Card GPU DirectX 12 PCI Express 3.0 16X DVI-D/DP/HDMI Gaming fan,Mannajue,,,39.99,0,https://c1.neweggimages.com/ProductImageCompressAll300/B601S2212070DW99SD0.jpg,"[['1660sDD', '9SIB601JEA5499']]"
9SIARPHJTB4393,"GIGABYTE GeForce RTX 3060 Ti GAMING PRO 8G Graphics Card, 3 x WINDFORCE Fans, 8GB 256-bit GDDR6, GV-N306TGAMING PRO-8GD Video Card",GIGABYTE,5,1.0,473.99,$49.99 Shipping,https://c1.neweggimages.com/ProductImageCompressAll300/14-932-422-V01.jpg,"[[' 1665 MHz', ' 7680 x 4320', ' 2 x DisplayPort 1.4a', ' 2 x HDMI 2.1', 'GV-N306TGAMING PRO-8']]"
9SIBBN9JJ94577,MSI Radeon RX 6700 XT DirectX 12 Ultimate RX 6700 XT MECH 2X 12G OC 12GB 192-Bit GDDR6 PCI Express 4.0 x16 HDCP Ready Video Card,MSI,,,599.93,0,https://c1.neweggimages.com/ProductImageCompressAll300/ARA8S210406Vc27s.jpg,[['MSI Radeon RX 6700 XT DirectX 12']]
9SIB1PGJVP1298,ASUS EAH5850/G/2DIS/1GD5 Radeon HD 5850 1GB 256-bit GDDR5 PCI Express 2.0 x16 HDCP Ready CrossFire Supported Video Card w/ATI Eyefinity,ASUS,4.5,33.0,215.0,0,https://c1.neweggimages.com/ProductImageCompressAll300/14-121-349-04.jpg,"[[' 725MHz', ' 2560 x 1600', ' 1 x DisplayPort', ' 2 x DVI', 'EAH5850/G/2DIS/1GD5', '9SIB1PGJVP1298']]"
9SIB1PGJUR0780,SAPPHIRE Radeon HD 6970 2GB GDDR5 PCI Express 2.1 x16 CrossFireX Support Video Card 100311-3SR,Sapphire Tech,4.6,44.0,325.0,0,https://c1.neweggimages.com/ProductImageCompressAll300/14-102-957-07.jpg,"[[' 880 MHz', ' 2560 x 1600', ' 2 x Mini DisplayPort', ' 2 x DVI (1 Single Link, 1 Dual Link)', '100311-3SR', '9SIB1PGJUR0780']]"
9SIAH8WJHR2877,MSI Gaming GeForce RTX 2060 Super 8GB GDRR6 256-Bit HDMI/DP G-Sync Turing Architecture Overclocked Graphics Card (RTX 2060 Super VENTUS GP OC),MSI,,,485.68,0,https://c1.neweggimages.com/ProductImageCompressAll300/A73MS2204190JKTKE13.jpg,"[[' NVIDIA', '(RTX 2060 Super VENTUS GP OC)']]"
9SIB1PGFBZ1273,"EVGA GeForce GTX 1070 GAMING, 08G-P4-5171-KR, 8GB GDDR5, ACX 3.0 & Black Edition",EVGA,5,6.0,579.0,0,https://c1.neweggimages.com/ProductImageCompressAll300/14-487-279-S99.jpg,"[[' 1506 MHz', ' 7680 x 4320', ' 3 x DisplayPort 1.4', ' 1 x DVI', '08G-P4-5171-KR']]"
9SIB1PGFBX0620,"EVGA GeForce GTX 980 4GB 04G-P4-1980-KR GAMING, Silent Cooling Video Graphics Card",EVGA,,,390.0,0,https://c1.neweggimages.com/ProductImageCompressAll300/A73M_1311713488456794501JGs3Wrh1q.jpg,"[[' 1126 MHz', ' 3 x DisplayPort', ' 1 x DVI-I', ' 1 x HDMI', 'JSHZ5M08']]"
9SIB1PGJVR4016,"EVGA GeForce GTX 980 04G-P4-1982-KR 4GB SC GAMING, Silent Cooling Graphics Card",EVGA,4.9,12.0,390.0,0,https://c1.neweggimages.com/ProductImageCompressAll300/14-487-087-24.jpg,"[[' 1241 MHz', ' 4096 x 2160', ' 3 x DisplayPort', ' 1 x Dual-link DVI', '04G-P4-1982-KR', '9SIB1PGJVR4016']]"
9SIAYB7JA40402,"MSI GeForce RTX 3070 SUPRIM X 8G (LHR) Graphics Card, 8GB 256-bit GDDR6, PCI Express 4.0, 1×HDMI 2.1 Interface, 3×DisplayPort 1.4a Interface",MSI,,,797.0,0,https://c1.neweggimages.com/ProductImageCompressAll300/A4RES2112160EUEU17E.jpg,"[[' 7680 x 4320', ' 3 x DisplayPort 1.4a', ' 1 x HDMI 2.1', ' 13.19"" x 5.51""', 'MSI RTX 3070 SUPRIM X 8G LHR']]"
9SIBGFDK091693,ASUS ROG STRIX GeForce RTX 3080 Ti 12GB GDDR6X PCI Express 4.0 Video Card ROG-STRIX-LC-RTX3080TI-12G-GAMING,ASUS,4,1.0,,$96.00 Shipping,https://c1.neweggimages.com/ProductImageCompressAll300/14-126-583-V01.jpg,"[[' 7680 x 4320', ' 3 x DisplayPort 1.4a', ' 2 x HDMI 2.1', ' Card: 11.54"" x 5.24"" \nRadiator: 10.71"" x 4.76"" (including fan)', 'ROG-STRIX-LC-RTX3080TI-12G-GAMING']]"
9SIA4REH7B1080,ZOTAC GeForce GT 710 1GB DDR3 PCI Express x1 Video Card ZT-71304-20L,ZOTAC,4.2,31.0,199.99,0,https://c1.neweggimages.com/ProductImageCompressAll300/14-500-395-05.jpg,"[[' 954 MHz', ' 4096 x 2160', ' 1 x Dual-link DVI', ' 1 x HDMI', 'ZT-71304-20L']]"
9SIAMFBJH36924,"ZOTAC GAMING GeForce GTX 1660 6GB GDDR5 192-bit Gaming Graphics Card, Super Compact, ZT-T16600K-10M",ZOTAC,4.4,62.0,,0,https://c1.neweggimages.com/ProductImageCompressAll300/14-500-480-V01.jpg,"[[' DisplayPort 1.4: up to 7680x4320 @ 60Hz\nHDMI 2.0b: up to 3840x2160 @ 60Hz', ' 3 x DisplayPort 1.4', ' 1 x HDMI 2.0b', ' 8.50"" x 4.38""', 'ZT-T16600K-10M']]"
9SIAY2WJZY7087,ZOTAC TRINITY OC LHR GeForce RTX 3080 10GB GDDR6X PCI Express 4.0 Video Card ZT-A30800J-10PLHR,ZOTAC,4.8,12.0,1182.99,0,https://c1.neweggimages.com/ProductImageCompressAll300/14-500-520-V01.jpg,"[[' 7680 x 4320', ' 3 x DisplayPort 1.4a', ' 1 x HDMI 2.1', ' 12.50"" x 4.75""', 'ZT-A30800J-10PLHR']]"
9SIB1PGJPM8624,"EVGA GeForce RTX 3070 FTW3 ULTRA GAMING Video Card, 08G-P5-3767-KL, 8GB GDDR6, iCX3 Technology, ARGB LED, Metal Backplate, LHR",EVGA,,,795.0,0,https://c1.neweggimages.com/ProductImageCompressAll300/AKEXS2109267C169.jpg,"[['EVGA 08G-P5-3767-KL', '9SIB1PGJPM8624']]"
9SIAPMXFNB4578,"GIGABYTE Radeon RX 6600 XT GAMING OC 8G Graphics Card, WINDFORCE 3X Cooling System, 8GB 128-bit GDDR6, GV-R66XTGAMING OC-8GD Video Card",GIGABYTE,,,464.99,0,https://c1.neweggimages.com/ProductImageCompressAll300/APMXS210824TXf6i.jpg,[['XLR-39']]
9SIBMWJJW81758,MSI Suprim GeForce RTX 3070 8GB GDDR6 PCI Express 4.0 Video Card RTX 3070 SUPRIM X 8G,MSI,4.6,21.0,590.89,$49.99 Shipping,https://c1.neweggimages.com/ProductImageCompressAll300/14-137-620-V10.jpg,"[[' 7680 x 4320', ' 3 x DisplayPort 1.4a', ' 1 x HDMI 2.1', ' 13.19"" x 5.51""', 'RTX 3070 SUPRIM X 8G']]"
9SIB1PGJPM8645,"EVGA GeForce RTX 3070 XC3 ULTRA GAMING Video Card, 08G-P5-3755-KR, 8GB GDDR6, iCX3 Cooling, ARGB LED, Metal Backplate",EVGA,,,849.0,0,https://c1.neweggimages.com/ProductImageCompressAll300/AKEXS21092789FC3.jpg,"[['EVGA 08G-P5-3755-KR', '9SIB1PGJPM8645']]"
9SIAH8WJHR2869,"GIGABYTE Radeon RX 6700 XT EAGLE 12G Graphics Card, WINDFORCE 3X Cooling System, 12GB 192-bit GDDR6, GV-R67XTEAGLE-12GD Video Card",GIGABYTE,,,549.57,0,https://c1.neweggimages.com/ProductImageCompressAll300/APBUD210407NAT8J.jpg,[['WBHAMD1-4']]
9SIBJR8K051203,MSI Ventus GeForce RTX 3080 Ti 12GB GDDR6X PCI Express 4.0 ATX Video Card RTX 3080 Ti VENTUS 3X 12G,MSI,5,3.0,980.0,$49.99 Shipping,https://c1.neweggimages.com/ProductImageCompressAll300/14-137-656-V01.jpg,"[[' 7680 x 4320', ' 3 x DisplayPort 1.4a', ' 1 x HDMI 2.1', ' 12.01"" x 4.72""', 'RTX3080TiVENTUS3X12G']]"
9SIB1PGFBY6323,"ZOTAC GeForce GTX 1060 Mini, ZT-P10600A-10L, 6GB GDDR5 Super Compact",ZOTAC,4.5,85.0,489.0,0,https://c1.neweggimages.com/ProductImageCompressAll300/14-500-402-S99.jpg,"[[' 1506 MHz', ' 3 x DisplayPort 1.4', ' 1 x Dual-link DVI-D', ' 1 x HDMI 2.0b', 'ZT-P10600A-10L']]"
9SIB1PGJHJ6051,SAPPHIRE PULSE Radeon RX Vega 56 8GB HBM2 PCI Express 3.0 CrossFireX Support ATX Video Card 100420PSR,Sapphire Tech,4.1,33.0,585.0,0,https://c1.neweggimages.com/ProductImageCompressAll300/14-202-318-V03.jpg,"[[' 1208 MHz', ' 5120 x 2880', ' 3 x DisplayPort 1.4', ' 1 x HDMI 2.0b', '100420PSR']]"
9SIB1PGJWC3643,EVGA SuperClocked 02G-P4-2662-KR G-SYNC Support GeForce GTX 660 2GB 192-bit GDDR5 PCI Express 3.0 x16 HDCP Ready SLI Support Video Card,EVGA,4.3,489.0,260.0,0,https://c1.neweggimages.com/ProductImageCompressAll300/14-130-826-16.jpg,"[[' 1046MHz', ' 2560 x 1600', ' 1 x DisplayPort', ' 2 x DVI', '02G-P4-2662-KR']]"
9SIAPMXJJH2722,GIGABYTE Gaming OC Radeon RX 6650 XT 8GB GDDR6 PCI Express 4.0 ATX Video Card GV-R665XTGAMING OC-8GD,GIGABYTE,,,629.99,0,https://c1.neweggimages.com/ProductImageCompressAll300/AXMKS2205110I8DDK76.jpg,[['GV-R665XTGAMING OC']]
9SIB1PGJPH0208,ASUS ROG STRIX GeForce RTX 3080 10GB GDDR6X PCI Express 4.0 x16 ATX Video Card ROG-STRIX-RTX3080-O10G-WHITE-V2 (LHR),ASUS,5,5.0,1590.0,0,https://c1.neweggimages.com/ProductImageCompressAll300/AYTVD210902JAHKW.jpg,"[['LHR-14', '9SIB1PGJPH0208']]"
9SIB1PGJUN9388,PowerColor Radeon HD 7850 2GB GDDR5 PCI Express 3.0 x16 CrossFireX Support Video Card AX7850 2GBD5-DH,PowerColor,4.2,85.0,320.0,0,https://c1.neweggimages.com/ProductImageCompressAll300/14-131-473-04.jpg,"[[' 860MHz', ' 1 x DisplayPort', ' 1 x DVI', ' 1 x HDMI', 'AX7850 2GBD5-DH', '9SIB1PGJUN9388']]"
9SIAY2WJZW1625,"EVGA GeForce RTX 3080 XC3 BLACK GAMING Video Card, 10G-P5-3881-KR, 10GB GDDR6X, iCX3 Cooling, ARGB LED",EVGA,4.4,7.0,1159.99,0,https://c1.neweggimages.com/ProductImageCompressAll300/14-487-522-01.jpg,"[[' 7680 x 4320', ' 3 x DisplayPort 1.4a', ' 1 x HDMI 2.1', ' 11.23"" x 4.38""', '10G-P5-3881-KR']]"
9SIB1PGJX62815,ASUS Phoenix GeForce GTX 1660 Ti 6GB GDDR6 PCI Express 3.0 Video Card PH-GTX1660TI-6G,ASUS,,,499.0,0,https://c1.neweggimages.com/ProductImageCompressAll300/14-126-300-V50.jpg,"[[' OC Mode: 1530 MHz\nGaming Mode (Default): 1500 MHz', ' 7680 x 4320', ' 1 x DisplayPort', ' 1 x DVI-D', 'PH-GTX1660TI-6G', '9SIB1PGJX62815']]"
9SIB1PGJWZ1601,Gigabyte Aorus GTX 1060 Rev.2 6GB GDDR5 Graphics Card (GV-N1060AORUS-6GD V2),GIGABYTE,,,489.0,0,https://c1.neweggimages.com/ProductImageCompressAll300/AD7H_1_201811151864534300.jpg,"[[' 120W', 'GV-N1060AORUS-6GD V2', '9SIB1PGJWZ1601']]"
9SIB1PGJUN9442,SAPPHIRE Radeon HD 7850 1GB GDDR5 PCI Express 3.0 x16 CrossFireX Support Video Card OC Version 100355-1GOCL,Sapphire Tech,4.3,196.0,320.0,0,https://c1.neweggimages.com/ProductImageCompressAll300/14-202-004-02.jpg,"[[' 900 MHz', ' 1 x DisplayPort', ' 2 x DVI', ' 1 x HDMI', '100355-1GOCL', '9SIB1PGJUN9442']]"
9SIB1PGJUN9663,SAPPHIRE  Radeon HD 7850 2GB 256-bit GDDR5 PCI Express 3.0 x16 HDCP Ready CrossFireX Support Video Card (11200-00-20G),Sapphire Tech,4.4,39.0,320.0,0,https://c1.neweggimages.com/ProductImageCompressAll300/14-102-986-07.jpg,"[[' 860MHZ', ' 2 x Mini DisplayPort', ' 1 x DVI', ' 1 x HDMI', '11200-00-20G', '9SIB1PGJUN9663']]"
9SIB1PGJVR4224,SAPPHIRE Radeon HD 6790 1GB GDDR5 PCI Express 2.1 x16 CrossFireX Support Video Card 100316L,Sapphire Tech,4,14.0,245.0,0,https://c1.neweggimages.com/ProductImageCompressAll300/14-102-931-07.jpg,"[[' 2560 x 1600', ' 1 x DisplayPort', ' 2 x DVI (1 Single Link, 1 Dual Link)', ' 1 x HDMI', '100316L', '9SIB1PGJVR4224']]"
9SIAY2WJZW1634,ZOTAC AMP Extreme Holo GeForce RTX 3080 Ti 12GB GDDR6X PCI Express 4.0 ATX Video Card ZT-A30810B-10P,ZOTAC,4.6,18.0,1375.99,0,https://c1.neweggimages.com/ProductImageCompressAll300/14-500-527-02.jpg,"[[' 7680 x 4320', ' 3 x DisplayPort 1.4a', ' 1 x HDMI 2.1', ' 14.00"" x 5.70""', 'ZT-A30810B-10P']]"
9SIB1PGJRR4679,NVIDIA ASUS ROG Strix GeForce RTX 3080 Ti 12G OC Graphics Card (ROG-STRIX-RTX3080TI-O12G-GAMING),ASUS,,,1380.0,0,https://c1.neweggimages.com/ProductImageCompressAll300/AKRFS2111040L2KXSB5.jpg,[['ASUS ROG-STRIX-RTX3080TI-O12G-GAMING']]
9SIB1PGFBZ3068,"GIGABYTE GeForce GTX 1080 Ti Turbo 11GD, GV-N108TTURBO-11GD",GIGABYTE,3.3,16.0,749.0,0,https://c1.neweggimages.com/ProductImageCompressAll300/14-125-989-V01.jpg,"[[' 1506 MHz (OC Mode)\n1480 MHz (Gaming Mode)', ' 7680 x 4320', ' 3 x DisplayPort 1.4', ' 1 x HDMI 2.0b', 'GV-N108TTURBO-11GD']]"
9SIB1PGJJV1451,EVGA GeForce RTX 3070 XC3 Ultra Gaming 8GB GDDR6 iCX3 ARGB Graphics Card - LHR,EVGA,,,849.0,0,https://c1.neweggimages.com/ProductImageCompressAll300/AS68S2109021CCF3.jpg,"[['AIO-08G-P5-3755-KL-carina', '9SIB1PGJJV1451']]"
9SIBBN9JJ88684,ZOTAC GeForce GT 730 4GB DirectX 12 (feature level 11_0) ZT-71115-20L 64-Bit DDR3 PCI Express 2.0 Zone Edition Video Graphics Card,ZOTAC,,,119.97,0,https://c1.neweggimages.com/ProductImageCompressAll300/A73M_131672410717739988wleCFDu9m9.jpg,"[[' 902 MHz', ' 2560 x 1600 (120 Hz) (DL-DVI)', ' 1 x DL-DVI', ' 1 x HDMI', 'sdfa34re']]"
9SIB1PGJUN9303,PowerColor Radeon HD 7870 GHz Edition 2GB GDDR5 PCI Express 3.0 x16 CrossFireX Support Eyefinity 6 Edition Video Card AX7870 2GBD5-6D,PowerColor,3.1,8.0,345.0,0,https://c1.neweggimages.com/ProductImageCompressAll300/14-131-474-03.jpg,"[[' 1000 MHz', ' 4096 x 2160 (DisplayPort)', ' 6 x Mini DisplayPort', ' 9.06"" x 4.61"" x 1.5""', 'AX7870 2GBD5-6D', '9SIB1PGJUN9303']]"
9SIB1PGJUR0525,SAPPHIRE Radeon HD 6970 2GB GDDR5 PCI Express 2.1 x16 CrossFireX Support Video Card with Eyefinity 100311BFVSR,Sapphire Tech,4.8,25.0,325.0,0,https://c1.neweggimages.com/ProductImageCompressAll300/14-102-916-02.jpg,"[[' 880 MHz', ' 2560 x 1600', ' 2 x Mini DisplayPort', ' 2 x DVI', '100311BFVSR', '9SIB1PGJUR0525']]"
9SIAPMXJJV6602,"GIGABYTE GeForce RTX 3060 Ti EAGLE OC 8GB Video Card, GV-N306TEAGLE OC-8GD (rev. 1.0)",GIGABYTE,4.7,12.0,523.09,0,https://c1.neweggimages.com/ProductImageCompressAll300/14-932-378-V01.jpg,"[[' 1695 MHz', ' 7680 x 4320', ' 2 x DisplayPort 1.4a', ' 2 x HDMI 2.1', 'GV-N306TEAGLE OC-8GD']]"
9SIB1PGJX13829,SAPPHIRE Radeon RX VEGA 64 DirectX 12 100410L 8GB 2048-Bit HBM2 HDMI / TRIPLE DP (UEFI) PCI Express 3.0 CrossFireX Support ATX Video Card,Sapphire Tech,4.1,29.0,659.0,0,https://c1.neweggimages.com/ProductImageCompressAll300/14-202-300-V01.jpg,"[[' 1247 MHz', ' 5120 x 2880', ' 3 x DisplayPort 1.4', ' 1 x HDMI 2.0b', '100410L', '9SIB1PGJX13829']]"
9SIBBN9JJ87345,"MSI GeForce RTX 3050 AERO ITX 8G OC Video Card,8GB 128-bit GDDR6,PCI Express 4.0,1×HDMI 2.1 Interface, 3×DisplayPort 1.4 Interface",MSI,,,369.77,0,https://c1.neweggimages.com/ProductImageCompressAll300/A4RES22032106E6DCD2.jpg,"[[' 7680 x 4320', ' 3 x DisplayPort 1.4', ' 1 x HDMI 2.1', ' 172 x 125 mm', 'MSI GeForce RTX 3050 AERO ITX 8G OC']]"
9SIB1PGJUN9356,SAPPHIRE Radeon HD 7870 GHz Edition OC 2GB 256-bit GDDR5 PCI Express 3.0 x16 HDCP Ready CrossFireX Support Video Card   ( 11199-03-20G),Sapphire Tech,3.7,93.0,345.0,0,https://c1.neweggimages.com/ProductImageCompressAll300/14-102-983-04.jpg,"[[' 1050 MHz', ' 2 x Mini DisplayPort', ' 1 x DVI', ' 1 x HDMI', '11199-03-20G', '9SIB1PGJUN9356']]"
9SIB1PGJX67914,SAPPHIRE Radeon R9 290 4GB GDDR5 PCI Express 3.0 CrossFireX Support Video Card Battlefield 4 Edition 100362BF4SR,Sapphire Tech,3.6,42.0,299.0,0,https://c1.neweggimages.com/ProductImageCompressAll300/14-202-060-05.jpg,"[[' 947MHz', ' 1 x DisplayPort', ' 2 x DVI-D', ' 1 x HDMI', '100362BF4SR', '9SIB1PGJX67914']]"
9SIB1PGJVD6184,EVGA GeForce GT 640 2GB DDR3 PCI Express 3.0 x16 Video Card 02G-P4-2643-KR,EVGA,4.4,58.0,374.0,0,https://c1.neweggimages.com/ProductImageCompressAll300/14-130-795-05.jpg,"[[' 901MHz', ' 2560 x 1600', ' 2 x DVI', ' 1 x mini HDMI', '02G-P4-2643-KR']]"
9SIB1PGFBX6811,"EVGA GeForce RTX 2080 TI FTW3 ULTRA HYBRID GAMING, 11G-P4-2484-KR, 11GB GDDR6, RGB LED & iCX2 Technology - 9 Thermal Sensors",EVGA,4.4,26.0,1079.0,0,https://c1.neweggimages.com/ProductImageCompressAll300/14-487-428-V16.jpg,"[[' 7680 x 4320', ' 3 x DisplayPort 1.4', ' 1 x HDMI 2.0b', ' 11.45"" x 5.48""', '11G-P4-2484-KR', '9SIB1PGFBX6811']]"
9SIB1PGJUR0596,PowerColor Radeon HD 6970 2GB GDDR5 PCI Express 2.1 x16 CrossFireX Support Video Card AX6970 2GBD5-2DHE,PowerColor,3.9,55.0,325.0,0,https://c1.neweggimages.com/ProductImageCompressAll300/14-131-578-02.jpg,"[[' 880 MHz', ' 2 x Mini DisplayPort', ' 1 x DVI-D\r\n1 x DVI-I', ' 1 x HDMI', 'AX6970 2GBD5-2DHE', '9SIB1PGJUR0596']]"
9SIB1PGJWC4028,SAPPHIRE Radeon R9 290X 4GB GDDR5 PCI Express 3.0 BattleField 4 Game Edition Video Card 100361BF4SR,Sapphire Tech,3.9,65.0,329.0,0,https://c1.neweggimages.com/ProductImageCompressAll300/14-202-058-05.jpg,"[[' 1 x DisplayPort', ' 2 x DVI', ' 1 x HDMI', ' AMD', '100361BF4SR', '9SIB1PGJWC4028']]"
9SIB1PGJPK4953,GDDR6X Gigabyte AORUS GeForce RTX 3080 MASTER 10G LHR Graphics Card 320bit RTX 3080 Gaming Video,GIGABYTE,,,1250.0,0,https://c1.neweggimages.com/ProductImageCompressAll300/B42FD2201040URTYH0D.jpg,"[[' Air Cooler', 'm3595r-1-79OM']]"
9SIB1PGFBX9830,"EVGA GeForce RTX 2070 SUPER FTW3 ULTRA GAMING, 08G-P4-3277-KR, 8GB GDDR6, iCX2 Technology, RGB LED, Metal Backplate",EVGA,4.6,60.0,675.0,0,https://c1.neweggimages.com/ProductImageCompressAll300/14-487-452-01.jpg,"[[' 7680 x 4320', ' 3 x DisplayPort 1.4', ' 1 x HDMI 2.0b', ' 11.89"" x 5.39""', '08G-P4-3277-KR', '9SIB1PGFBX9830']]"
9SIARPHJJM1557,MSI Ventus GeForce GTX 1650 4GB GDDR6 PCI Express 3.0 x16 Video Card GTX 1650 D6 VENTUS XS,MSI,4.8,6.0,140.09,$49.99 Shipping,https://c1.neweggimages.com/ProductImageCompressAll300/14-137-675-S01.jpg,"[[' 7680 x 4320', ' 1 x DisplayPort 1.4a', ' 1 x DL-DVI-D', ' 1 x HDMI 2.0b', 'GTX1650 D6VENTUS XS']]"
9SIB1PGFBZ7353,EVGA GeForce 9500 GT 1GB DDR2 PCI Express 2.0 x16 SLI Support Video Card 01G-P3-N959-TR,EVGA,4.4,392.0,199.0,0,https://c1.neweggimages.com/ProductImageCompressAll300/14-130-395-13.jpg,"[[' 550 MHz', ' 2560 x 1600', ' 2 x DVI', ' DirectX 10', '01G-P3-N959-TR', '9SIB1PGFBZ7353']]"
9SIB1PGFBZ8373,"ASUS GTX1650-O4G-LP-BRK - OC Edition - graphics card - GF GTX 1650 - 4 GB GDDR5 - PCIe 3.0 x16 low profile - DVI, HDMI,",ASUS,,,379.0,0,https://c1.neweggimages.com/ProductImageCompressAll300/AD7H_1_20191105265042038.jpg,"[[' 1 x DisplayPort', ' 1 x DVI', ' 1 x HDMI', ' NVIDIA GeForce GTX 16 Series', 'GTX1650-O4G-LP-BRK']]"
9SIBGFDJT84039,"GIGABYTE AORUS GeForce RTX 3090 XTREME WATERFORCE WB 24G Graphics Card, WATERFORCE Water Block Cooling System, 24GB 384-bit GDDR6X, GV-N3090AORUSX WB-24GD Video Card",GIGABYTE,3.8,23.0,1599.99,$58.00 Shipping,https://c1.neweggimages.com/ProductImageCompressAll300/14-932-386-V12.jpg,"[[' 1785 MHz', ' 3 x DisplayPort 1.4a', ' 2 x HDMI 2.1, 1 x HDMI 2.0 (The middle HDMI output supports up to HDMI 2.0)', ' 9.92"" x 6.42""', 'GV-N3090AORUSXWB24GD']]"
9SIAH8WJHR2878,"MSI GeForce RTX 3060 Ti GAMING X 8G (LHR) Video Card,8GB 256-bit GDDR6,PCI Express 4.0,1×HDMI Interface, 3×DisplayPort Interface",MSI,,,914.99,0,https://c1.neweggimages.com/ProductImageCompressAll300/A4RES2112160CJ8UR55.jpg,"[[' 7680 x 4320', ' 3 x DisplayPort 1.4a', ' 1 x HDMI 2.1', ' 10.94"" x 5.16""', 'MSI RTX 3060 Ti GAMING X 8G LHR']]"
9SIAG20JGU1991,Dell AMD FirePro V4900 High Profile 1GB GDDR5 128 Bit PCI-e Workstation Video Graphic Card C8MR2,DELL,,,52.3,0,https://c1.neweggimages.com/ProductImageCompressAll300/A9AXS2205190EDLGR60.jpg,"[[' AMD', ' FirePro', 'C8MR2+AA']]"
9SIAYTVH235284,"GIGABYTE GeForce RTX 3060 GAMING OC 12G (LHR) Video Card,12GB 192-bit GDDR6 PCI Express 4.0 x16,1837MHz Core Frequency,2×HDMI 2.1 interface, 2×DisplayPort 1.4 interface",GIGABYTE,5,1.0,391.0,$49.99 Shipping,https://c1.neweggimages.com/ProductImageCompressAll300/A4RES2111090EGOML8C.jpg,"[[' 1837 MHz', ' 7680 x 4320', ' 2 x DisplayPort 1.4a', ' 2 x HDMI 2.1', 'GIGABYTE RTX 3060 GAMING OC 12G LHR']]"
9SIB1PGJTF8255,ZOTAC NVIDIA GeForce RTX 3070 8GB GDDR6 PCI Express 4.0 x16 Thunderbolt GPU Video Card 9288-2N617-110ZC,ZOTAC,,,569.0,0,https://c1.neweggimages.com/ProductImageCompressAll300/B1PGS2303101B3QZED4.jpg,"[[' Triple Fans', '9288-2N617-110ZC']]"
9SIB1PGFBW6219,Sapphire FirePro W600 Graphic Card - 750 MHz Core - 2 GB GDDR5 - PCI Express 3.0 x16 - Half-length/Full-height - Single Slot Space Required,Sapphire Tech,,,413.99,0,https://c1.neweggimages.com/ProductImageCompressAll300/A98Y_1_201605301444782876.jpg,"[[' 750 MHz', ' Yes', ' AMD', ' OpenGL', '31004-28-40R', '9SIB1PGFBW6219']]"
9SIB1PGJPF7477,ASUS Dual GeForce RTX 2070 8GB GDDR6 PCI Express 3.0 Video Card DUAL-RTX2070-O8G-MINI,ASUS,4.9,23.0,675.0,0,https://c1.neweggimages.com/ProductImageCompressAll300/14-126-365-V01.jpg,"[[' 1410 MHz', ' 7680 x 4320', ' 1 x DisplayPort 1.4', ' 1 x DL-DVI-D', 'DUAL-RTX2070-O8G-MIN']]"
9SIARPHJT71048,"GIGABYTE AORUS GeForce RTX 3080 MASTER 10G (rev. 2.0) Graphics Card, Max Covered Cooling, 10GB 320-bit GDDR6X, GV-N3080AORUS M-10GD Rev2.0 Video Card",GIGABYTE,4.6,10.0,880.0,$49.99 Shipping,https://c1.neweggimages.com/ProductImageCompressAll300/14-932-411-V01.jpg,"[[' 1845 MHz', ' 7680 x 4320', ' 3 x DisplayPort 1.4a', ' 2 x HDMI 2.1, 1 x HDMI 2.0 (The middle HDMI output supports up to HDMI 2.0)', 'GV-N3080AORUSM10GDR2']]"
9SIB1PGJSS7420,Sapphire Pulse AMD Radeon RX 6500 XT Gaming OC Graphics Card 4GB GDDR6,Sapphire Tech,,,425.0,0,https://c1.neweggimages.com/ProductImageCompressAll300/B7VES2203190SBSNE01.jpg,[['YAS310N9MN7']]
9SIB1PGJVD5945,EVGA GeForce 8800 GTX 768MB GDDR3 PCI Express x16 SLI Support Video Card 768-P2-N831-AR,EVGA,4.8,771.0,237.0,0,https://c1.neweggimages.com/ProductImageCompressAll300/14-130-072-30.jpg,"[[' 575 MHz', ' 2560 x 1600', ' 2 x DVI', ' DirectX 10', '768-P2-N831-AR', '9SIB1PGJVD5945']]"
9SIB1PGJUR6016,VisionTek Radeon HD 7750 2GB GDDR5 PCI Express x16 Video Card w/ 6x mDP to HDMI active adapters 900614-HDMIKIT,VisionTek,,,310.0,0,https://c1.neweggimages.com/ProductImageCompressAll300/14-129-321-08.jpg,"[[' 6 x Mini DisplayPort', ' AMD', ' AMD Radeon HD 7000 Series', ' Yes', '900880']]"
9SIB1PGJPK2255,GDDR6X Gigabyte GeForce RTX 3080 Ti VISION OC 12G LHR Gaming Graphics Card RTX 3080Ti Video Card,GIGABYTE,,,1397.0,0,https://c1.neweggimages.com/ProductImageCompressAll300/B42FD2201040UIXGM3E.jpg,"[[' Air Cooler', 'kflz5f-1-FQUS', '9SIB1PGJPK2255']]"
9SIB1PGFBY4087,EVGA SuperClocked 01G-P3-1563-AR GeForce GTX 560 Ti (Fermi) 1GB 256-bit GDDR5 PCI Express 2.0 x16 HDCP Ready SLI Support Video Card,EVGA,4.4,347.0,269.0,0,https://c1.neweggimages.com/ProductImageCompressAll300/14-130-610-04.jpg,"[[' 900 Mhz (v.s. 822 Mhz reference)', ' 2560 x 1600', ' 2 x DVI', ' 1 x mini HDMI', '01G-P3-1563-AR', '9SIB1PGFBY4087']]"
9SIB1PGG1Y2670,NVIDIA GeForce RTX 2070 Super Founders Edition Graphics Card,NVIDIA,4,1.0,699.0,0,https://c1.neweggimages.com/ProductImageCompressAll300/AMF7D200914KX04G.jpg,[['900-1G180-2515-000']]
9SIB1PGJX60043,EVGA GeForce GT 730 2GB DDR3 PCI Express 2.0 x8 Video Card 02G-P3-1733-KR,EVGA,5,5.0,239.0,0,https://c1.neweggimages.com/ProductImageCompressAll300/A1N8_1_20160616923139148.jpg,"[[' 902 MHz', ' 2560 x 1600', ' 1 x DVI', ' 1 x HDMI', '02G-P3-1733-KR', '9SIB1PGJX60043']]"
9SIBMWJJXG5373,"GIGABYTE AORUS GeForce RTX 3080 MASTER 10GB Video Card, GV-N3080AORUS M-10GD (rev. 1.0)",GIGABYTE,4.4,75.0,895.49,$49.99 Shipping,https://c1.neweggimages.com/ProductImageCompressAll300/14-932-336-V12.jpg,"[[' 7680 x 4320 @ 60 Hz', ' 3 x DisplayPort 1.4a', ' 2 x HDMI 2.1, 1 x HDMI 2.0 (The middle HDMI output supports up to HDMI 2.0)', ' 12.56"" x 5.51""', 'GV-N3080AORUS M-10GD']]"
9SIB1PGFBX7989,ASUS Phoenix GeForce® GTX 1650 O4GB GDDR6 is your ticket to enter the PC gaming world (PH-GTX1650-O4GD6-P) 28-Bit GDDR6 PCI Express 3.0 HDCP Ready Video Card,ASUS,,,379.0,0,https://c1.neweggimages.com/ProductImageCompressAll300/APVRS210113oOeoO.jpg,"[[' 1410 MHz', ' 7680 x 4320', ' 1 x DisplayPort 1.4', ' 1 x DVI-D', 'ASUS GTX1650 O4G']]"
9SIB1PGJVD5954,EVGA GeForce 8600 GT 256MB GDDR3 PCI Express x16 SLI Support Video Card 256-P2-N753-TR,EVGA,4.6,153.0,194.0,0,https://c1.neweggimages.com/ProductImageCompressAll300/14-130-297-03.jpg,"[[' 540 MHz', ' 2560 x 1600', ' 1 x DVI', ' DirectX 10', '256-P2-N753-TR', '9SIB1PGJVD5954']]"
9SIB1PGJTF8222,ZOTAC GeForce RTX 3070 X-GAMING OC 8GB GDDR6 Video Cards GPU Graphic Card RTX 3070-8GD6 X-GAMING OC,ZOTAC,,,569.0,0,https://c1.neweggimages.com/ProductImageCompressAll300/B1PGS23031017NL1W41.jpg,"[[' 3 x DisplayPort 1.4', ' 1 x HDMI 2.1', ' 311 x 118 x 55', ' DirectX 12 Ultimate', 'RTX 3070-8GD6 X-GAMING OC']]"
9SIB1PGJRH6643,ASUS ROG-STRIX-RTX3080TI-12G-GAMING RTX 3080Ti Graphics Card Liquid Cooling 240mm Radiator 12GB GDDR6X 3x 8-pin,ASUS,,,1599.0,0,https://c1.neweggimages.com/ProductImageCompressAll300/AKRFS220317073E6F7D.jpg,"[['ROG-STRIX-RTX3080TI-12G-GAMING', '9SIB1PGJRH6643']]"
9SIB1PGFBZ7410,PNY NVIDIA Quadro P2000 5GB GDDR5 4DisplayPorts PCI-Express Video Card,"PNY Technologies, Inc.",,,320.0,0,https://c1.neweggimages.com/ProductImageCompressAll300/AGY9_131975465196703750J2smOOtKnB.jpg,"[[' 5120 x 2880, Support 4x Display Monitors', ' NVIDIA Quadro P2000', ' With Fan', 'EB-VideoC10-3.20', '9SIB1PGFBZ7410']]"
9SIAYE8JST4901,"EVGA GeForce GTX 980 Ti 06G-P4-5998-KR 6GB K|NGP|N w/ACX 2.0+, Whisper Silent w/ Multi-Color LED Cooler, Customized Overclocking Graphics Card",EVGA,4.9,8.0,1056.83,0,https://c1.neweggimages.com/ProductImageCompressAll300/14-487-163-17.jpg,"[[' 1203 MHz', ' Analog: 2048 x 1536\nDigital: 4096 x 2160', ' 3 x DisplayPort 1.2', ' 1 x Dual-link DVI-I', '06G-P4-5998-KR']]"
9SIB1PGJNH1769,PNY NVIDIA T400 Graphic Card - 2 GB GDDR6 - Low-Profile - 64 bit Bus Width - PCI Express 3.0 x16 - Mini DisplayPort,"PNY Technologies, Inc.",,,289.0,0,https://c1.neweggimages.com/ProductImageCompressAll300/A3TBD211018T5D4D.jpg,[['QB09DG5B78Z']]
9SIB1PGJE36181,NVIDIA FOUNDERS EDITION GeForce RTX 3070 Ti 8GB GDDR6X PCI Express 4.0,NVIDIA,,,935.0,0,https://c1.neweggimages.com/ProductImageCompressAll300/ARUXS2111240DK5YFDB.jpg,[['900-1G143-2515-000']]
9SIAH8WJHR2830,"EVGA GeForce GTX 1650 Super SC Ultra Gaming, 4GB GDDR6, Dual Fan, Metal Backplate, 04G-P4-1357-KR",EVGA,,,370.7,0,https://c1.neweggimages.com/ProductImageCompressAll300/AKXC_1_202003121338968560.jpg,"[['9901237928590', '9SIAH8WJHR2830']]"
9SIB1PGFBZ3956,EVGA GeForce 8600 GT 256MB GDDR3 PCI Express x16 SLI Support Video Card 256-P2-N751-TR,EVGA,4.6,572.0,199.0,0,https://c1.neweggimages.com/ProductImageCompressAll300/14-130-085-08.jpg,"[[' 540 MHz', ' 2560 x 1600', ' 2 x DVI', ' DirectX 10', '256-P2-N751-TR']]"
9SIARPHJT86246,MSI GeForce RTX 2080 GAMING X TRIO Video Card,MSI,4.1,68.0,561.08,$49.99 Shipping,https://c1.neweggimages.com/ProductImageCompressAll300/14-137-340-V15.jpg,"[[' 1515 MHz', ' 7680 x 4320', ' 3 x DisplayPort 1.4', ' 1 x HDMI 2.0b', 'RTX2080GAMING X TRIO']]"
9SIBMWJJVZ8974,ASUS ROG Strix GeForce RTX 3080 10GB GDDR6X PCI Express 4.0 Video Card ROG-STRIX-RTX3080-10G-GAMING,ASUS,5,4.0,900.3,$49.99 Shipping,https://c1.neweggimages.com/ProductImageCompressAll300/14-126-469-V02.jpg,"[[' 1440 MHz', ' 7680 x 4320', ' 3 x DisplayPort 1.4a', ' 2 x HDMI 2.1', 'STRIX-RTX3080-10G-GA']]"
9SIB601JZP6779,"RX 5700 XT 8gb GDDR6 Graphics Card,256 Bit, 3XDP, HDMI, PCI Express 4.0X16, 6+8pin with Fan Intelligent System,Gaming PC Computer Video Cards with 3X DisplayPort +1X HDMI White GPU",Mannajue,,,219.99,0,https://c1.neweggimages.com/ProductImageCompressAll300/B601S2306250EVKON99.jpg,"[[' 3 x DisplayPort', ' 1 x HDMI', ' DirectX 12', ' AMD Radeon RX 5700 Series', 'Mannajue03255', '9SIB601JZP6779']]"
9SIB1PGJXT8154,EVGA GeForce GT 730 1GB GDDR5 PCI Express 2.0 Low Profile Ready Video Card 01G-P3-3730-KR,EVGA,5,3.0,210.0,0,https://c1.neweggimages.com/ProductImageCompressAll300/14-487-365-V01.jpg,"[[' 902 MHz', ' Max\xa0Analog:\xa02048 x 1536 \nMax\xa0Digital:\xa03840 x 2160', ' 1 x DVI-D', ' 1 x HDMI', '01G-P3-3730-KR', '9SIB1PGJXT8154']]"
9SIB1PGJX13672,PNY GeForce RTX 3070 8GB XLR8 VCG30708LTFXPPB1 Video Card GPU,"PNY Technologies, Inc.",,,849.0,0,https://c1.neweggimages.com/ProductImageCompressAll300/ADFRS22120216NAP031.jpg,"[['PNY 3070 XLR8 VCG30708LTFXPPB1 BB', '9SIB1PGJX13672']]"
9SIAXHKJUR3658,ZOTAC AMP! GeForce GTX 560 Ti (Fermi) 1GB GDDR5 PCI Express 2.0 x16 SLI Support Video Card ZT-50302-10M,ZOTAC,3.8,88.0,99.8,0,https://c1.neweggimages.com/ProductImageCompressAll300/14-500-196-02.jpg,"[[' 950 MHz', ' 2560 x 1600', ' 2 x DVI', ' 1 x mini HDMI', 'ZT-50302-10M']]"
9SIACNFJRH9603,HP INC. - NSB OPTIONS 5JW82AA AMD RADEON R7 430 2GB 2DISPLAY,HP,,,99.99,Special Shipping,https://c1.neweggimages.com/ProductImageCompressAll300/V0VBD200328XENZS.jpg,"[['5JW82AA', '9SIACNFJRH9603']]"
9SIB1PGJSS1539,"SAPPHIRE Radeon RX 6900 XT 16G D6 Ultra Platinum Aurora Special Edition Graphics Card, 16GB 256-bit GDDR6, Support PCI Express 4.0, Memory Rate 16Gbps, 1×HDMI Interface, 3×DisplayPort Interface",Sapphire Tech,,,1640.0,0,https://c1.neweggimages.com/ProductImageCompressAll300/ARUXS2111230IKGD999.jpg,"[['SAPPHIRE Radeon RX 6900 XT 16G', '9SIB1PGJSS1539']]"
9SIB1PGJSS1546,"SAPPHIRE Radeon RX 6900 XT 16G D6 Ultra Platinum Aurora Special Edition Graphics Card, 16GB 256-bit GDDR6, Support PCI Express 4.0, Memory Rate 16Gbps, 1×HDMI Interface, 3×DisplayPort Interface",Sapphire Tech,,,1640.0,0,https://c1.neweggimages.com/ProductImageCompressAll300/A4RES2111120G7UJD2C.jpg,"[[' 7680 x 4320', ' 3 x DisplayPort 1.4', ' 1 x HDMI 2.1', ' 12.20"" x 5.29""', 'SAPPHIRE RX6900 XT 16G D6 Aurora Edition']]"
9SIB86XJMD7337,51RISC RX5700 8GB Graphics Card GPU GDDR6 256-bit 7nm video card Support Desktop CPU placa de video rx5700xt,51Risc,,,199.0,0,https://c1.neweggimages.com/ProductImageCompressAll300/B86XS230417044SL9BD.jpg,"[[' 3 x DisplayPort 1.4', ' 1 x HDMI 2.0b', ' AMD', ' AMD Radeon RX 5700 Series', 'JP RX5700XL 8GB', '9SIB86XJMD7337']]"
9SIB1PGJRH2946,MSI Suprim GeForce RTX 3080TI 12GB GDDR6X PCI Express 4.0 Video Card RTX 3080TI SUPRIM X 12G LHR,MSI,5,1.0,1630.0,0,https://c1.neweggimages.com/ProductImageCompressAll300/AVT8S21092753751.jpg,[['MSI3080TISUPRIM X']]
9SIBFVPJZ68558,MSI Mech Radeon RX 6600 XT 8GB GDDR6 PCI Express 4.0 Video Card RX 6600 XT MECH 2X 8G,MSI,,,383.99,0,https://c1.neweggimages.com/ProductImageCompressAll300/14-137-722-S01.jpg,"[[' 7680 x 4320', ' 3 x DisplayPort 1.4', ' 1 x HDMI (Supports 4K@120Hz / 8K@60Hz and VRR as specified in HDMI 2.1)', ' 9.25"" x 4.92""', 'RX 6600 XT MECH 2X 8G']]"
9SIB1PGJUE8069,EVGA GeForce GT 630 1GB DDR3 PCI Express 2.0 x16 Video Card 01G-P3-2631-KR,EVGA,4.7,26.0,179.0,0,https://c1.neweggimages.com/ProductImageCompressAll300/14-130-792-09.jpg,"[[' 810 MHz', ' 2560 x 1600', ' 2 x DVI', ' 1 x mini HDMI', '01G-P3-2631-KR', '9SIB1PGJUE8069']]"
9SIAH8WJHR2865,MSI Gaming Radeon RX 6700 XT 12GB GDDR6 PCI Express 4.0 x16 Video Card RX 6700 XT GAMING X 12G,MSI,,,999.0,0,https://c1.neweggimages.com/ProductImageCompressAll300/APBUD210521SB0YU.jpg,[['WBHAMD1-7']]
9SIB1PGJX13673,"PNY GeForce RTX 3070 8GB XLR8 Gaming REVEL EPIC-X RGB Triple Fan Graphics Card, VCG30708TFXPPB","PNY Technologies, Inc.",3.7,7.0,849.0,0,https://c1.neweggimages.com/ProductImageCompressAll300/14-133-811-01.jpg,"[[' 1500 MHz', ' 7680 x 4320 @ 60 Hz', ' 3 x DisplayPort 1.4', ' 1 x HDMI 2.1', 'VCG30708TFXPPB', '9SIB1PGJX13673']]"
9SIAYTVJMG9454,MSI Gaming (MSI) Radeon RX 7900 XTX 24GB GDDR6 PCI Express 4.0 ATX Video Card RX 7900 XTX GAMING TRIO CLASSIC 24G,MSI,,,1352.99,$49.99 Shipping,https://c1.neweggimages.com/ProductImageCompressAll300/A4RES2302100CNTU8B8.jpg,"[[' 2300 MHz', ' 7680 x 4320', ' 3 x DisplayPort 2.1', ' 1 x HDMI 2.1', 'RX 7900 XTX 24GB']]"
9SIB1PGJUA0514,PNY NVIDIA RTX A2000 Graphics card RTX A2000 6 GB GDDR6 PCIe 4.0 x16 4 x Mini DisplayPort Model VCNRTXA2000ATX-BLK,"PNY Technologies, Inc.",,,435.0,0,https://c1.neweggimages.com/ProductImageCompressAll300/A1K6S2301180HN2FSCF.jpg,[['VCNRTXA2000ATX-BLK']]
9SIB1PGJPF6390,MSI Suprim GeForce RTX 3090 Ti 24GB GDDR6X PCI Express 4.0 SLI Support ATX Video Card RTX 3090 TI SUPRIM X 24G,MSI,5,2.0,1925.0,0,https://c1.neweggimages.com/ProductImageCompressAll300/AYB7S2204100MLSMEB5.jpg,[['3090 TI SUPRIM X']]
9SIB1PGJPG0052,MSI Suprim GeForce RTX 3090 Ti 24GB GDDR6X PCI Express 4.0 SLI Support ATX Video Card RTX 3090 TI SUPRIM X 24G Desktop Graphics Cards,MSI,,,1925.0,0,https://c1.neweggimages.com/ProductImageCompressAll300/AVH0S220409174NHC74.jpg,[['3090 TI SUPRIM X 24G']]
9SIB1PGFBY2588,PNY NVIDIA Quadro K4000 3GB professional GPU Workstation Video Graphics card GDDR5 PCIe x16,"PNY Technologies, Inc.",,,169.0,0,https://c1.neweggimages.com/ProductImageCompressAll300/A4UB_1_2019112341113156.jpg,"[[' 2 x DisplayPort', ' 1 x DVI', ' DirectX 11', ' NVIDIA', '085A0349590298']]"
9SIAD7HJUG4036,PowerColor RED DEVIL Radeon RX 6650 XT 8GB GDDR6 PCI Express 4.0 ATX Video Card AXRX 6650XT 8GBD6-3DHE/OC,PowerColor,,,412.99,0,https://c1.neweggimages.com/ProductImageCompressAll300/14-131-800-V01.jpg,"[[' 3 x DisplayPort 1.4', ' 1 x HDMI 2.1', ' 9.89"" x 5.23""\n10.38"" x 5.94"" (with bracket)', ' 2.5 Slot', 'AXRX 6650XT 8GBD6-3DHE/OC']]"
9SIB9MJJDR4982,MSI GeForce GTX 1660 DirectX 12 GTX 1660 SUPER VENTUS XS C OC 6GB 192-Bit GDDR5 PCI Express 3.0 x16 Video Card,MSI,5,2.0,232.0,0,https://c1.neweggimages.com/ProductImageCompressAll300/APBUS201017leB1m.jpg,[['GTX 1660 SUPER VENTU']]
9SIB1PGJUG5383,MSI Geforce RTX 3080 Ti SUPRIM X 12G NVIDIA 12GB GDDR6X Graphic Card,MSI,,,1380.0,0,https://c1.neweggimages.com/ProductImageCompressAll300/A4YUD2203010E98409A.jpg,[['V389-057R']]
9SIBBN9JRX2883,ZOTAC AMP Extreme AIRO GeForce RTX 4090 24GB GDDR6X PCI Express 4.0 Video Card ZT-D40900B-10P,ZOTAC,,,2199.23,0,https://c1.neweggimages.com/ProductImageCompressAll300/A4RES2211170F7UU29E.jpg,[['4090 AMP EXTREME AIRO']]
9SIB1PGFBW7115,nVidia/HP Quadro NVS 290 256MB PCI-E x1 GDDR2 Dual Monitor Graphics Card. Part Number: 481028-001,HP,,,83.0,0,https://c1.neweggimages.com/ProductImageCompressAll300/AE7U_1_20170930798736163.jpg,"[['08N0ZJLO', '9SIB1PGFBW7115']]"
9SIAXHKJUP4890,ZOTAC GeForce GTX 1080 Ti FE 11GB GDDR5X PCI Express 3.0 SLI Support Video Cards ZT-P10810A-10P,ZOTAC,4,7.0,799.0,0,https://c1.neweggimages.com/ProductImageCompressAll300/14-500-415-S99.jpg,"[[' 1480 MHz', ' 3 x DisplayPort 1.4', ' 1 x HDMI 2.0b', ' 10.50"" x 4.38""', 'ZT-P10810A-10P']]"
9SIARPHJT72145,Gigabyte GeForce RTX 3080 Turbo 10GB V2,GIGABYTE,5,1.0,798.59,$49.99 Shipping,https://c1.neweggimages.com/ProductImageCompressAll300/AWVGS2109205A834.jpg,"[[' 1400 MHz', ' 2 x DisplayPort 1.4a', ' 2 x HDMI 2.1', ' DirectX 12 Ultimate', 'GV-N3080TURBO-10GD-REV2.0']]"
9SIBMWJJWP6782,MSI GeForce GTX 1660 6GB GDDR5 PCI Express 3.0 x16 Video Card GTX 1660 VENTUS XS 6G OC,MSI,4.6,161.0,188.5,$49.99 Shipping,https://c1.neweggimages.com/ProductImageCompressAll300/14-137-400-Z01.jpg,"[[' 7680 x 4320', ' 3 x DisplayPort 1.4', ' 1 x HDMI 2.0b', ' 8.03"" x 5.04""', '1660 VENTUS XS 6G OC']]"
9SIAYE8JSS2405,"MSI GeForce RTX 4070 Ti GAMING X TRIO 12G Video Card,12GB 192-bit GDDR6X,PCI Express 4.0,1×HDMI Interface, 3×DisplayPort Interface",MSI,,,1115.91,0,https://c1.neweggimages.com/ProductImageCompressAll300/A4RES2301050J1NFPA4.jpg,"[[' 7680 x 4320', ' 3 x DisplayPort 1.4a', ' 1 x HDMI 2.1a', ' 337 x 140 mm', 'MSI RTX 4070 Ti GAMING X TRIO 12G']]"
9SIBDCAK061119,Leadtek NVIDIA RTX 4000 SFF Ada Generation Workstation Graphics Card Video Card,"PNY Technologies, Inc.",,,2799.0,0,https://c1.neweggimages.com/ProductImageCompressAll300/BDCAS2307030IBDEV10.jpg,[['RTX 4000 SFF Ada']]
9SIB1PGH891014,HP AMD FIREPRO V4900 1GB GDDR5 VIDEO CARD 653327-002 703478-001 - OEM,AMD,,,148.0,0,https://c1.neweggimages.com/ProductImageCompressAll300/AA4T_1317346147446649504CJaa5k6sD.jpg,"[['703478-001', '9SIB1PGH891014']]"
9SIB1PGFBX3293,"NVIDIA Quadro NVS 295 by PNY 256MB GDDR3 PCI Express Gen 2 x1 Dual DisplayPort or DVI-D SL Profesional Business Graphics Board, VCQ295NVS-X1-DVI-PB","PNY Technologies, Inc.",,,125.0,0,https://c1.neweggimages.com/ProductImageCompressAll300/AE7U_1_20170930634930236.jpg,[['0017-7C0023BJ9H4']]
9SIB1PGJRH6620,"EVGA GeForce RTX 3080 Ti FTW3 ULTRA HYBRID GAMING, 12G-P5-3968-KR, 12GB GDDR6X, iCX3 Technology, ARGB LED, Metal Backplate",EVGA,,,1540.0,0,https://c1.neweggimages.com/ProductImageCompressAll300/AKRFS2112280I1A3Z57.jpg,"[['12G-P5-3968-KR', '9SIB1PGJRH6620']]"
9SIAPMXJRM6210,"ASUS ROG Strix NVIDIA GeForce RTX 3090 OC EVA EDITION Gaming Graphics Card (PCIe 4.0, 24GB GDDR6X, HDMI 2.1, DisplayPort 1.4a, Axial-tech Fan Design, 2.9-slot, Super Alloy Power II, GPU Tweak)",ASUS,5,3.0,1599.99,0,https://c1.neweggimages.com/ProductImageCompressAll300/14-126-579-V23.jpg,"[[' 7680 x 4320', ' 3 x DisplayPort 1.4a', ' 2 x HDMI 2.1', ' 12.53"" x 5.51""', 'ROG-STRIX-RTX3090-O24G-EVA']]"
9SIB1PGFBW9586,PNY Technologies NVIDIA Quadro K4200 Professional Graphics Card,"PNY Technologies, Inc.",,,153.0,0,https://c1.neweggimages.com/ProductImageCompressAll300/AE7U_1_20170930454338926.jpg,[['PNVCQK4200PB']]
9SIAYTVHYK5876,"ASUS AMD RADEON RX 6950 XT Gaming Graphics Card, 7nm AMD RDNA2 16GB GDDR6 256-bit AMD Reference Card, PCIE 4.0 HDMI*1 DP 1.4a*2  Type-C*1 Video Card",ASUS,,,1049.99,$49.99 Shipping,https://c1.neweggimages.com/ProductImageCompressAll300/AYTVS2206130EK54Q48.jpg,[['B-AMD RX 6950 XT']]
9SIB1PGJJF0490,NVIDIA GeForce RTX 2080 SUPER Founders Edition - 8GB GDDR6 1815 MHz - 3072 Cores - Ray Tracing - DirectX 12 - DP/HDMI/DVI-DL - VR Ready,NVIDIA,,,945.0,0,https://c1.neweggimages.com/ProductImageCompressAll300/A6V6_1_201907171455051388.jpg,"[[' 1650 MHz', ' 7680x4320', ' 1815 MHz', ' 3072 Cores', '850001212953']]"
9SIB1PGJNH1790,NVIDIA T600 - Graphics card - T600 - 4 GB GDDR6 - PCIe 3.0 x16 low profile - 4 x Mini DisplayPort,NVIDIA,,,349.0,0,https://c1.neweggimages.com/ProductImageCompressAll300/ADZJS220606K7DRR.jpg,[['VCNT600-PB__']]
9SIAPMXJU97250,"ASUS ROG STRIX RTX 3080 O10G GUNDAM Video Card,10GB 320-bit GDDR6X,PCI Express 4.0,2×HDMI Interface, 3×DisplayPort Interface",ASUS,,,1059.99,0,https://c1.neweggimages.com/ProductImageCompressAll300/BGFDS2304010XH66NA2.jpg,"[[' Triple Fans', 'ROG-STRIX-RTX3080-010G-GUNDAM']]"
9SIB1PGJPF7483,"MSI GeForce RTX 3090 Ti GAMING X TRIO 24G - Graphics card - GF RTX 3090 Ti - 24 GB GDDR6X - PCIe 4.0 - HDMI, 3 x DisplayPort",MSI,,,1925.0,0,https://c1.neweggimages.com/ProductImageCompressAll300/ADZJS220606AdLPW.jpg,[['G309TGXT24__']]
9SIB1PGFBX1833,HP GeForce GT 630 Graphic Card - 2 GB DDR3 SDRAM - PCI Express x16,HP,4.1,10.0,183.0,0,https://c1.neweggimages.com/ProductImageCompressAll300/14-196-049-01.jpg,"[[' 2048 x 1536', ' 2 x DisplayPort', ' 1 x DVI', ' Single Slot', 'B4J92AT', '9SIB1PGFBX1833']]"
9SIB1PGJVD5946,BFG Tech GeForce 8800 GTS 640MB GDDR3 PCI Express x16 SLI Support Video Card BFGR88640GTSOCE,BFG Technologies,4.8,102.0,237.0,0,https://c1.neweggimages.com/ProductImageCompressAll300/14-143-081-09.jpg,"[[' 550MHz (vs. 500MHz standard)', ' 2560 x 1600', ' 2 x DVI', ' DirectX 10', 'BFGR88640GTSOCE', '9SIB1PGJVD5946']]"
9SIB1PGJWF4190,VisionTek Radeon R9 290X 4GB GDDR5 PCI Express 3.0 Video Card (Battlefiled 4 Edition) 900672,VisionTek,3,2.0,329.0,0,https://c1.neweggimages.com/ProductImageCompressAll300/14-129-289-03.jpg,"[[' 1 x DisplayPort', ' 2 x DVI-D', ' 1 x HDMI', ' AMD', '900672', '9SIB1PGJWF4190']]"
9SIB1PGJVE0761,VisionTek Radeon HD 3650 1GB GDDR2 PCI Express 2.0 x16 Video Card 900225,VisionTek,3.6,41.0,154.0,0,https://c1.neweggimages.com/ProductImageCompressAll300/14-129-117-S01.jpg,"[[' 2560 x 1600', ' 2 x DVI', ' DirectX 10.1', ' AMD', '900225', '9SIB1PGJVE0761']]"
9SIB1PGJV81169,BFG Tech GeForce 9500 GT 1GB GDDR2 PCI Express 2.0 x16 SLI Support Video Card BFGE951024GTE,BFG Technologies,4.1,29.0,199.0,0,https://c1.neweggimages.com/ProductImageCompressAll300/14-143-150-03.jpg,"[[' 550 MHz', ' 2560 x 1600', ' 2 x DVI', ' DirectX 10', 'BFGE951024GTE', '9SIB1PGJV81169']]"
9SIB1PGJUM1177,SPARKLE GeForce GT 630 4GB DDR3 PCI Express 2.0 x16 Video Card 700005,,3.8,4.0,250.0,0,https://c1.neweggimages.com/ProductImageCompressAll300/14-187-186-02.jpg,"[[' 810 MHz', ' 2560 x 1600', ' 1 x DVI', ' 1 x HDMI', '700005', '9SIB1PGJUM1177']]"
9SIB1PGFBV8777,EVGA NVIDIA GeForce RTX 3060 XC 12GB DDDR6 Video Card - NEW SEALED,NVIDIA,,,745.0,0,https://c1.neweggimages.com/ProductImageCompressAll300/743770843b6e4fff89b7f5e5463112b4.jpg,"[[' 7680 x 4320', ' 3 x DisplayPort 1.4a', ' 1 x HDMI 2.1', ' 7.94"" x 4.33""', 'RTX3060', '9SIB1PGFBV8777']]"
9SIB1PGJUR6026,VisionTek Radeon HD 7750 1GB DDR5 PCI Express 3.0 x16 Video Card 900574-KIT,VisionTek,,,250.0,0,https://c1.neweggimages.com/ProductImageCompressAll300/B1PGS2304121AOEMF4E.jpg,"[[' AMD', ' 120W', '900574-KIT', '9SIB1PGJUR6026']]"
9SIA6KXJYU8595,MSI GeForce RTX 3070 VENTUS 2X 8G OC LHR Graphics Card,MSI,,,458.0,0,https://c1.neweggimages.com/ProductImageCompressAll300/B9A6D2303210VV9ED7A.jpg,"[[' With Fan', ' 3 Year', 'G3070V2XCL']]"
9SIB1PGJUR5027,GF4MX420PCI PNY GeForce 4MX 64MB PCI S-Video/ VGA Video Graphics Card,"PNY Technologies, Inc.",,,258.0,0,https://c1.neweggimages.com/ProductImageCompressAll300/B1PGS2304120VNTSCAE.jpg,"[['GF4MX420PCI', '9SIB1PGJUR5027']]"
9SIB1PGJVP7069,Bfg Tech GeForce 9500 GT Graphic Card - 550 MHz Core - 1 GB DDR2 SDRAM - PCI Express 2.0 x16,BFG Technologies,,,199.0,0,https://c1.neweggimages.com/ProductImageCompressAll300/B1PGS230516147TXZ21.jpg,"[[' 550 MHz', ' Yes', ' NVIDIA', ' 128-Bit', 'BFGC951024GTE', '9SIB1PGJVP7069']]"
9SIB1PGFBW8711,EVGA NVIDIA GeForce GTX 960 2GB GDDR5 DVI/HDMI/3DisplayPort pci-e Video,NVIDIA,,,329.0,0,https://c1.neweggimages.com/ProductImageCompressAll300/A30R_1_2016062770277175.jpg,"[[' 128-Bit', ' With Fan', 'SNVC66661', '9SIB1PGFBW8711']]"
9SIAH8WJK55315,PowerColor Radeon RX 550 2GB GDDR5 PCI Express 3.0 Low Profile Video Card AXRX 550 2GBD5-HLE,PowerColor,,,84.3,0,https://c1.neweggimages.com/ProductImageCompressAll300/14-131-796-01.jpg,"[[' 1 x SL-DVI-D', ' 1 x HDMI', ' 7.13"" x 3.11""', ' DirectX 12', 'AXRX 550 2GBD5-HLE']]"
9SIAXHKJUP5529,"ZOTAC GAMING GeForce GTX 1660 Ti 6GB GDDR6 192-bit Gaming Graphics Card, Super Compact, ZT-T16610F-10L",ZOTAC,4.7,18.0,256.16,0,https://c1.neweggimages.com/ProductImageCompressAll300/14-500-462-V09.jpg,"[[' 3 x DisplayPort 1.4', ' 1 x HDMI 2.0b', ' 6.83"" x 4.38""', ' 2 Slots', 'ZT-T16610F-10L']]"
9SIAXHKJUP4784,ZOTAC GeForce GTX 1080 FE 8GB GDDR5X PCI Express 3.0 SLI Support Video Card VR Ready Founders Edition ZT-P10800A-10P,ZOTAC,4.8,23.0,764.94,0,https://c1.neweggimages.com/ProductImageCompressAll300/14-500-396-S99.jpg,"[[' 1607 MHz', ' 7680 x 4320', ' 3 x DisplayPort 1.4', ' 1 x Dual-link DVI-D', 'ZT-P10800A-10P']]"
9SIB1PGJUW3562,PowerColor Radeon RX VEGA 64 DirectX 12 AXRX VEGA 64 8GBHBM2-3DH 8GB 2048-Bit HBM2 PCI Express 3.0 CrossFireX Support ATX Video Card Fan Cooled (Black),PowerColor,4,12.0,659.0,0,https://c1.neweggimages.com/ProductImageCompressAll300/14-131-728-V01.jpg,"[[' 1247 MHz', ' 4096 x 2160', ' 3 x DisplayPort', ' 1 x HDMI', '8GBHBM2-3DH', '9SIB1PGJUW3562']]"
9SIASGMJUR6186,"ASUS Phoenix NVIDIA GeForce GTX 1650 OC Edition Gaming Graphics Card (PCIe 3.0, 4GB GDDR6 memory, HDMI 2.0b, DisplayPort 1.4a, DVI-D, Dual ball fan bearings, Auto-Extreme) PH-GTX1650-O4GD6-P-V2",ASUS,,,179.99,0,https://c1.neweggimages.com/ProductImageCompressAll300/14-126-622-01.jpg,"[[' 7680 x 4320', ' 1 x DisplayPort 1.4a', ' 1 x DVI', ' 1 x HDMI 2.0b', 'PH-GTX1650-O4GD6-P-V2']]"
9SIBBN9JJ76170,"EVGA GeForce GTX 1660 SC Ultra Gaming, 06G-P4-1067-KR, 6GB GDDR5, Dual Fan",EVGA,,,349.71,0,https://c1.neweggimages.com/ProductImageCompressAll300/AKXC_1_202003121530792169.jpg,"[[' Double Fans', '9901239028567']]"
9SIB1PGFBV7255,"NVIDIA - NVIDIA GeForce RTX 2080 Super 8GB GDDR6 PCI Express 3.0 Graphics Card - Black/Silver
9001G1802540000",NVIDIA,4,3.0,849.0,0,https://c1.neweggimages.com/ProductImageCompressAll300/A8X5S200129Kzc1v.jpg,[['9001G1802540000']]
9SIB1PGH7E2107,"NVIDIA GeForce RTX 2070 Super 8GB GDDR6 PCI Express 3.0 Graphics Card - Black/Silver
900-1G180-2510-000",NVIDIA,,,675.0,0,https://c1.neweggimages.com/ProductImageCompressAll300/A8X5S200609uSgbt.jpg,[['900-1G180-2510-000']]
9SIAH8WJK33024,"EVGA 06G-P4-1068-KR GeForce GTX 1660 Super Sc Ultra Gaming, 6GB GDDR6, Dual Fan, Metal Backplate",EVGA,,,389.78,0,https://c1.neweggimages.com/ProductImageCompressAll300/A73MS2203310IEWQLB2.jpg,"[[' 7680 x 4320', ' 1 x DisplayPort 1.4', ' 1 x Dual-Link DVI-D', ' 1 x HDMI 2.0b', '(06G-P4-1068-KR)']]"
9SIB1PGFBW1815,ATI Radeon HD 5770 1GB PCIe x16 Video Card HDMI DisplayPort Dual-DVI GCJ42 7120184001G,,,,223.0,0,https://c1.neweggimages.com/ProductImageCompressAll300/AFUSD2006030FOKS.jpg,"[['32026178682942', '9SIB1PGFBW1815']]"
9SIAY2WJZY7093,MSI GeForce RTX 3090 Ti 24GB GDDR6X PCI Express 4.0 SLI Support ATX Video Card RTX 3090 TI BLACK TRIO 24G,MSI,,,1915.99,0,https://c1.neweggimages.com/ProductImageCompressAll300/14-137-730-10.jpg,"[[' 7680 x 4320', ' 3 x DisplayPort 1.4a', ' 1 x HDMI 2.1', ' 12.80"" x 5.51""', 'RTX 3090 TI BLACK TRIO 24G']]"
9SIAPNMJYT6491,GIGABYTE GeForce GTX 1630 4GB GDDR6 PCI Express 3.0 x16 ATX Video Card GV-N1630OC-4GD,GIGABYTE,,,189.0,0,https://c1.neweggimages.com/ProductImageCompressAll300/14-932-548-09.jpg,"[[' 1815 MHz', ' 1 x DisplayPort 1.4', ' 1 x DVI', ' 1 x HDMI 2.0b', 'GV-N1630OC-4GD', '9SIAPNMJYT6491']]"
9SIB1PGJPF7473,"EVGA GeForce RTX 3090 Ti FTW3 ULTRA GAMING, 24G-P5-4985-KR, 24GB GDDR6X, iCX3 Technology, ARGB LED, Metal Backplate, Includes eLeash Video Card",EVGA,,,1925.0,0,https://c1.neweggimages.com/ProductImageCompressAll300/BDCAS2210240H5FWO53.jpg,"[['EVGA  RTX 3090 Ti FTW3 ULTRA', '9SIB1PGJPF7473']]"
9SIAD7HJSR3507,ASUS ROG Gaming NVIDIA GeForce RTX 4080 16GB GDDR6X Graphics Card,ASUS,,,1795.99,0,https://c1.neweggimages.com/ProductImageCompressAll300/A4YUD2212170MW1Z5EE.jpg,[['90YV0IC1-M0NA00']]
9SIB1PGJPK4994,"EVGA GeForce RTX 3080 Ti FTW3 Ultra Gaming, 12G-P5-3967-KR, 12GB GDDR6X, iCX3 Technology, ARGB LED, Metal Backplate",EVGA,,,1377.0,0,https://c1.neweggimages.com/ProductImageCompressAll300/AG7RS2204190HXHKU6A.jpg,"[[' Triple Fans', 'EVGA 12G-P5-3967-KR##', '9SIB1PGJPK4994']]"
9SIA8N2DP11992,MSI N210-MD1G/D3 GeForce 210 Graphic Card 1 GB DDR3 SDRAM G2101D3,MSI,2,1.0,66.3,0,https://c1.neweggimages.com/ProductImageCompressAll300/A98Y_1_201808081249038264.jpg,"[[' 589 MHz', ' Yes', ' Yes', ' NVIDIA', 'G2101D3']]"
9SIAGKCJXW0872,"GIGABYTE Radeon RX 5500 XT OC 4G (rev. 2.0) Graphics Card, PCIe 4.0, 4GB 128-Bit GDDR6, GV-R55XTOC-4GD Video Card",GIGABYTE,3,12.0,299.99,$20.00 Shipping,https://c1.neweggimages.com/ProductImageCompressAll300/14-932-356-V01.jpg,"[[' 7680 x 4320 @ 60 Hz', ' 3 x DisplayPort 1.4', ' 1 x HDMI 2.0b', ' 8.86"" x 4.69""', 'GV-R55XTOC-4GD V2']]"
9SIB1PGJPH0230,NVIDIA Quadro K1200 4GB 128-bit GDDR5 PCI Express 2.0 ATX or SFF Graphic Card Workstation Video Card - OEM Package,"PNY Technologies, Inc.",,,198.0,0,https://c1.neweggimages.com/ProductImageCompressAll300/APMXS2203071fPYR.jpg,[['XRL-112']]
9SIBKMGJVJ5740,"ASUS DUAL GeForce RTX 3060 Ti V2 MINI 8GB GDDR6 Video Card with LHR, DUAL-RTX3060TI-8G-MINI-V2",ASUS,4.7,3.0,469.39,0,https://c1.neweggimages.com/ProductImageCompressAll300/14-126-536-V16.jpg,"[[' 7680 x 4320', ' 3 x DisplayPort 1.4a', ' 1 x HDMI 2.1', ' 7.87"" x 4.84""', 'DUAL-RTX3060TI-8G-MI']]"
9SIB1PGJPK5000,"EVGA GeForce RTX 3080 12GB FTW3 Ultra Gaming, 12G-P5-4877-KL, 12GB GDDR6X, iCX3 Technology, ARGB LED, Metal Backplate, LHR",EVGA,,,1410.0,0,https://c1.neweggimages.com/ProductImageCompressAll300/BEYDS22100111DAF0A0.jpg,"[['DPFO202JVJWWV', '9SIB1PGJPK5000']]"
9SIB601JKH0644,GPU 2G  PCI Express 3.0 x16 DirectX 12,Mannajue,,,79.99,0,https://c1.neweggimages.com/ProductImageCompressAll300/B601S2302160YTPAF64.jpg,"[[' 1 x DisplayPort', ' 1 x DVI', ' 1 x HDMI', ' AMD Radeon RX 500 Series', 'Mannajue03251', '9SIB601JKH0644']]"
9SIB1PGJRH4924,EVGA GeForce RTX 3080 Ti 12GB FTW3 ULTRA GAMING GDDR6X Video Graphics Card GPU,EVGA,,,1377.0,0,https://c1.neweggimages.com/ProductImageCompressAll300/ADFRS2110046D69F.jpg,"[[' NVIDIA', ' Triple Fans', 'EVGA RTX 3080 Ti FTW3 ULTRA GAMING', '9SIB1PGJRH4924']]"
9SIB1PGFC02135,PNY Quadro M2000 Graphic Card - 4 GB GDDR5 - PCI Express 3.0 x16 - Single Slot S,"PNY Technologies, Inc.",,,140.0,0,https://c1.neweggimages.com/ProductImageCompressAll300/A575_131691863398923801uqn7cDRCYX.jpg,"[[' DirectX 12', ' NVIDIA', ' 768 Cores', ' 128-Bit', 'TTIVDO74', '9SIB1PGFC02135']]"
9SIB1PGJPF7330,"GIGABYTE AORUS GeForce RTX 3090 XTREME WATERFORCE WB 24G Graphics Card, WATERFORCE Water Block Cooling System, 24GB 384-bit GDDR6X, GV-N3090AORUSX WB-24GD Video Card,NOT LHR",GIGABYTE,,,2180.0,0,https://c1.neweggimages.com/ProductImageCompressAll300/APBUD210706IFVI3.jpg,"[['B-GV-N3090AORUSX WB-', '9SIB1PGJPF7330']]"
9SIB1PGJPG0537,"PNY GeForce RTX 3090 24GB XLR8 Gaming EPIC-X RGB Triple Fan Graphics Card, VCG309024TFXPPB","PNY Technologies, Inc.",,,1699.0,0,https://c1.neweggimages.com/ProductImageCompressAll300/AKEXS210725H0VMY.jpg,"[['PNY VCG309024TFXPPB', '9SIB1PGJPG0537']]"
9SIA4REJVJ1461,Gigabyte Ultra Durable 2 GV-N730D5-2GI GeForce GT 730 Graphic Card - 902 MHz Core - 2 GB GDDR5 SDRAM - PCI Express 2.0 x8,GIGABYTE,4.1,15.0,89.98,0,https://c1.neweggimages.com/ProductImageCompressAll300/14-125-686-03.jpg,"[[' 902 MHz', ' 4096 x 2160', ' 1 x DVI', ' 1 x HDMI', 'GV-N730D5-2GI']]"
9SIB1PGG1Y2847,Dell AMD FirePro W7000 4GB GDDR5 Graphics Card,AMD,,,338.0,0,https://c1.neweggimages.com/ProductImageCompressAll300/ADA5_131383847271627814Him7Rjl2ls.jpg,"[[' 950 MHz', ' 4096x2160', ' 4 x DisplayPort', ' Single Slot', '100-505781']]"
9SIAY2WJZW1704,"ZOTAC GAMING GeForce RTX 2080 AMP 8GB GDDR6 256-bit Gaming Graphics Card, Active Fan Control, Metal Backplate, Spectra Lighting (ZT-T20800D-10P)",ZOTAC,3.4,10.0,843.99,0,https://c1.neweggimages.com/ProductImageCompressAll300/14-500-435-V10.jpg,"[[' 3 x DisplayPort 1.4', ' 1 x HDMI 2.0b', ' 12.13"" x 4.45""', ' 2.5 slots', 'ZT-T20800D-10P']]"
9SIAFVFJU76792,"ASUS Dual NVIDIA GeForce RTX 3060 V2 OC Edition 12GB GDDR6 Gaming Graphics Card (PCIe 4.0, 12GB GDDR6 Memory, HDMI 2.1, DisplayPort 1.4a, 2-Slot, Axial-tech Fan Design, 0dB Technology)",ASUS,,,320.44,$16.99 Shipping,https://c1.neweggimages.com/ProductImageCompressAll300/BK71S2305060JMVZM40.jpg,"[[' 3 Year', 'DUAL-RTX3060']]"
9SIAPMXJKD6665,"ASUS ATS-RTX3050 O8G GAMING Video Card,8GB 128-bit GDDR6,PCI Express 4.0,1852MHz Boost Frequency,1×HDMI 2.1 Interface, 3×DisplayPort 1.4a Interface",ASUS,,,399.99,0,https://c1.neweggimages.com/ProductImageCompressAll300/A4RES22031806FOZ7A7.jpg,"[[' 7680 x 4320', ' 3 x DisplayPort 1.4a', ' 1 x HDMI 2.1', ' 200 x 123 mm', 'ASUS ATS-RTX3050-O8G-GAMING']]"
9SIB1PGJX62809,PNY GeForce GTX 1660 Ti GAMING DF OC 6 GB GDDR6 Graphics Card (VCG1660T6DFPPB-O),"PNY Technologies, Inc.",,,499.0,0,https://c1.neweggimages.com/ProductImageCompressAll300/AD7H_1_20191105919292500.jpg,"[[' 1 x DisplayPort', ' 1 x DVI', ' 1 x HDMI', ' NVIDIA GeForce GTX 16 Series', 'VCG1660T6DFPPB-O', '9SIB1PGJX62809']]"
9SIB1PGJS11481,"EVGA GeForce RTX 3080 Ti FTW3 Ultra Gaming, 12G-P5-3967-KR, 12GB GDDR6X, iCX3 Technology, ARGB LED, Metal Backplate",EVGA,,,1377.0,0,https://c1.neweggimages.com/ProductImageCompressAll300/AYTVS2204210Y8G49EE.jpg,"[[' 3 x DisplayPort 1.4a', ' 1 x HDMI 2.1', ' 11.81"" x 5.38""', ' 2.75 Slots', 'EVGA 12G-P5-3967-KR(1)']]"
9SIAY2WJZY7090,MSI Suprim GeForce RTX 3090 Ti 24GB GDDR6X PCI Express 4.0 SLI Support Video Card RTX 3090 Ti SUPRIM SE 24G,MSI,4.2,5.0,1915.99,0,https://c1.neweggimages.com/ProductImageCompressAll300/14-137-755-S01.jpg,"[[' 7680 x 4320', ' 3 x DisplayPort 1.4a', ' 1 x HDMI 2.1', ' 13.31"" x 5.51""', 'RTX 3090 Ti SUPRIM SE 24G']]"
9SIB1PGJPK4878,"ASUS TUF Gaming NVIDIA GeForce RTX 3080 Ti Graphics Card (PCIe 4.0, 12GB GDDR6X, HDMI 2.1, DisplayPort 1.4a, Dual Ball Fan Bearings, Military-grade Certification), TUF-RTX3080TI-12G-GAMING",ASUS,,,1380.0,0,https://c1.neweggimages.com/ProductImageCompressAll300/APBUD210706WDYJK.jpg,[['TUF-RTX3080TI-12G-']]
9SIB1PGFBZ8418,NVIDIA QUADRO 4000 2GB GDDR5 X1 VIDEO CARD V2 DELL 731Y3,NVIDIA,,,182.99,0,https://c1.neweggimages.com/ProductImageCompressAll300/AA4T_1317156533716303259KjyAwiKDJ.jpg,"[['731Y3', '9SIB1PGFBZ8418']]"
9SIB1PGJEN5628,NVIDIA VCQRTX5000-PB NVIDIA Quadro RTX 5000 Graphic Card - 16GB,"PNY Technologies, Inc.",,,1280.0,0,https://c1.neweggimages.com/ProductImageCompressAll300/ARF6D2204130G6IGW46.jpg,"[['PNY3', '9SIB1PGJEN5628']]"
9SIA7ABJZ30258,VISIONTEK 901278 RADEON RX560 4GB GDDR5 4M,VisionTek,,,239.22,Special Shipping,https://c1.neweggimages.com/ProductImageCompressAll300/A24G_1_201908311414786827.jpg,"[[' 75W', ' 184 mm', '901278']]"
9SIAXHKJUP4917,"ZOTAC GAMING GeForce GTX 1660 SUPER AMP 6GB GDDR6 192-bit Gaming Graphics Card, Super Compact, IceStorm 2.0 Cooling, Wraparound Metal Backplate - ZT-T16620D-10M",ZOTAC,4.5,8.0,508.94,0,https://c1.neweggimages.com/ProductImageCompressAll300/14-500-481-V01.jpg,"[[' DisplayPort 1.4: 8K @ 60 Hz\nHDMI 2.0b: 4K @ 60 Hz', ' 3 x DisplayPort 1.4', ' 1 x HDMI 2.0b', ' 8.30"" x 4.70""', 'ZT-T16620D-10M']]"
9SIB1PGFBX4924,Dell PNY Nvidia QUADRO M5000 8GB Professional Graphic Card,"PNY Technologies, Inc.",,,395.0,0,https://c1.neweggimages.com/ProductImageCompressAll300/ADYY_1_20170913159749087.jpg,"[['77CJF', '9SIB1PGFBX4924']]"
9SIAXK8JNH8669,MSI GAMING GeForce GT 710 1GB GDRR3 64-bit HDCP Support DirectX 12 OpenGL 4.5 Heat Sink Low Profile Graphics Card (GT 710 1GD3H LP),MSI,,,58.99,0,https://c1.neweggimages.com/ProductImageCompressAll300/AP74D2104217A1MY.jpg,[['GT710 1GD3H LP-zi7']]
9SIB1PGFBX1940,Dell X398D ATI Radeon HD3450 256MB Video Card w/Fan Optiplex 390 380 580 960 980 Graphics,DELL,,,114.0,0,https://c1.neweggimages.com/ProductImageCompressAll300/AE7U_1_201709301531938672.jpg,"[['00XCGSY3E', '9SIB1PGFBX1940']]"
9SIAZRPJZY6835,"PowerColor Red Devil AMD Radeon RX 6700 XT Gaming Graphics Card with 12GB GDDR6 Memory, Powered by AMD RDNA 2, HDMI 2.1 (AXRX 6700XT 12GBD6-3DHE/OC)",PowerColor,4.6,21.0,690.01,0,https://c1.neweggimages.com/ProductImageCompressAll300/14-131-781-V06.jpg,"[[' 3 x DisplayPort 1.4', ' 1 x HDMI 2.1', ' 12.60"" x 5.12""', ' 2.5 Slot', '6700XT 12GBD6-3DHE/O']]"
9SIB1PGFBW7148,NVIDIA Quadro FX1800 600-50744 768Mb GDDR3 PCI-E Video Card,NVIDIA,,,134.0,0,https://c1.neweggimages.com/ProductImageCompressAll300/AE7U_1_20170930761122686.jpg,"[['-00LCBBVDQ', '9SIB1PGFBW7148']]"
9SIAUNCK0V9061,"ASUS TUF Gaming NVIDIA GeForce RTX 4080 Video Card (PCIe 4.0, 16GB GDDR6X, HDMI 2.1, DisplayPort 1.4a, GPU Tweak) TUF-RTX4080-16G-GAMING",ASUS,,,1681.1,$49.99 Shipping,https://c1.neweggimages.com/ProductImageCompressAll300/A4RES22111705GV3JE2.jpg,[['ASUS TUF-RTX4080-16G-GAMING']]
9SIAXHKJUP4999,"ZOTAC GeForce GTX 1080 Mini 8GB GDDR5X VR Ready Gaming Graphic Card, DisplayPort 1.4, 1x HDMI 2.0, Dual-link DVI (ZT-P10800H-10P)",ZOTAC,,,669.94,0,https://c1.neweggimages.com/ProductImageCompressAll300/A17P_1_20180308856362044.jpg,[['ADIB01NCVICRY']]
9SIAXHKJUP4847,ZOTAC GeForce GTX 1080 Ti AMP Extreme Core 11GB GDDR5X 352-bit Gaming Graphics Card VR Ready 16+2 Power Phase Freeze Fan Stop IceStorm Cooling Spectra Lighting ZT-P10810F-10P,ZOTAC,4.6,27.0,818.94,0,https://c1.neweggimages.com/ProductImageCompressAll300/14-500-423-V09.jpg,"[[' 1607 MHz', ' 3 x DisplayPort 1.4', ' 1 x DL-DVI-D', ' 1 x HDMI 2.0b', 'ZT-P10810F-10P']]"
9SIBKMGK0D9320,"ZOTAC GAMING GeForce RTX 2080 Ti Twin Fan 11GB GDDR6 352-bit Gaming Graphics Card, Active Fan Control, Metal Backplate, Spectra Lighting - ZT-T20810G-10P",ZOTAC,,,1060.0,0,https://c1.neweggimages.com/ProductImageCompressAll300/1FT-000M-00199-V09.jpg,"[[' 3 x DisplayPort 1.4', ' 1 x HDMI 2.0b', ' 10.55"" x 4.45""', ' 2 Slots', 'ZT-T20810G-10P']]"
9SIAVH0J8Z9217,MSI Gaming GeForce RTX 3060 12GB GDDR6 PCI Express 4.0 Video Card RTX 3060 Gaming X 12G,MSI,,,499.99,0,https://c1.neweggimages.com/ProductImageCompressAll300/APBUD21070648AD7.jpg,"[['RTX 3060 GAMINGX', '9SIAVH0J8Z9217']]"
9SIB1PGJS11660,"ASUS ROG Strix LC NVIDIA GeForce RTX 3090 Ti OC Edition Gaming Graphics Card (PCIe 4.0, 24GB GDDR6X, HDMI 2.1, 240mm Radiator, 600mm Tubing, GPU Tweak) ROG-STRIX-LC-RTX3090TI-O24G-GAMING",ASUS,,,2190.0,0,https://c1.neweggimages.com/ProductImageCompressAll300/AVH1S22040510BJOFDD.jpg,"[[' 7680 x 4320', ' NVIDIA', ' NVIDIA GeForce RTX 30 Series', ' Ampere', 'ROG-STRIX-LC-RTX3090TI-024G-GAMING']]"
9SIBBB1JZX9817,Gigabyte GeForce RTX 4070 Ti AERO GV-N407TAERO OCV2-12GD Graphics Card GDDR6X,GIGABYTE,,,1205.56,$49.99 Shipping,https://c1.neweggimages.com/ProductImageCompressAll300/AGBAS2305300R3IC128.jpg,[['1.GV-N407TAERO OCV2-12GD']]
9SIBMWJJXU6686,SAPPHIRE PULSE Radeon RX 5700 XT 8GB GDDR6 PCI Express 4.0 x16 ATX Video Card 100416P8GL,Sapphire Tech,4.1,215.0,438.93,$49.99 Shipping,https://c1.neweggimages.com/ProductImageCompressAll300/14-202-349-V07.jpg,"[[' 1670 MHz', ' HDMI: 4096 x 2160 @ 60 Hz\nDisplayPort1.4: 5120 x 2880 @ 60 Hz', ' 3 x DisplayPort 1.4', ' 1 x HDMI', '100416P8GL']]"
9SIAXHKJUP5115,"ZOTAC GAMING GeForce RTX 2080 SUPER Triple Fan 8GB GDDR6 256-bit 15.5 Gbps Gaming Graphics Card, IceStorm 2.0, Active Fan Control, Spectra Lighting, ZT-T20820H-10P",ZOTAC,,,1064.94,0,https://c1.neweggimages.com/ProductImageCompressAll300/14-500-493-V09.jpg,"[[' DisplayPort 1.4: 8K @ 60Hz\nHDMI 2.0b: 4K @ 60 Hz', ' 3 x DisplayPort 1.4', ' 1 x HDMI 2.0b', ' 12.13"" x 4.45""', 'ZT-T20820H-10P']]"
9SIBBN9JUX4596,SAPPHIRE Radeon RX 7900 XT 20GB GDDR6 PCI Express 4.0 Video Card 21323-01-20G,Sapphire Tech,4.4,54.0,1169.93,0,https://c1.neweggimages.com/ProductImageCompressAll300/14-202-427-V01.jpg,"[[' 7680 x 4320', ' 2 x DisplayPort 2.1', ' 1 x HDMI 2.1', ' 3 Slots', '21323-01-20G']]"
9SIAXHKJUP4939,"ZOTAC GAMING GeForce RTX 2070 AMP 8GB GDDR6 256-bit Graphics Card, IceStorm 2.0, Active Fan Control, Metal Backplate, Spectra RGB LED Lighting (ZT-T20700D-10P)",ZOTAC,2.5,2.0,818.94,0,https://c1.neweggimages.com/ProductImageCompressAll300/14-500-444-V09.jpg,"[[' 3 x DisplayPort 1.4', ' 1 x HDMI 2.0b', ' 10.55"" x 4.45""', ' 2 Slots', 'ZT-T20700D-10P']]"
9SIBKMGK0D9036,NVIDIA GeForce RTX 3090 Ti 24GB GDDR6X PCI Express 4.0 SLI Support Video Card GEFORCE RTX 3090 Ti FE,NVIDIA,,,1907.0,0,https://c1.neweggimages.com/ProductImageCompressAll300/14-132-093-V01.jpg,"[[' 7680 x 4320', ' DirectX 12 Ultimate', ' NVIDIA', ' NVIDIA GeForce RTX 30 Series', 'GEFORCE RTX 3090 Ti FE']]"
9SIAFVFJZT4892,Gigabyte Video Card GEFORCE RTX 4070 GV-N407TAERO OC-12G GDDR6X 2640 MHZ HDMI DP,GIGABYTE,,,939.44,$22.38 Shipping,https://c1.neweggimages.com/ProductImageCompressAll300/AGBAS2306250KPU4ZBD.jpg,[['GV-N407TAERO OC-12GD']]
9SIB4KCJ5Z8239,ASUS GeForce GT 710 2GB GDDR5 HDMI VGA DVI Graphics Card (GT710-SL-2GD5-CSM),ASUS,4.3,41.0,155.87,0,https://c1.neweggimages.com/ProductImageCompressAll300/14-126-211-V03.jpg,"[[' 954 MHz', ' DVI Max Resolution: 2560 x 1600\nHDMI Max Resolution 3840 x 2160', ' 1 x Dual-link DVI-D', ' 1 x HDMI', 'GT710-SL-2GD5-CSM']]"
9SIAVH0JUS0063,"ASUS ROG Strix GeForce RTX 4090 OC Edition Gaming Graphics Card (PCIe 4.0, 24GB GDDR6X, HDMI 2.1a, DisplayPort 1.4a) ROG-STRIX-RTX4090-O24G-GAMING",ASUS,,,2599.99,0,https://c1.neweggimages.com/ProductImageCompressAll300/BGFDS2303120U5BF20D.jpg,[['ROG-STRIX-RTX4090-024G-GAMING']]
9SIB9ZZK029508,PowerColor Liquid Devil Radeon RX 7900 XTX 24GB GDDR6 PCI Express 4.0 ATX Video Card RX7900XTX 24G-W/OC,PowerColor,4.5,4.0,1539.9,0,https://c1.neweggimages.com/ProductImageCompressAll300/14-131-811-07.jpg,"[[' 1867 MHz', ' 7680 x 4320', ' 3 x DisplayPort 2.1', ' 1 x HDMI 2.1', 'RX7900XTX 24G-W/OC']]"
9SIAFVFJXK5270,Zotac Gaming Geforce RTX 4070 Amp Airo Spider-man: Across the Spider-Verse Bundle   ZT-D40700F-10SMP,ZOTAC,,,739.11,$21.19 Shipping,https://c1.neweggimages.com/ProductImageCompressAll300/14-500-556-03.jpg,"[[' 7680 x 4320', ' 3 x DisplayPort 1.4a', ' 1 x HDMI', ' 307.7mm x 125.2mm x 58.5mm / 12.1"" x 4.9"" x 2.3""', 'ZT-D40700F-10SMP']]"
9SIB9XKJHJ1971,"GeForce 210 Graphic Card,1024 MB,DDR3,64 Bits,HDMI,DVI,VGA,589 MHz Core Frequency Desktop Video Card for PC Working,DirectX 10.1, OpenGL 3.3,PCI Express x16,Low Profile",SAPLOS,,,41.39,0,https://c1.neweggimages.com/ProductImageCompressAll300/B9XKS2301130IKATT03.jpg,"[[' 589 MHz', ' 2048 x 1536', ' 1 x DVI', ' 1 x HDMI', 'GT 210 1GB', '9SIB9XKJHJ1971']]"
9SIA4REJX30644,"ASUS ROG Strix GeForce RTX 4090 White Edition Gaming Graphics Card (PCIe 4.0, 24GB GDDR6X, HDMI 2.1a, DisplayPort 1.4a) ROG-STRIX-RTX4090-24G-WHITE",ASUS,,,2699.99,0,https://c1.neweggimages.com/ProductImageCompressAll300/BDCAS23042606QUPP6F.jpg,"[[' With Fan', 'ASUS ROG-STRIX-RTX4090-24G-WHITE']]"
9SIBKMGK0D9345,"ZOTAC GAMING GeForce RTX 2080 Ti AMP MAXX 11GB GDDR6 352-bit Gaming Graphics Card, IceStorm 2.0, Factory Overclock, Freeze Fan Stop, Active Fan Control, PowerBoost, Spectra Lighting, ZT-T20810H-10P",ZOTAC,,,1060.0,0,https://c1.neweggimages.com/ProductImageCompressAll300/14-500-450-V10.jpg,"[[' 3 x DisplayPort 1.4', ' 1 x HDMI 2.0b', ' 11.73"" x 5.24""', ' 2 Slots', 'ZT-T20810H-10P']]"
9SIAXHKJUP4870,"ZOTAC GAMING GeForce RTX 2070 AMP Extreme Core 8GB GDDR6 256-bit Graphics Card, IceStorm 2.0, Active Fan Control, Metal Wraparound Backplate, Spectra RGB LED Lighting (ZT-T20700C-10P)",ZOTAC,3.6,20.0,818.94,0,https://c1.neweggimages.com/ProductImageCompressAll300/14-500-443-V08.jpg,"[[' 4096 x 2160', ' 3 x DisplayPort 1.4', ' 1 x HDMI 2.0b', ' 12.13"" x 4.45""', 'ZT-T20700C-10P']]"
9SIB1PGJRH1095,"EVGA GeForce RTX 3090 Ti FTW3 BLACK GAMING, 24G-P5-4981-KR, 24GB GDDR6X, iCX3 Technology, ARGB LED, Metal Backplate, Includes eLeash",EVGA,,,1925.0,0,https://c1.neweggimages.com/ProductImageCompressAll300/ARUXS2203300GT60F66.jpg,"[['evga 3090ti', '9SIB1PGJRH1095']]"
9SIB1PGJST6354,NVIDIA Tesla T4 -  AI Inferencing GPU  - 16 GB GDDR6  PCIe 3.0 x16 Fanless,"PNY Technologies, Inc.",,,1780.0,0,https://c1.neweggimages.com/ProductImageCompressAll300/APMXS21091906rxl.jpg,[['XRL-61']]
9SIBGFDJPM2479,"ASUS ROG Strix LC NVIDIA GeForce RTX 3090 Ti OC Edition Gaming Graphics Card (PCIe 4.0, 24GB GDDR6X, HDMI 2.1, 240mm Radiator, 600mm Tubing, GPU Tweak) ROG-STRIX-LC-RTX3090TI-O24G-GAMING",ASUS,,,1999.99,$64.00 Shipping,https://c1.neweggimages.com/ProductImageCompressAll300/BGFDS2305120JINKD56.jpg,[['1']]
9SIB1PGJJ92141,Lenovo Tesla V100 Graphic Card - 32 GB HBM2,Lenovo,,,5290.0,0,https://c1.neweggimages.com/ProductImageCompressAll300/A98Y_1_20180911812279507.jpg,"[[' OpenACC OpenCL DirectCompute', ' NVIDIA', ' OpenACC OpenCL DirectCompute', '4X67A12088']]"
9SIBBB1JZZ0503,GIGABYTE AORUS GeForce RTX 4090 MASTER 24GB GDDR6X PCI Express 4.0 x16 ATX Video Card GV-N4090AORUS M-24GD,GIGABYTE,,,2599.99,$49.99 Shipping,https://c1.neweggimages.com/ProductImageCompressAll300/BDCAS2211090KVET7D8.jpg,[['GV-N308TAORUS M-12GD']]
9SIBBB1JEJ6170,MSI Suprim X NVIDIA GeForce RTX 4080 16GB GDDR6X Graphics Card,MSI,,,1788.99,$49.99 Shipping,https://c1.neweggimages.com/ProductImageCompressAll300/A4YUD2212170MW0U7FE.jpg,"[['GEFORCE RTX 4080 16GB SUPRIM X', '9SIBBB1JEJ6170']]"
9SIBMWJJX13461,ASUS GeForce GTX 1650 Overclocked 4GB Dual-fan Edition HDMI DP 1.4 DVI Graphics Card (DUAL-GTX1650-O4G),ASUS,4.8,27.0,170.2,$49.99 Shipping,https://c1.neweggimages.com/ProductImageCompressAll300/14-126-321-V05.jpg,"[[' OC Mode: 1515 MHz\nGaming Mode (Default): 1485 MHz', ' 7680 x 4320', ' 1 x DisplayPort 1.4', ' 1 x DVI-D', 'DUAL-GTX1650-O4G']]"
9SIAUNCK0V7786,MSI Gaming GeForce RTX 4060 8GB GDDR6 PCI Express 4.0 x8 ATX Video Card RTX 4060 GAMING X 8G,MSI,,,378.98,$49.99 Shipping,https://c1.neweggimages.com/ProductImageCompressAll300/14-137-805-01.jpg,"[[' 7680 x 4320', ' 3 x DisplayPort 1.4a', ' 1 x HDMI 2.1a', ' DirectX 12 Ultimate', 'RTX 4060 GAMING X 8G']]"
9SIB33YJUW3036,GTX 750Ti 2G ZOTAC Video Card GeForce GPU GTX 750 Ti 2GB GM107 128Bit GDDR5 Graphics Card Map For nVIDIA GTX750Ti 2GD5,,,,154.4,0,https://c1.neweggimages.com/ProductImageCompressAll300/B1A6D2304180R1Z0L68.jpg,"[['ZZL-RNU-ASD1696363', '9SIB33YJUW3036']]"
9SIB33YJUW3062,ZOTAC GTX 1050 2GD5 GPU Video Card 128Bit GP107 GTX1050 2GB GDDR5 Graphics Cards For NVIDIA Map Geforce GTX 1050 PCI-E,,,,195.89,0,https://c1.neweggimages.com/ProductImageCompressAll300/B1A6D2304180R38IA2B.jpg,"[['ZZL-RNU-ASD1696400', '9SIB33YJUW3062']]"
9SIB33YJUW3066,ZOTAC GTX 960 4GB GPU Video Card GeForce GTX960 4GB Map 128Bit PCI-E Graphics Cards For nVIDIA GTX 960 GM206 4GD5 HDMI,,,,200.28,0,https://c1.neweggimages.com/ProductImageCompressAll300/B1A6D2304180R386SD5.jpg,"[['ZZL-RNU-ASD1696401', '9SIB33YJUW3066']]"
9SIBGW6JK10868,GALAX New GeForce RTX 3060 Ti Metal Master 8GB OC FG GDDR6 Gaming GPU RTX 3060Ti Video Card,,,,399.0,0,https://c1.neweggimages.com/ProductImageCompressAll300/BGVAS2212080GMMOCEB.jpg,"[[' 7680 x 4320', ' 3 x DisplayPort 1.4a', ' 1 x HDMI 2.1', ' 10.7x4.9', '4895147150642']]"
9SIA6ZPJV66757,HPE NVIDIA A16 Graphic Card 64 GB PCI Express 4.0 R8T26C,HPE,,,7058.42,Special Shipping,https://c1.neweggimages.com/ProductImageCompressAll300/A1K6S23050315SSK04D.jpg,[['R8T26C']]
9SIB33YJUW3063,ZOTAC Video Card GPU GTX 960 4GD5 128Bit GDDR5 Graphics Cards GM206 PCI-E For NVIDIA Map GeForce GTX960 4GB Devastators,,,,200.28,0,https://c1.neweggimages.com/ProductImageCompressAll300/B1A6D2304180R389L2C.jpg,"[['ZZL-RNU-ASD1696402', '9SIB33YJUW3063']]"
9SIBBB1JZY3084,GIGABYTE GEFORCE RTX 4080 GV-N4080AORUS M-16GD GDDR6X  HDMI  PCI-E 4.0 x 16,GIGABYTE,,,1872.99,$49.99 Shipping,https://c1.neweggimages.com/ProductImageCompressAll300/V296S2211288KlWe.jpg,[['1. GV-N4080AORUS M-16GD']]
9SIB1PGJPF7511,ASUS ROG STRIX RTX™ 3090 O24G OC GAMING,ASUS,,,1699.0,0,https://c1.neweggimages.com/ProductImageCompressAll300/B2K2S21120714007S77.jpg,[['0013']]
9SIAXHKJUP4818,"ZOTAC GeForce GTX 980 Ti 6GB, ZT-90501-10P",ZOTAC,4.2,9.0,608.94,0,https://c1.neweggimages.com/ProductImageCompressAll300/14-500-376-09.jpg,"[[' 1000 MHz', ' 2560 x 1600 (DL-DVI)', ' 3 x DisplayPort 1.2 (4k @ 60 Hz)', ' 1 x Dual-link DVI (2560 x 1600)', 'ZT-90501-10P']]"
9SIA4REJTE8113,Gigabyte GeForce RTX4080 16GB XTREME WATERFORCE GDDR6X GV-N4080AORUSX W-16GD,GIGABYTE,,,2309.97,0,https://c1.neweggimages.com/ProductImageCompressAll300/V296S221129bWzWk.jpg,[['1.GV-N4080AORUSX W-16GD']]
9SIB33YJUW3046,ZOTAC Video Card GeForce GTX750-1GD5 1GB 128Bit GDDR5 Graphics Cards for nVIDIA Map GTX 750 1GD5 Devastators HA Hdmi,,,,138.14,0,https://c1.neweggimages.com/ProductImageCompressAll300/B1A6D2304180R1GW3C7.jpg,"[['ZZL-RNU-ASD1696353', '9SIB33YJUW3046']]"
9SIB33YJUW3037,ZOTAC Video Card GeForce GTX950-2GD5 128Bit GDDR5 Graphics Cards for nVIDIA Map GTX 950 2G Devastators Hdmi Dvi,,,,160.66,0,https://c1.neweggimages.com/ProductImageCompressAll300/B1A6D2304180R24A71C.jpg,"[['ZZL-RNU-ASD1696374', '9SIB33YJUW3037']]"
9SIB33YJUW3025,ZOTAC Video Card GeForce GTX 650-1GD5 GDDR5 Graphics Cards for nVIDIA Map GTX650 1GB Devastators TSI HA 1GD5 Hdmi Dvi,,,,120.43,0,https://c1.neweggimages.com/ProductImageCompressAll300/B1A6D2304180R07DH05.jpg,"[['ZZL-RNU-ASD1696339', '9SIB33YJUW3025']]"
9SIADDTJD47184,"EVGA GeForce GT 1030 SC, 02G-P4-6332-KR, 2GB GDDR5, Passive, Low Profile",EVGA,4.1,17.0,124.27,0,https://c1.neweggimages.com/ProductImageCompressAll300/14-487-358-V01.jpg,"[[' 1290 MHz', ' 3840 x 2160', ' 1 x DVI-D', ' 1 x HDMI 2.0b', '02G-P4-6332-KR']]"
9SIADDTJY42461,"EVGA GeForce RTX 2060 XC BLACK GAMING, 6GB GDDR6, HDB Fan Graphics Card 06G-P4-2061-KR",EVGA,4.6,14.0,421.85,0,https://c1.neweggimages.com/ProductImageCompressAll300/14-487-425-V27.jpg,"[[' 7680 x 4320', ' 1 x DisplayPort 1.4', ' 1 x Dual-Link DVI-D', ' 1 x HDMI 2.0b', '06G-P4-2061-KR']]"
9SIAXHKJUP4763,"ZOTAC GeForce GTX 1080 AMP! Extreme, ZT-P10800B-10P, 8GB GDDR5X IceStorm Cooling, Metal Wraparound Carbon ExoArmor exterior, Dual-blade EKO Fan, Spectra Lighting, PowerBoost, FREEZE fan stop",ZOTAC,4.4,45.0,619.94,0,https://c1.neweggimages.com/ProductImageCompressAll300/14-500-399-S99.jpg,"[[' 1771 MHz', ' 3 x DisplayPort 1.4', ' 1 x DL-DVI', ' 1 x HDMI 2.0b', 'ZT-P10800B-10P']]"
9SIAXHKJUP4733,ZOTAC GeForce GTX 1080 Ti 11GB GDDR5X PCI Express 3.0 SLI Support Video Card ZT-P10810G-10P,ZOTAC,4.6,8.0,818.94,0,https://c1.neweggimages.com/ProductImageCompressAll300/14-500-427-V05.jpg,"[[' 1506 MHz', ' 3 x DisplayPort 1.4', ' 1 x DL-DVI-D', ' 1 x HDMI 2.0b', 'ZT-P10810G-10P']]"
9SIB1PGJGM7846,NVIDIA Tesla T4 Graphic Card - 16 GB GDDR6 - Full-height - PC,NVIDIA,,,1780.0,0,https://c1.neweggimages.com/ProductImageCompressAll300/AWFGD21111407JPEVE2.jpg,[['shoudong9']]
9SIB1PGG1Y2843,AMD FirePro V7900 2G HF Dell 100-505693 Graphic Card,AMD,5,1.0,198.0,0,https://c1.neweggimages.com/ProductImageCompressAll300/ADA5_131411768170786638mmv1a4EzRw.jpg,"[[' 725 MHz', ' 2560 x 1600 @60Hz', ' 4 x DisplayPort', ' 4 x HDMI', '100-505693']]"
9SIBMWJJWP4549,ASUS TUF Gaming GeForce RTX 2060 OC Edition 6GB GDDR6 VR Ready HDMI 2.0b DP 1.4 Auto Extreme Graphics Card (TUF-RTX2060-O6G-GAMING),ASUS,4.2,21.0,294.6,$49.99 Shipping,https://c1.neweggimages.com/ProductImageCompressAll300/14-126-311-V01.jpg,"[[' 1395 MHz (OC mode)\n1365 MHz (Gaming mode)', ' 7680 x 4320', ' 1 x DisplayPort 1.4', ' 1 x DL-DVI-D', 'TUF-RTX2060-O6G-GAMI']]"
9SIBMWJJXW1488,GIGABYTE AORUS GeForce RTX 3080 XTREME 10GB GDDR6X PCI Express 4.0 ATX Video Card GV-N3080AORUS X-10GD (rev. 2.0) (LHR),GIGABYTE,3.5,44.0,979.98,$49.99 Shipping,https://c1.neweggimages.com/ProductImageCompressAll300/14-932-457-V01.jpg,"[[' 7680 x 4320', ' 3 x DisplayPort 1.4a', ' 2 x HDMI 2.1, 1 x HDMI 2.0 (The middle HDMI output supports up to HDMI 2.0)', ' 12.56"" x 5.51""', 'GV-N3080AORUS X-10GD']]"
9SIBBN9JKC4302,"GIGABYTE AORUS GeForce RTX 3080 XTREME WATERFORCE WB 10G (rev. 2.0) Graphics Card, WATERFORCE Water Block Cooling System, 10GB 320-bit GDDR6X, GV-N3080AORUSX WB-10GD Rev2.0 Video Card (LHR)",GIGABYTE,3.8,18.0,1699.41,0,https://c1.neweggimages.com/ProductImageCompressAll300/14-932-477-V06.jpg,"[[' 1845 MHz', ' 7680 x 4320', ' 3 x DisplayPort 1.4a', ' 2 x HDMI 2.1, 1 x HDMI 2.0 (The middle HDMI output supports up to HDMI 2.0)', 'GV-N3080AORUSX WB-10GD REV2.0']]"
9SIAYTVJMD0913,"ZOTAC GeForce RTX 4070Ti-12GB X-Gaming OC, 12G 192-bit GDDR6X, PCI Express x16 4.0, 3*DP1.4a, HDMI 2.1 Video Game Graphic Card",ZOTAC,,,1149.8,$49.99 Shipping,https://c1.neweggimages.com/ProductImageCompressAll300/A4RES2302130CHDEU0B.jpg,"[[' 7680 x 4320', ' 3 x DisplayPort 1.4a', ' 1 x HDMI 2.1', ' 3 Slots', 'RTX 4070Ti-12GB X-Gaming OC']]"
9SIA4A0HZG3634,Dell Radeon HD 8490 Single Fan 1GB GDDR3 7W12P Video Graphic Card GPU - OEM,DELL,,,30.19,0,https://c1.neweggimages.com/ProductImageCompressAll300/ADFRD210616MNCJ4.jpg,"[[' AMD', '7W12P-R', '9SIA4A0HZG3634']]"
9SIAD7HJSR3506,ASUS ROG NVIDIA GeForce RTX 4080 16GB GDDR6X Graphics Card,ASUS,,,1742.99,0,https://c1.neweggimages.com/ProductImageCompressAll300/A4YUD2212190N8NGY4E.jpg,[['90YV0IC0-M0NA00']]
9SIAPRHK089634,MSI Radeon RX 550 4GB GDDR5 PCI Express x16 (Uses x8) Video Card RX 550 AERO ITX 4G OC,MSI,4.1,7.0,124.99,0,https://c1.neweggimages.com/ProductImageCompressAll300/14-137-136-V01.jpg,"[[' 1 x DisplayPort 1.4', ' 1 x DL-DVI-D', ' 1 x HDMI 2.0', ' 6.10"" x 4.41""', 'RX 550 AERO ITX 4G O', '9SIAPRHK089634']]"
9SIBBB1JZZ0537,Gigabyte GeForce RTX 4090 24GB GDDR6X PCI-E Video Card HDMI GV-N4090WF3-24GD,GIGABYTE,,,2319.99,$49.99 Shipping,https://c1.neweggimages.com/ProductImageCompressAll300/V296S221128QnHSt.jpg,[['1.GV-N4090WF3-24GD']]
9SIBBB1JZZ0515,Gigabyte video card  GeForce RTX 4090 GV-N4090AORUSX W-24GD GDDR6X,GIGABYTE,,,2599.99,$49.99 Shipping,https://c1.neweggimages.com/ProductImageCompressAll300/V296S221201dkJcw.jpg,[['1. GV-N4090AORUSX W-24GD']]
9SIB86XJMF5249,51RISC GTX1660Ti 6GB Graphics Card GDDR6 192Bit PCI Express 3.0x16 1750MHz 1536units gtx1660ti Gaming 6G Video Card GPU,51Risc,,,189.0,0,https://c1.neweggimages.com/ProductImageCompressAll300/B86XS23061406S7U780.jpg,"[[' 1750 MHz', ' 7680 x 4320', ' 1 x DisplayPort', ' 1 x DVI', 'HTMGTX1660Ti6GB', '9SIB86XJMF5249']]"
9SIB86XJRZ1941,51RISC GeForce RTX 2070 SUPER 8GB GDDR6 PCI Express 3.0 x16 SLI Support Video Card RTX 2070 Super GAMING Card,51Risc,,,309.0,0,https://c1.neweggimages.com/ProductImageCompressAll300/B86XS2304120PUMC20C.jpg,"[[' NVIDIA', ' NVIDIA GeForce RTX 20 Series', ' Turing', ' 1815 MHz', 'PLRTX2070S8GB', '9SIB86XJRZ1941']]"
9SIAGBAJT50398,"GIGABYTE Radeon RX 6600 XT GAMING OC 8G Graphics Card, WINDFORCE 3X Cooling System, 8GB 128-bit GDDR6, GV-R66XTGAMING OC-8GD Video Card",GIGABYTE,4.3,27.0,645.9,0,https://c1.neweggimages.com/ProductImageCompressAll300/14-932-474-V11.jpg,"[[' 7680 x 4320', ' 2 x DisplayPort 1.4a', ' 2 x HDMI 2.1', ' 11.10"" x 4.53""', 'GV-R66XTGAMING OC-8G']]"
9SIA1K6JR68431,PNY NVIDIA Quadro RTX A6000 48GB GDDR6 Graphics Card,"PNY Technologies, Inc.",,,5239.75,0,https://c1.neweggimages.com/ProductImageCompressAll300/A4YUD210429XQU2W.jpg,[['VCNRTXA6000-PB']]
9SIAXHKJUP4779,"ZOTAC GeForce GTX 1070 AMP! Edition, ZT-P10700C-10P, 8GB GDDR5 IceStorm Cooling, Metal Wraparound Carbon ExoArmor exterior, Ultra-wide 100mm Fans, Spectra Lighting, PowerBoost, FREEZE fan stop",ZOTAC,4.4,57.0,598.94,0,https://c1.neweggimages.com/ProductImageCompressAll300/14-500-400-S99.jpg,"[[' 1607 MHz', ' 3 x DisplayPort 1.4', ' 1 x DL-DVI', ' 1 x HDMI 2.0b', 'ZT-P10700C-10P']]"
9SIB1PGJFD1928,EVGA GTX 1060 3GB Mini ITX  SHIPS FROM USA,NVIDIA,,,389.0,0,https://c1.neweggimages.com/ProductImageCompressAll300/A4RRS210626f0RQH.jpg,"[[' Single Fan', 'GTX 10603gb Mini USA']]"
9SIB1PGJNB4179,"EVGA GeForce RTX 3090 XC3 ULTRA HYBRID GAMING, 24G-P5-3978-KR, 24GB GDDR6X, ARGB LED, Metal Backplate",EVGA,,,2150.0,0,https://c1.neweggimages.com/ProductImageCompressAll300/AKRFS2202240LUZU44B.jpg,"[['24G-P5-3978-KR', '9SIB1PGJNB4179']]"
9SIBKMGK0D9152,Lenovo NVIDIA Tesla T4 Graphic Card 16 GB Passive Cooler PC 4X67A14926,Lenovo,,,1762.0,0,https://c1.neweggimages.com/ProductImageCompressAll300/A6ZPD22101918VGSWE7.jpg,"[[' Single Slot', ' DirectX 12 Ultimate', ' NVIDIA', ' 1590 MHz', '4X67A14926']]"
9SIA4REJSW0384,"ZOTAC GeForce RTX 2060 Super-8GD6 Destroyer HA,8G 256-Bit GDDR 6 Graphics Card,PCI Express 3.0,Display interface 1*DP,1*HDMI,1*DVI-D",ZOTAC,,,409.88,0,https://c1.neweggimages.com/ProductImageCompressAll300/A4RES23021407ELROE3.jpg,"[[' 1470 MHz', ' 7680 x 4320', ' 1 x DisplayPort 1.4', ' 1 x DVI', 'RTX 2060 Super-8GD6 Destroyer HA']]"
9SIAH8WJHR2844,MSI GeForce GTX 1660 SUPER DirectX 12 GTX 1660 SUPER GAMING X 6GB 192-Bit GDDR6 PCI Express 3.0 x16 HDCP Ready Video Card,MSI,2,1.0,379.82,0,https://c1.neweggimages.com/ProductImageCompressAll300/14-137-515-S01.jpg,"[[' 7680 x 4320', ' 3 x DisplayPort 1.4', ' 1 x HDMI 2.0b', ' 9.72"" x 5.00""', 'GEFORCE GTX 1660 SUP']]"
9SIB1PGFBW9728,PNY Technologies Quadro P6000 Graphics Card,"PNY Technologies, Inc.",,,1190.0,0,https://c1.neweggimages.com/ProductImageCompressAll300/AE7U_1_201709301757696754.jpg,"[['PNVCQP6000PB', '9SIB1PGFBW9728']]"
9SIAXHKJUP4771,"ZOTAC GeForce GTX 980 Ti 6GB AMP! Extreme, ZT-90505-10P",ZOTAC,4.6,86.0,609.94,0,https://c1.neweggimages.com/ProductImageCompressAll300/14-500-379-15.jpg,"[[' 1253 MHz', ' 4K', ' 3 x DisplayPort 1.2', ' 1 x DL-DVI', 'ZT-90505-10P']]"
9SIB1PGJJE5862,PNY NVIDIA RTX A4500 20GB GDDR6 Professional Graphics Card,"PNY Technologies, Inc.",,,1595.0,0,https://c1.neweggimages.com/ProductImageCompressAll300/A4YUD22052509UKLEB6.jpg,[['VCNRTXA4500-SB']]
9SIAD7HJSR3553,"ZOTAC GAMING GeForce RTX 4090 Trinity DLSS 3 24GB GDDR6X 384-bit 21 Gbps PCIE 4.0 Gaming Graphics Card, IceStorm 3.0 Advanced Cooling, SPECTRA 2.0 RGB Lighting, ZT-D40900D-10P",ZOTAC,,,1892.99,0,https://c1.neweggimages.com/ProductImageCompressAll300/14-500-539-09.jpg,"[[' 3 x DisplayPort 1.4a', ' 1 x HDMI 2.1', ' 3.5-Slot', ' DirectX 12 Ultimate', 'ZT-D40900D-10P', '9SIAD7HJSR3553']]"
9SIAXHKJUP5306,"ZOTAC GeForce GTX 950 2G, ZT-90601-10L",ZOTAC,4.4,11.0,368.94,0,https://c1.neweggimages.com/ProductImageCompressAll300/14-500-385-01.jpg,"[[' 1089 MHz', ' 4K', ' 1 x DisplayPort', ' 2 x DL-DVI', 'ZT-90601-10L']]"
9SIAVH0JT35449,MSI GeForce Ventus NVIDIA RTX 4070 Ti 12GB GDDR6X Graphics Card,MSI,,,1289.0,0,https://c1.neweggimages.com/ProductImageCompressAll300/A4YUD2301300D8NBY08.jpg,"[['V513-001R', '9SIAVH0JT35449']]"
9SIAY2WJZW1632,"EVGA GeForce GTX 1660 XC Black GAMING, 06G-P4-1161-KR, 6GB GDDR5, HDB Fan",EVGA,4.8,17.0,435.8,0,https://c1.neweggimages.com/ProductImageCompressAll300/14-487-437-V07.jpg,"[[' 7680 x 4320', ' 1 x DisplayPort 1.4', ' 1 x Dual-Link DVI-D', ' 1 x HDMI 2.0b', '06G-P4-1161-KR']]"
9SIAFVFJTB9733,"ZOTAC GAMING GeForce RTX 4070 Twin Edge DLSS 3 12GB GDDR6X 192-bit 21 Gbps PCIE 4.0 Compact Gaming Graphics Card, IceStorm 2.0 Advanced Cooling, SPECTRA RGB Lighting, ZT-D40700E-10M",ZOTAC,5,2.0,641.44,$21.19 Shipping,https://c1.neweggimages.com/ProductImageCompressAll300/14-500-550-V01.jpg,"[[' 7680 x 4320', ' 3 x DisplayPort 1.4a', ' 1 x HDMI 2.1a', ' 2.2 Slots', 'ZT-D40700E-10M']]"
9SIBGFDJSV0339,MSI Gaming Radeon RX 6800 16GB GDDR6 PCI Express 4.0 CrossFireX Support Video Card RX 6800 GAMING X TRIO 16G,MSI,4.1,29.0,599.99,$46.00 Shipping,https://c1.neweggimages.com/ProductImageCompressAll300/14-137-622-01.jpg,"[[' 1775 MHz', ' 7680 x 4320', ' 3 x DisplayPort 1.4a', ' 1 x HDMI 2.1', 'RX6800GAMINGXTRIO16G']]"
9SIA4REJT74152,"CORN GeForce GTX 1660 SUPER 6G Graphics Card, 6GB 192-bit GDDR6, Support PCI Express 3.0, 1 x HDMI, 1 x DisplayPort, 1 x DVI",Corn Electronics,5,2.0,149.99,0,https://c1.neweggimages.com/ProductImageCompressAll300/A4RES2303010EMGB405.jpg,"[[' 1530 MHz', ' 1 x DisplayPort 1.4', ' 1 x DVI', ' 1 x HDMI 2.0b', 'GeForce GTX 1660 SUPER', '9SIA4REJT74152']]"
9SIB86XJYU1052,51RISC RTX2060Super 8GB Graphics Card GDDR6 256Bit PCI Express 3.0x16 1470MHz 2176units GPU Gaming 8G Video Card,51Risc,,,219.0,0,https://c1.neweggimages.com/ProductImageCompressAll300/B86XS2306130MGA42B8.jpg,"[[' 4096 x 2160', ' 1 x DisplayPort 1.4', ' 1 x DVI', ' 1 x HDMI 2.0b', 'HTM2060Super8GBRED', '9SIB86XJYU1052']]"
9SIB86XJYU0800,51RISC GeForce GT 1030 2GB GDDR5 PCI Express 3.0 x16 Video Card GPU Gaming card 51-GT10302GD5,51Risc,,,75.0,0,https://c1.neweggimages.com/ProductImageCompressAll300/B86XS2306130LYWHF26.jpg,"[[' 1290 MHz', ' 1 x DVI', ' 1 x HDMI', ' NVIDIA', 'HTMGT10302GD5', '9SIB86XJYU0800']]"
9SIAVXDJNS4653,Mllse 100% RTX2060Super 8GB Graphics Card GDDR6 256Bit PCI Express 3.0x16 1470MHz 2176units rtx 2060 super Gaming 8G Video Card,Mllse,4.6,7.0,229.0,$8.37 Shipping,https://c1.neweggimages.com/ProductImageCompressAll300/AVXDS2303030C332MD4.jpg,"[['rtx2060super-black', '9SIAVXDJNS4653']]"
9SIAXHKJUP4949,"ZOTAC GAMING GeForce RTX 2080 Twin Fan 8GB GDDR6 256-bit Gaming Graphics Card, IceStorm 2.0 Cooling, Active Fan Control, Metal Backplate, Spectra Lighting, ZT-T20800G-10P",ZOTAC,4,3.0,1064.94,0,https://c1.neweggimages.com/ProductImageCompressAll300/14-500-459-V09.jpg,"[[' 4096 x 2160', ' 3 x DisplayPort 1.4', ' 1 x HDMI 2.0b', ' 10.55"" x 4.45""', 'ZT-T20800G-10P']]"
9SIAXHKJUP4842,"ZOTAC GeForce GTX 1080 AMP! Edition, ZT-P10800C-10P, 8GB GDDR5X IceStorm Cooling, Metal Wraparound Carbon ExoArmor Exterior, Ultra-wide 100mm Fans, Spectra Lighting, PowerBoost, FREEZE Fan Stop",ZOTAC,4.1,38.0,619.94,0,https://c1.neweggimages.com/ProductImageCompressAll300/14-500-398-S99.jpg,"[[' 1683 MHz', ' 7680 x 4320', ' 3 x DisplayPort 1.4', ' 1 x DL-DVI-D', 'ZT-P10800C-10P']]"
9SIB1PGJFD1951,Nvidia GTX 1060 6GB Mini ITX SHIPS FROM USA,NVIDIA,5,1.0,489.0,0,https://c1.neweggimages.com/ProductImageCompressAll300/A4RRS210626P8VWc.jpg,"[[' Single Fan', 'GTX 1060 6GB mini']]"
9SIAYTVJMD0937,"ZOTAC GeForce RTX 4070Ti-12GB TianQi OC, 12G 192-bit GDDR6X, PCI Express x16 4.0, 3*DP1.4a, HDMI 2.1 Video Game Graphic Card",ZOTAC,,,1229.8,$49.99 Shipping,https://c1.neweggimages.com/ProductImageCompressAll300/A4RES2302130E381SCD.jpg,"[[' 7680 x 4320', ' 3 x DisplayPort 1.4a', ' 1 x HDMI 2.1a', ' 334 x 131 mm', 'RTX 4070Ti-12GB TianQi OC']]"
9SIAXHKJUP5061,"ZOTAC GeForce GTX 950 2G AMP!, ZT-90603-10M",ZOTAC,5,4.0,348.94,0,https://c1.neweggimages.com/ProductImageCompressAll300/14-500-387-01.jpg,"[[' 1203 MHz', ' 4K', ' 1 x DisplayPort', ' 2 x DL-DVI', 'ZT-90603-10M']]"
9SIB1PGFBY2519,QUADRO RTX 5000 GCARD RET SCB SB,"PNY Technologies, Inc.",,,1280.0,0,https://c1.neweggimages.com/ProductImageCompressAll300/3C6-008Y-00004-S01.jpg,"[[' 4 x DisplayPort', ' 10.50"" x 4.40""', ' 265W', 'VCQRTX5000-SB', '9SIB1PGFBY2519']]"
9SIAUNCK0W0006,"ZOTAC GAMING GeForce RTX 3090 Ti AMP Extreme Holo 24GB GDDR6X 384-bit 21 Gbps PCIE 4.0 Gaming Graphics Card, HoloBlack, IceStorm 2.0 Advanced Cooling, SPECTRA 2.0 RGB Lighting, ZT-A30910B-10P",ZOTAC,4.1,7.0,1865.0,$49.99 Shipping,https://c1.neweggimages.com/ProductImageCompressAll300/14-500-533-01.jpg,"[[' 7680 x 4320', ' 3 x DisplayPort 1.4a', ' 1 x HDMI 2.1', ' 14.00"" x 5.90""', 'ZT-A30910B-10P']]"
9SIARPHJNC3105,MSI GeForce RTX 2070 SUPER 8GB GDDR6 PCI Express 3.0 x16 SLI Support Video Card RTX 2070 SUPER GAMING TRIO,MSI,4,4.0,542.18,$49.99 Shipping,https://c1.neweggimages.com/ProductImageCompressAll300/14-137-454-Z01.jpg,"[[' 7680 x 4320', ' 3 x DisplayPort 1.4', ' 1 x HDMI 2.0b', ' 12.91"" x 5.51""', '2070SUPERGAMING TRIO']]"
9SIB86XJMF5985,51RISC GTX1660Super 6GB Gaming Video Card GTX1660 6GB Graphics Cards GPU Desktop Computer Gaming 1660Ti 6G Q-Black,51Risc,,,169.0,0,https://c1.neweggimages.com/ProductImageCompressAll300/B86XS230417046KKTC6.jpg,"[[' 1830 MHz', ' 3 x DisplayPort 1.4', ' 1 x HDMI 2.0b', ' NVIDIA', 'QCHGTX1660Super6GB', '9SIB86XJMF5985']]"
9SIA4REJT74079,"CORN GeForce RTX 3060 Ti 8G Graphics Card, 8GB 256-bit GDDR6, Support PCI Express 4.0, 14000MHz Memory Frequency, 1×HDMI 2.1, 3×DisplayPort 1.4a",Corn Electronics,5,1.0,399.99,0,https://c1.neweggimages.com/ProductImageCompressAll300/A4RES2303010DMNZU00.jpg,"[[' 7680 x 4320', ' 3 x DisplayPort 1.4a', ' 1 x HDMI 2.1', ' 235 × 115 mm', 'GeForce RTX 3060 Ti 8G', '9SIA4REJT74079']]"
9SIARPHJT26191,"GIGABYTE GeForce RTX 2080 Super GAMING OC 8G Graphics Card, 3 x WINDFORCE Fans, 8GB 256-Bit GDDR6, GV-N208SGAMING OC-8GC Video Card",GIGABYTE,3.8,13.0,616.18,$49.99 Shipping,https://c1.neweggimages.com/ProductImageCompressAll300/14-932-176-V10.jpg,"[[' 7680 x 4320 @ 60 Hz', ' 3 x DisplayPort 1.4', ' 1 x HDMI 2.0b', ' 11.28"" x 4.51""', 'GV-N208SGAMING OC8GC']]"
9SIB1PGJV81166,PNY GeForce4 MX 420 Graphics Card,"PNY Technologies, Inc.",,,158.0,0,https://c1.neweggimages.com/ProductImageCompressAll300/B1PGS2305051B7TB9B9.jpg,"[[' 166 MHz', ' 2048 x 1536', ' 128-Bit', ' Lifetime', 'VCG4MX42ACA', '9SIB1PGJV81166']]"
9SIAH8WJHR2866,PNY GeForce GT 1030 2GB Graphics Card (VCGGT10302PB-BB),"PNY Technologies, Inc.",,,164.88,0,https://c1.neweggimages.com/ProductImageCompressAll300/1DW-000M-000P6-S02.jpg,"[[' 1227 MHz', ' 1920 x 1200 x 24BPP @ 60HZ\n4096 x 2160 x 24BPP @ 60HZ', ' 1 x DVI', ' 1 x HDMI 2.0b', 'VCGGT10302PB-BB']]"
9SIAPNMJB64952,GIGABYTE GeForce RTX 2060 12GB GDDR6 PCI Express 3.0 ATX Video Card GV-N2060D6-12GD,GIGABYTE,,,349.99,$49.99 Shipping,https://c1.neweggimages.com/ProductImageCompressAll300/AYTVS2210090E56KHB0.jpg,"[[' 1650 MHz', ' 7680 x 4320', ' 3 x DisplayPort 1.4', ' 1 x HDMI 2.0b', 'GV-N2060D6-12GD']]"
9SIBGFDJMK0251,GIGABYTE Eagle GeForce RTX 3080 Ti 12GB GDDR6X PCI Express 4.0 ATX Video Card GV-N308TEAGLE-12GD,GIGABYTE,3.6,57.0,1099.99,$46.00 Shipping,https://c1.neweggimages.com/ProductImageCompressAll300/14-932-439-V05.jpg,"[[' 1665 MHz', ' 7680 x 4320', ' 3 x DisplayPort 1.4a', ' 2 x HDMI 2.1', 'GV-N308TEAGLE-12GD']]"
9SIB1PGJJH9109,NVIDIA TITAN RTX DirectX 12 900-1G150-2500-000 SB 24GB 384-Bit GDDR6 HDCP Ready Video Graphics Card,NVIDIA,,,2150.0,0,https://c1.neweggimages.com/ProductImageCompressAll300/AE8D_132032136632767273qqM3i1XCcX.jpg,[['900-1G150-2500-000.']]
9SIBMWJJVZ8902,"GIGABYTE GeForce RTX 3080 VISION OC 10GB Video Card, GV-N3080VISION OC-10GD",GIGABYTE,4.6,81.0,807.8,$49.99 Shipping,https://c1.neweggimages.com/ProductImageCompressAll300/14-932-337-V04.jpg,"[[' 7680 x 4320 @ 60 Hz', ' 3 x DisplayPort 1.4a', ' 2 x HDMI 2.1', ' 12.60"" x 4.96""', 'GVN3080VISIONOC10GD']]"
9SIAYTVK057260,"ASUS GeForce ATS-RTX 4060 O8G-Gaming Edition 8GB GDDR6 (PCIe 4.0, 8GB GDDR6, DLSS 3, HDMI 2.1, DisplayPort 1.4, 2.5-Slot Design)",ASUS,,,449.9,$49.99 Shipping,https://c1.neweggimages.com/ProductImageCompressAll300/A4RES2306300JRB45B8.jpg,"[[' 7680 x 4320', ' 3 x DisplayPort', ' 1 x HDMI', ' 317 × 136 mm', 'ATS-RTX 4060-O8G-Gaming']]"
9SIA23XK029478,"Biostar OC Gaming Radeon RX 560 4GB GDDR5 128-Bit DirectX 12 PCI Express 3.0 x16, DVI-D Dual Link, HDMI, DisplayPort and Vortex Cooling Fan",Biostar,4.7,3.0,128.88,$14.99 Shipping,https://c1.neweggimages.com/ProductImageCompressAll300/A23X_132094516151957137PR6lIdWkRD.jpg,"[[' 90W', 'VA56C5RF41']]"
9SIAPMXJT97948,"ASUS ROG Strix GeForce RTX 4090 White OC Edition Gaming Graphics Card (PCIe 4.0, 24GB GDDR6X, HDMI 2.1a, DisplayPort 1.4a) ROG-STRIX-RTX4090-O24G-WHITE",ASUS,,,3196.01,0,https://c1.neweggimages.com/ProductImageCompressAll300/BDCAS2303230MCBWV4E.jpg,[['ASUS ROG-STRIX-RTX4090-O24G-WHITE']]
9SIAYTVJZC8339,MAXSUN Nvidia Geforce RTX 4070 Ti iCraft Limited Edition OC 12GB GDDR6X Video Graphics Card GPU For Computer Gaming PC HDMI2.1 PCIE 4.0 X16,MAXSUN,5,4.0,1099.98,$49.99 Shipping,https://c1.neweggimages.com/ProductImageCompressAll300/AXZZS2303240M5R3V4D.jpg,"[[' 2310 MHz', ' 7680 x 4320', ' 3 x DisplayPort 1.4a', ' 1 x HDMI 2.1', 'MS-RTX4070TiICraftOC12GLIMITEDEDITION']]"
9SIA4REJT74509,"CORN GeForce RTX 2060 SUPER 8GB D6 Graphics Card, 8GB 256-bit GDDR6, Support PCI Express 3.0, 1 x HDMI, 3 x DisplayPort",Corn Electronics,5,1.0,269.99,0,https://c1.neweggimages.com/ProductImageCompressAll300/A4RES2303010I8O2CA8.jpg,"[[' 7680 x 4320', ' 3 x DisplayPort', ' 1 x HDMI', ' 2.5 Slots', 'RTX 2060 SUPER 8GB', '9SIA4REJT74509']]"
9SIB86XJN65297,51RISC Radeon RX6600 8GB Graphics Card GPU GDDR6 128-bit 14 Gbps 7nm new video card Support AMD Intel Desktop CPU Motherboard,51Risc,,,259.0,0,https://c1.neweggimages.com/ProductImageCompressAll300/B86XS2304150J3BN287.jpg,"[[' 3 x DisplayPort 1.4', ' 1 x HDMI 2.1', ' AMD', ' RX6600 Series', 'HTMRX66008GBYS', '9SIB86XJN65297']]"
9SIBBAEJFX3918,Sapphire Pulse AMD Radeon RX 6600 Gaming 8GB GDDR6 HDMI / DP LITE EDITION Video Card 11310-04-20G,Sapphire Tech,4.6,45.0,280.99,$8.34 Shipping,https://c1.neweggimages.com/ProductImageCompressAll300/14-202-415-V01.jpg,"[[' 7680 x 4320', ' 1 x DisplayPort 1.4', ' 1 x HDMI 2.1', ' 7.60"" x 4.73""', '11310-04-20G']]"
9SIARPHJNC3096,MSI GeForce RTX 2070 SUPER 8GB GDDR6 PCI Express 3.0 x16 SLI Support Video Card RTX 2070 SUPER VENTUS GP OC,MSI,4.2,72.0,507.18,$49.99 Shipping,https://c1.neweggimages.com/ProductImageCompressAll300/14-137-528-V01.jpg,"[[' 1605 MHz', ' 7680 x 4320', ' 3 x DisplayPort 1.4', ' 1 x HDMI 2.0b', 'RTX2070S VENTUS GPOC']]"
9SIAZ6ZJVU1079,Graphics Card RTX 3060Ti 8GB game GDDR6 256bit  GPU 8Pin HDMI*1 DP*3 PCI Express 4.0 x16 rtx3060ti 8gb Video card,,,,419.99,0,https://c1.neweggimages.com/ProductImageCompressAll300/AZ6ZS2305260DQ1TI46.jpg,"[[' 1410 MHz', ' 4096 x 2160', ' 3 x DisplayPort', ' 1 x HDMI', 'SMD-RTX 3060Ti 8GB', '9SIAZ6ZJVU1079']]"
9SIARPHJVG4565,"GIGABYTE AORUS GeForce RTX 3060 Ti ELITE 8G Graphics Card, 3 x WINDFORCE Fans, 8GB 256-bit GDDR6, GV-N306TAORUS E-8GD Video Card",GIGABYTE,,,468.99,$49.99 Shipping,https://c1.neweggimages.com/ProductImageCompressAll300/14-932-419-V01.jpg,"[[' 1785 MHz', ' 7680 x 4320', ' 2 x DisplayPort 1.4a', ' 2 x HDMI 2.1', 'GV-N306TAORUS E-8GD']]"
9SIA4REH890322,"MSI GeForce RTX 3070 Ti GAMING X TRIO 8G (LHR) Graphics Card, 8GB 256-bit GDDR6X, PCI Express 4.0, 1×HDMI Interface, 3×DisplayPort Interface",MSI,,,947.14,0,https://c1.neweggimages.com/ProductImageCompressAll300/A4RES2112160DHVJN7C.jpg,"[[' 7680 x 4320', ' 3 x DisplayPort 1.4a', ' 1 x HDMI 2.1', ' 12.72"" x 5.51""', 'MSI RTX 3070 Ti GAMING X TRIO 8G LHR']]"
9SIB9XKJ982766,"Radeon RX 580 Graphic Cards,2048SP,8GB,256 Bit,GDDR5,3X DisplayPort,HDMI,DVI-D Outport,Desktop Video Card for PC,PCI Express 3.0 with Dual Fan for Computer Gaming and Office GPU,Support 4K,DirectX 12",SAPLOS,,,159.99,0,https://c1.neweggimages.com/ProductImageCompressAll300/B9XKS2302070DJ1O455.jpg,"[[' 1284 MHz', ' 3 x DisplayPort', ' 1 x DVI', ' 1 x HDMI', 'RX 560D', '9SIB9XKJ982766']]"
9SIAXZZJWA3491,MAXSUN Geforce RTX 4080 iCraft OC 16G GDDR6X Computer Graphics Card for Gaming PC Doodles RGB Backplate HDMI2.1 PCIE 4.0 X16 GPU,MAXSUN,,,1299.99,0,https://c1.neweggimages.com/ProductImageCompressAll300/AXZZS2305310LQ2IW45.jpg,"[[' 2210 MHz', ' 7680 x 4320', ' 3 x DisplayPort 1.4a', ' 1 x HDMI 2.1', 'MS-RTX4080 iCraft OC16G']]"
9SIB0U7JXP0403,EVGA 6 GeForce 6200 512MB DDR2 PCI 2.1 Video Card 512-P1-N402-LR,EVGA,4.1,51.0,216.53,0,https://c1.neweggimages.com/ProductImageCompressAll300/14-130-477-12.jpg,"[[' 300 MHz', ' 2048x1536 Max Analog\r\n1920x1200 Max Digital', ' 1 x DVI', ' DirectX 9', '512-P1-N402-LR']]"
9SIARPHJTB7886,MSI Gaming GeForce RTX 3080 10GB GDDR6X PCI Express 4.0 ATX Video Card RTX 3080 GAMING Z TRIO 10G,MSI,4.7,3.0,809.13,$49.99 Shipping,https://c1.neweggimages.com/ProductImageCompressAll300/14-137-652-08.jpg,"[[' 7680 x 4320', ' 3 x DisplayPort 1.4a', ' 1 x HDMI 2.1', ' 12.72"" x 5.51""', '3080GAMINGZTRIO10G']]"
9SIB1PGJPK4850,GIGABYTE AORUS GeForce RTX 3080 Ti 12GB GDDR6X PCI Express 4.0 ATX Video Card GV-N308TAORUS X-12GD,GIGABYTE,4.2,12.0,1380.0,0,https://c1.neweggimages.com/ProductImageCompressAll300/14-932-440-V03.jpg,"[[' 7680 x 4320', ' 3 x DisplayPort 1.4a', ' 2 x HDMI 2.1\n1 x HDMI 2.0 (The middle HDMI output supports up to HDMI 2.0)', ' 12.56"" x 5.51""', 'GV-N308TAORUS X-12GD']]"
9SIAYTVFUE7342,GIGABYTE Eagle GeForce RTX 3060 12GB GDDR6 PCI Express 4.0 ATX Video Card GV-N3060EAGLE-12GD (rev. 2.0) (LHR),GIGABYTE,,,399.99,$49.99 Shipping,https://c1.neweggimages.com/ProductImageCompressAll300/14-932-464-V05.jpg,"[[' 1777 MHz', ' 7680 x 4320', ' 2 x DisplayPort 1.4a', ' 2 x HDMI 2.1', 'GV-N3060EAGLE-12GD']]"
9SIBKMGK0D9305,"ZOTAC GAMING GeForce RTX 2080 Ti Triple Fan 11GB GDDR6 352-bit Gaming Graphics Card, Active Fan Control, Metal Backplate, Spectra Lighting (ZT-T20810F-10P)",ZOTAC,3.3,3.0,1060.0,0,https://c1.neweggimages.com/ProductImageCompressAll300/14-500-434-V09.jpg,"[[' 3 x DisplayPort 1.4', ' 1 x HDMI 2.0b', ' 12.13"" x 4.45""', ' 2.5 slots', 'ZT-T20810F-10P']]"
9SIB1PGFBX3684,PNY Technologies Quadro M5000 Graphics Card,"PNY Technologies, Inc.",,,395.0,0,https://c1.neweggimages.com/ProductImageCompressAll300/AE7U_1_201709301038519411.jpg,"[['PNVCQM5000', '9SIB1PGFBX3684']]"
9SIA23XGUF6312,"Biostar Gaming Radeon RX 550 4GB GDDR5 128-Bit DirectX 12 PCI Express 3.0 DVI-D Dual Link, HDMI, DisplayPort",Biostar,3.8,10.0,98.88,$14.99 Shipping,https://c1.neweggimages.com/ProductImageCompressAll300/A23XS200801BLzc1.jpg,"[[' 1183 MHz', ' 1 x DisplayPort 1.4a', ' 1 x DVI', ' 1 x HDMI', 'VA5515RF41-TBMRA-BS2']]"
9SIAXZZJT47568,MAXSUN GeForce RTX 2060 Super iCraft 8G GDDR6 Gaming Video Graphics Card HDMI2.1 RGB Desktop GPU,MAXSUN,5,1.0,288.99,0,https://c1.neweggimages.com/ProductImageCompressAll300/AXZZS2302270668FLDE.jpg,"[[' 1470 MHz', ' 7680 x 4320', ' 1 x DisplayPort 1.4', ' 1 x DVI', 'MS-GeForce RTX2060 Super iCraft 8G', '9SIAXZZJT47568']]"
9SIAXZZJH96189,MAXSUN GeForce RTX 3070 iCraft OC 8G Limited Version 256-Bit PCI Express X16 4.0 HDMI 2.1 GDDR6 Video Gaming Graphics Cards,MAXSUN,4.7,3.0,529.99,0,https://c1.neweggimages.com/ProductImageCompressAll300/AXZZS22080507J3J837.jpg,"[[' 1500 MHz', ' 7680 x 4320', ' 3 x DisplayPort 1.4a', ' 1 x HDMI 2.1', 'MS-GeForce RTX3070 iCraft OC 8G limited']]"
9SIAWKTHUJ4587,"ASUS Dual GeForce RTX 2060 Advanced OC EVO Graphics Card 6GB 192-Bit GDDR6 PCIe 3.0 x16 DirectX 12 HDCP Ready Auto-Extreme Technology 1x DVI-D 2X HDMI 2.0b 1x DisplayPort 1.4,(DUAL-RTX2060-O6G-EVO)",ASUS,4.7,3.0,322.99,0,https://c1.neweggimages.com/ProductImageCompressAll300/APBUD210704LKUFE.jpg,[['ZXHD-1']]
9SIBJ34JYW7841,"NVIDIA RTX A6000 - Graphics card - RTX A6000 - 48GB GDDR6 384-bit, Support ECC, DP1.4a*4",NVIDIA,,,5046.41,0,https://c1.neweggimages.com/ProductImageCompressAll300/AYTVS2210100JQ6567F.jpg,[['NVIDIA RTX A6000 48G']]
9SIBG5RJHR3844,"ZOTAC GAMING GeForce RTX 3070 Ti AMP Holo 8GB GDDR6X 256-bit 19 Gbps PCIE 4.0 Gaming Graphics Card, HoloBlack, IceStorm 2.0 Advanced Cooling, SPECTRA 2.0 RGB Lighting, ZT-A30710F-10P",ZOTAC,4.1,16.0,765.0,0,https://c1.neweggimages.com/ProductImageCompressAll300/14-500-517-V02.jpg,"[[' 7680 x 4320', ' 3 x DisplayPort 1.4a', ' 1 x HDMI 2.1', ' 12.50"" x 4.80""', 'ZT-A30710F-10P']]"
9SIB86XJMF6097,51RISC GeForce RTX2060Super 8GB GDDR6 PCIE16 Video card RTX2060 6G for Computer office Components Graphics Cards White-H,51Risc,,,269.0,0,https://c1.neweggimages.com/ProductImageCompressAll300/B86XS2303010L3GPJ7E.jpg,"[[' 3 x DisplayPort 1.4', ' 1 x HDMI 2.0b', ' NVIDIA', ' NVIDIA GeForce RTX 20 Series', 'HTMRTX2060SWhite', '9SIB86XJMF6097']]"
9SIA4REJT73619,"CORN AMD Radeon RX 5700 XT Gaming Graphics Card,8GB 256-Bit GDDR6, PCI Express 4.0 x16,  Output Interface HDMI*1, DisplayPort*3",Corn Electronics,,,236.99,0,https://c1.neweggimages.com/ProductImageCompressAll300/A4RES23030106C5FG3F.jpg,"[[' 1755 MHz', ' 3 x DisplayPort', ' 1 x HDMI', ' 230 × 100 mm', 'AMD Radeon RX 5700 XT', '9SIA4REJT73619']]"
9SIAZ6ZJVT7045,New Graphics Card RTX3070 8GB  GPU 12Pin GDDR6 256bit RTX 3070 8G PCI-E 4.0 x16 rtx3070 8gb Gaming Video card,,,,499.99,0,https://c1.neweggimages.com/ProductImageCompressAll300/AZ6ZS230525042YIV2E.jpg,"[['SMD-RTX3070 8GB', '9SIAZ6ZJVT7045']]"
9SIAZ6ZJVT7006,GTX1660 super 6gb gaming Graphics card  gtx 1660 super 6gb Video gtx1660S 1660S graphics card gpu GTX 1660s gaming,,,,179.99,0,https://c1.neweggimages.com/ProductImageCompressAll300/AZ6ZS23052504EXCG9E.jpg,"[['SMD-GTX1660S', '9SIAZ6ZJVT7006']]"
9SIA4REJT74586,"CORN GeForce RTX 3070 8G D6 Graphics Card, 8GB 256-bit GDDR6, Support PCI Express 4.0, 1 x HDMI, 3 x DisplayPort",Corn Electronics,,,479.99,0,https://c1.neweggimages.com/ProductImageCompressAll300/A4RES2303010J7XG68A.jpg,"[[' 1500 MHz', ' 7680 x 4320', ' 3 x DisplayPort', ' 1 x HDMI', 'GeForce RTX 3070 8G', '9SIA4REJT74586']]"
9SIB86XJCC5769,51RISC RX6600M 8GB Graphics Card GPU GDDR6 128-bit 14 Gbps 7nm new video card Support Desktop CPU placa de video RX6600,51Risc,,,239.0,0,https://c1.neweggimages.com/ProductImageCompressAll300/B86XS230417043Q332D.jpg,"[[' Double Fans', 'PLRX6600M8GB', '9SIB86XJCC5769']]"
9SIBMWJJX67681,ASUS ROG STRIX GeForce RTX 2080 8G GDDR6 HDMI DP 1.4 USB Type-C Gaming Graphics Card (ROG-STRIX-RTX2080-A8G-GAMING),ASUS,4.7,9.0,581.19,$49.99 Shipping,https://c1.neweggimages.com/ProductImageCompressAll300/14-126-276-V50.jpg,"[[' 1515 MHz', ' 7680 x 4320', ' 2 x DisplayPort 1.4', ' 2 x HDMI 2.0b', 'RTX2080-A8G-GAMING']]"
9SIA4REJT81686,"CORN Radeon RX 580 8G D5 Single Fan Graphics Card, 8GB 256-bit GDDR5, Support PCI Express 3.0, 1206 MHz Core Frequency and 6000MHz Memory Frequency, 1×HDMI",Corn Electronics,,,89.44,0,https://c1.neweggimages.com/ProductImageCompressAll300/A4RES2303280I0LTKBB.jpg,"[['RX 580 8G D5 Single Fan', '9SIA4REJT81686']]"
9SIBMWJJVZ9076,"GIGABYTE GeForce RTX 3080 EAGLE 10GB Video Card, GV-N3080EAGLE-10GD",GIGABYTE,5,3.0,754.99,$49.99 Shipping,https://c1.neweggimages.com/ProductImageCompressAll300/14-932-367-01.jpg,"[[' 1710 MHz', ' 7680 x 4320 @ 60 Hz', ' 3 x DisplayPort 1.4a', ' 2 x HDMI 2.1', 'GV-N3080EAGLE-10GD']]"
9SIAVXDJNP9166,MLLSE New Graphics Card AMD RX580 8GB Gaming GDDR5 256Bit 8Pin PCI-E 3.0 ×16 Radeon GPU Computer Mining ETH hashrate 28-30mh/s DVI-I HDMI 1.4 x 1 DisplayPort x 1,Mllse,3.8,17.0,109.99,0,https://c1.neweggimages.com/ProductImageCompressAll300/AVXDS2210270412OC9D.jpg,"[['580-DV1HDMI1DP1', '9SIAVXDJNP9166']]"
9SIBMWJJX67761,GIGABYTE GeForce RTX 2080 Ti 11GB GDDR6 PCI Express 3.0 x16 SLI Support ATX Video Card GV-N208TTURBO OC-11GC V2,GIGABYTE,4,1.0,626.2,$49.99 Shipping,https://c1.neweggimages.com/ProductImageCompressAll300/14-932-296-V10.jpg,"[[' 1620 MHz', ' 7680 x 4320 @ 60 Hz', ' 3 x DisplayPort 1.4', ' 1 x HDMI 2.0b', 'GVN208TTURBOOC11GCV2']]"
9SIARPHJUW5345,ASUS ROG Strix GeForce RTX 2070 8GB GDDR6 PCI Express 3.0 Video Card ROG-STRIX-RTX2070-A8G-GAMING,ASUS,4.8,8.0,490.19,$49.99 Shipping,https://c1.neweggimages.com/ProductImageCompressAll300/14-126-275-V50.jpg,"[[' 1410 MHz', ' 7680 x 4320', ' 2 x DisplayPort 1.4', ' 2 x HDMI 2.0b', 'RTX2070-A8G-GAMING']]"
9SIAXHKJUP4812,"ZOTAC GeForce GTX 1070 Mini, ZT-P10700G-10M, 8GB GDDR5",ZOTAC,4.4,60.0,598.94,0,https://c1.neweggimages.com/ProductImageCompressAll300/14-500-408-S99.jpg,"[[' 1518 MHz', ' 3 x DisplayPort 1.4', ' 1 x DL-DVI-D', ' 1 x HDMI 2.0b', 'ZT-P10700G-10M']]"
9SIBBN9JMU9008,"ASUS Dual NVIDIA GeForce RTX 3060 Ti White Edition Graphics Card (PCIe 4.0, 8GB GDDR6X memory, HDMI 2.1, DisplayPort 1.4a, 2-slot design, Axial-tech fan design, 0dB technology)",ASUS,,,479.79,0,https://c1.neweggimages.com/ProductImageCompressAll300/14-126-615-21.jpg,"[[' 1410 MHz', ' 7680 x 4320', ' 3 x DisplayPort 1.4a', ' 1 x HDMI 2.1', 'DUAL-RTX3060TI-8GD6X-WHITE']]"
9SIA7ABJZT8185,PNY NVIDIA RTX 6000 Ada Graphic Card - 48 GB GDDR6 - 384 bit Bus Width - PCI Express 4.0 x16 - DisplayPort,"PNY Technologies, Inc.",,,7985.8,Special Shipping,https://c1.neweggimages.com/ProductImageCompressAll300/A1K6S230616001QBN28.jpg,[['VCNRTX6000ADA-PB']]
9SIB1PGJWZ3911,ASRock Challenger Pro Radeon RX 5600 XT 6GB GDDR6 PCI Express 4.0 x16 Video Card RX5600XT CLP 6GO,ASRock,4.5,71.0,1154.0,0,https://c1.neweggimages.com/ProductImageCompressAll300/14-930-043-V01.jpg,"[[' 1420 MHz', ' 8K HDR 60Hz', ' 3 x DisplayPort 1.4', ' 1 x HDMI 2.0b', 'RX5600XT CLP 6GO']]"
9SIAPNMGEW2721,"GIGABYTE GeForce GTX 1660 6G Graphics Card, 2 x WINDFORCE Fans, 6GB 192-Bit GDDR5, GV-N1660D5-6GD Video Card",GIGABYTE,,,250.0,$49.99 Shipping,https://c1.neweggimages.com/ProductImageCompressAll300/APNMS211105zUvtI.jpg,[['GV-N1660D5-6GD-S1']]
9SIB1PGFBX9242,"EVGA GeForce RTX 2070 SUPER BLACK GAMING, 08G-P4-3071-KR, 8GB GDDR6",EVGA,4.3,155.0,675.0,0,https://c1.neweggimages.com/ProductImageCompressAll300/14-487-456-05.jpg,"[[' 7680 x 4320', ' 3 x DisplayPort 1.4', ' 1 x HDMI 2.0b', ' 10.62"" x 4.38""', '08G-P4-3071-KR']]"
9SIB1PGJWH9128,DELL NVIDIA QUADRO RTX 8000 TURING GPU 48GB GRAPHICS VIDEO CARD 10K7M,DELL,,,5150.0,0,https://c1.neweggimages.com/ProductImageCompressAll300/B1PGS23060618ITXU34.jpg,"[[' Single Fan', 'QUADRO RTX 8000-DELL', '9SIB1PGJWH9128']]"
9SIB1PGJPG9966,NVIDIA GeForce RTX 3080 Founders Edition 10GB GDDR6 3080 FE Video Graphic Card GPU,NVIDIA,2,1.0,1165.0,0,https://c1.neweggimages.com/ProductImageCompressAll300/ADFRD2203300ZKUZHF0.jpg,"[[' 1 x DisplayPort', ' 1 x HDMI', ' NVIDIA', ' NVIDIA GeForce GTX 30 Series', '3080 FE-R']]"
9SIB11NJ712180,ASUS Dual GeForce GTX 1650 4GB GDDR6 PCI Express 3.0 Video Card DUAL-GTX1650-O4GD6-MINI,ASUS,,,189.99,$6.99 Shipping,https://c1.neweggimages.com/ProductImageCompressAll300/AGKCS210912C2993.jpg,[['DUAL-GTX1650-O4GD6-MINI']]
9SIB1PGJX68147,Lenovo Radeon Pro V340 Graphic Card - 32 GB - Full-height,Lenovo,,,2150.0,0,https://c1.neweggimages.com/ProductImageCompressAll300/B1PGS230623194B8YA7.jpg,"[['4C57A09497', '9SIB1PGJX68147']]"
9SIBMWJJX13718,MSI GeForce GTX 1650 4GB GDDR5 PCI Express 3.0 x16 Low Profile Video Card GTX 1650 4GT LP OC,MSI,4.1,31.0,229.84,$49.99 Shipping,https://c1.neweggimages.com/ProductImageCompressAll300/14-137-480-V01.jpg,"[[' 7680 x 4320', ' 1 x DL-DVI-D', ' 1 x HDMI 2.0b', ' 6.61"" x 4.13"" (w/ normal bracket)\n6.61"" x 2.72"" (w/ low profile bracket)', 'GTX 1650 4GT LP OC']]"
9SIB86XJZ41070,51RISC Graphics Cards RTX 3060 12G GDDR6 GPU NVIDIA Computer PC 192bit DP*3 PCI Express X16 4.0 Gaming Video Card,51Risc,,,319.0,0,https://c1.neweggimages.com/ProductImageCompressAll300/B86XS2306160F8GQ6B6.jpg,"[[' NVIDIA', ' NVIDIA GeForce RTX 30 Series', ' Double Fans', 'HTMRTX306012GRed', '9SIB86XJZ41070']]"
9SIBMWJJX67479,MSI GeForce RTX 2070 SUPER 8GB GDDR6 PCI Express 3.0 x16 SLI Support Video Card RTX 2070 SUPER GAMING X TRIO,MSI,4.6,55.0,555.18,$49.99 Shipping,https://c1.neweggimages.com/ProductImageCompressAll300/14-137-439-V05.jpg,"[[' 7680 x 4320', ' 3 x DisplayPort', ' 1 x HDMI 2.0b', ' 12.91"" x 5.51""', '2070SUPERGAMINGXTRIO']]"
9SIB86XJU66024,51RISC RX6700XL 10G D6 Gaming Graphics Card with 10G/160bit/GDDR6 Memory 16GHz Memory Frequency DirectX12 3D Video card,51Risc,,,309.0,0,https://c1.neweggimages.com/ProductImageCompressAll300/B86XS2305060EQ2HU4E.jpg,"[[' AMD', ' Radeon RX6700XL', ' Triple Fans', 'RX6700XL10GB', '9SIB86XJU66024']]"
9SIAVXDJRH6728,Mllse 100% RTX2060Super 8GB Graphics Card GDDR6 256Bit PCI Express 3.0x16 1470MHz 2176units rtx 2060 super Gaming 8G Video Card 8GB,Mllse,5,3.0,259.8,$8.37 Shipping,https://c1.neweggimages.com/ProductImageCompressAll300/AVXDS22121308F01A23.jpg,"[['rtx2060super-green', '9SIAVXDJRH6728']]"
9SIB4KCJ552302,MSI GeForce GT 710 2GB DDR3 PCI Express 2.0 x16 Low Profile Video Card GT 710 2GD3H LP,MSI,4.4,49.0,254.0,0,https://c1.neweggimages.com/ProductImageCompressAll300/14-127-933-03.jpg,"[[' 954 MHz', ' 4096 x 2160', ' 1 x DL-DVI-D', ' 1 x HDMI', 'GT 710 2GD3H LP']]"
9SIAZKWJKA0348,MSI Suprim GeForce RTX 3080 10GB GDDR6X Video Card RTX 3080 SUPRIM X 10G LHR,MSI,4,1.0,999.99,0,https://c1.neweggimages.com/ProductImageCompressAll300/AYTVD21080412P6GJ.jpg,[['zxsj-22']]
9SIARPHJT26313,"GIGABYTE GeForce RTX 2080 Ti WINDFORCE OC 11G Video Card, GV-N208TWF3OC-11GC",GIGABYTE,2.9,14.0,631.0,$49.99 Shipping,https://c1.neweggimages.com/ProductImageCompressAll300/14-932-065-V07.jpg,"[[' 1635 MHz in OC mode\n1620 MHz in Gaming mode', ' 7680 x 4320', ' 3 x DisplayPort 1.4', ' 1 x HDMI 2.0b', 'GV-N208TWF3OC-11GC']]"
9SIARPHJT19374,ASUS ROG STRIX GeForce RTX 2080 8G GDDR6 HDMI DP 1.4 USB Type-C Gaming Graphics Card (ROG-STRIX-RTX2080-8G-GAMING),ASUS,4,3.0,566.19,$49.99 Shipping,https://c1.neweggimages.com/ProductImageCompressAll300/14-126-277-V50.jpg,"[[' 1515 MHz', ' 7680 x 4320', ' 2 x DisplayPort 1.4', ' 2 x HDMI 2.0b', 'RTX2080-8G-GAMING']]"
9SIBMWJJX67673,ASUS Dual GeForce RTX 2080 SUPER 8GB GDDR6 PCI Express 3.0 SLI Support Video Card DUAL-RTX2080S-O8G-EVO-V2,ASUS,4,28.0,616.0,$49.99 Shipping,https://c1.neweggimages.com/ProductImageCompressAll300/14-126-354-S01.jpg,"[[' 7680 x 4320', ' 3 x DisplayPort 1.4', ' 1 x HDMI 2.0b', ' 10.51"" x 4.65""', 'DUALRTX2080SO8GEVOV2']]"
9SIARPHJT25907,ASUS ROG STRIX GeForce RTX 2080 SUPER 8GB GDDR6 PCI Express 3.0 SLI Support Video Card ROG-STRIX-RTX2080S-O8G-GAMING,ASUS,1,1.0,631.18,$49.99 Shipping,https://c1.neweggimages.com/ProductImageCompressAll300/14-126-367-S01.jpg,"[[' OC mode: 1680 MHz\nGaming mode: 1650 MHz', ' 7680 x 4320', ' 2 x DisplayPort 1.4', ' 2 x HDMI 2.0b', 'STRIX-RTX2080S-O8G']]"
9SIAY2WJZW1649,"GIGABYTE AORUS GeForce RTX 3090 XTREME WATERFORCE 24G Graphics Card, WATERFORCE All-in-One Cooling System, 24GB 384-bit GDDR6X, GV-N3090AORUSX W-24GD Video Card",GIGABYTE,3.6,18.0,2169.99,0,https://c1.neweggimages.com/ProductImageCompressAll300/14-932-387-01.jpg,"[[' 1785 MHz', ' 7680 x 4320', ' 3 x DisplayPort 1.4a', ' 2 x HDMI 2.1, 1 x HDMI 2.0 (The middle HDMI output supports up to HDMI 2.0)', 'GV-N3090AORUSX W24GD']]"
9SIAY2WJZW1709,"ZOTAC GeForce RTX 3080 Ti Trinity OC Graphics Card, 12GB GDDR6X 384-bit 19 Gbps PCIe 4.0, IceStorm 2.0 Advanced Cooling, Spectra 2.0 RGB Lighting, w/ MT HDMI 2.1 Cable, Anti-Sag RGB Holder",ZOTAC,1,1.0,1372.99,0,https://c1.neweggimages.com/ProductImageCompressAll300/A6V6D2211090U9IB190.jpg,"[[' Air Cooler', '810012083010']]"
9SIAVXDJNP9144,Mllse Video Card RX580 8GB 256Bit 2048SP GDDR5 Graphics Cards For RX 580 Series Cards RX580 HDMI 1.4 x 1 DisplayPort x 3,Mllse,5,7.0,99.99,$8.37 Shipping,https://c1.neweggimages.com/ProductImageCompressAll300/AVXDS22102703H22F56.jpg,"[['rx580-8black', '9SIAVXDJNP9144']]"
9SIB1PGFBZ3153,Hewlett-Packard Z0B12AT NVIDIA QUADRO P6000 24GB GRAPH SBY,HP,,,1190.0,0,https://c1.neweggimages.com/ProductImageCompressAll300/A25V_1_201802261989270304.jpg,"[['HE#Z0B12AT', '9SIB1PGFBZ3153']]"
9SIBMWJJW81781,GIGABYTE Eagle GeForce RTX 3070 Ti 8GB GDDR6X PCI Express 4.0 ATX Video Card GV-N307TEAGLE OC-8GD,GIGABYTE,4.1,29.0,579.49,$49.99 Shipping,https://c1.neweggimages.com/ProductImageCompressAll300/14-932-444-01.jpg,"[[' 1800 MHz', ' 7680 x 4320', ' 2 x DisplayPort 1.4a', ' 2 x HDMI 2.1', 'GV-N307TEAGLE OC-8GD']]"
9SIAY2WJZY7103,"GIGABYTE AORUS GeForce RTX 3090 XTREME 24GB Video Card, GV-N3090AORUS X-24GD",GIGABYTE,3.6,54.0,1692.99,0,https://c1.neweggimages.com/ProductImageCompressAll300/14-932-340-02.jpg,"[[' 1860 MHz', ' 7680 x 4320 @ 60 Hz', ' 3 x DisplayPort 1.4a', ' 2 x HDMI 2.1, 1 x HDMI 2.0', 'GV-N3090AORUS X-24GD']]"
9SIAXHKJUP4834,"ZOTAC GeForce GTX 980 Ti 6GB AMP! Omega, ZT-90504-10P",ZOTAC,4,16.0,382.91,0,https://c1.neweggimages.com/ProductImageCompressAll300/14-500-382-S99.jpg,"[[' 1178 MHz', ' 4096 x 2160', ' 3 x DisplayPort 1.2 (4k @ 60 Hz)', ' 1 x Dual-link DVI (2560 x 1600)', 'ZT-90504-10P']]"
9SIAY2WJZY7096,"EVGA GeForce RTX 3070 FTW3 ULTRA GAMING Video Card, 08G-P5-3767-KR, 8GB GDDR6, iCX3 Technology, ARGB LED, Metal Backplate",EVGA,4.8,112.0,699.98,0,https://c1.neweggimages.com/ProductImageCompressAll300/14-487-532-01.jpg,"[[' 7680 x 4320', ' 3 x DisplayPort 1.4a', ' 1 x HDMI 2.1', ' 11.81"" x 5.38""', '08G-P5-3767-KR']]"
9SIBMWJJW81766,ASUS Dual GeForce RTX 3070 8GB GDDR6 PCI Express 4.0 Video Card DUAL-RTX3070-8G,ASUS,4.8,5.0,520.0,$49.99 Shipping,https://c1.neweggimages.com/ProductImageCompressAll300/14-126-460-01.jpg,"[[' 7680 x 4320', ' 3 x DisplayPort 1.4a', ' 2 x HDMI 2.1', ' 10.51"" x 5.31""', 'DUAL-RTX3070-8G']]"
9SIB86XJN65038,51RISC RX5700XT 8GB Graphics Card GPU GDDR6 256-bit 7nm new video card Support Desktop GPU Triple Fans,51Risc,,,239.0,0,https://c1.neweggimages.com/ProductImageCompressAll300/B86XS2304150NRI7Y6C.jpg,"[[' 1840 MHz', ' 3 x DisplayPort 1.4', ' 1 x HDMI 2.0b', ' AMD', 'HTMRX5700XT8GBTripleFans', '9SIB86XJN65038']]"
9SIB86XJAK4269,51RISC Radeon RX6600 8GB Graphics Card GPU GDDR6 128-bit 14 Gbps 7nm new video card Support AMD Intel Desktop CPU Motherboard,51Risc,,,259.0,0,https://c1.neweggimages.com/ProductImageCompressAll300/B86XS2212120L3US8B8.jpg,"[[' Double Fans', 'HTMRX66008GGB', '9SIB86XJAK4269']]"
9SIAGBAJN69182,GIGABYTE GeForce GT 710 2GB GDDR5 PCI Express 2.0 x8 Low Profile Video Card GV-N710D5SL-2GL,GIGABYTE,,,104.9,0,https://c1.neweggimages.com/ProductImageCompressAll300/14-932-005-V05.jpg,"[[' 954 MHz', ' 4096 x 2160', ' 1 x Dual-link DVI-I', ' 1 x HDMI', 'GV-N710D5SL-2GL', '9SIAGBAJN69182']]"
9SIAZ6ZJVS5019,Graphics Card RX 580 8G GDDR5 GPU rx580 8gb Video card 256Bit 2048SP Computer GPU RX 580 8gb desktop computer game,,,,129.99,0,https://c1.neweggimages.com/ProductImageCompressAll300/AZ6ZS23052503O0X6DB.jpg,"[['SMD-100', '9SIAZ6ZJVS5019']]"
9SIAZRPGSX8548,MSI GeForce GT 730 4GB DDR3 PCI Express 2.0 x16 Video Card N730K-4GD3/OCV1,MSI,3.4,5.0,108.3,0,https://c1.neweggimages.com/ProductImageCompressAll300/14-137-666-V01.jpg,"[[' 1 x DL-DVI-D', ' 1 x HDMI', ' 5.83"" x 4.17""', ' 2 Slots', 'N730K-4GD3/OCV1']]"
9SIAZ6ZJVU0907,RX6600XT 8GB/128bit/GDDR6 8pin computer game video card RX 6600 XT 8G computer graphics card supports DirectX12,,,,329.99,0,https://c1.neweggimages.com/ProductImageCompressAll300/AZ6ZS23052503URUS2E.jpg,"[[' 2365 MHz', ' 4096 x 2160', ' 3 x DisplayPort', ' 1 x HDMI', 'SMD-RX6600XT 8GB', '9SIAZ6ZJVU0907']]"
9SIB7VEJZA4116,ZOTAC RTX 3060-12GD6 PGF GOC-X Video Card RTX 3060 GDDR6 PCI Express 4.0 Graphics Card,ZOTAC,,,599.99,0,https://c1.neweggimages.com/ProductImageCompressAll300/BGVAS2212190FM63PA6.jpg,"[[' 7680 x 4320', ' 3 x DisplayPort 1.4a', ' 1 x HDMI 2.1', ' 13.6x6.1', '6974601290334', '9SIB7VEJZA4116']]"
9SIAYE8JSK9889,"GIGABYTE GeForce RTX 3060 EAGLE OC 12G (LHR) Video Card,12GB 192-bit GDDR6 PCI Express 4.0 x16,1807MHz Core Frequency,2×HDMI 2.1 interface, 2×DisplayPort 1.4 interface",GIGABYTE,,,396.82,0,https://c1.neweggimages.com/ProductImageCompressAll300/A4RES2111110DPJN5B9.jpg,"[[' 1807MHz', ' 7680 x 4320', ' 2 x DisplayPort 1.4a', ' 2 x HDMI 2.1', 'GIGABYTE RTX 3060 EAGLE OC 12G LHR']]"
9SIBMWJJVZ9087,GIGABYTE Eagle GeForce RTX 3080 10GB GDDR6X PCI Express 4.0 ATX Video Card GV-N3080EAGLE-10GD (rev. 2.0) (LHR),GIGABYTE,4.5,10.0,740.8,$49.99 Shipping,https://c1.neweggimages.com/ProductImageCompressAll300/14-932-461-S01.jpg,"[[' 1710 MHz', ' 7680 x 4320', ' 3 x DisplayPort 1.4a', ' 2 x HDMI 2.1', 'GV-N3080EAGLE-10GD']]"
9SIBMWJJWP6008,MSI GeForce RTX 2060 6GB GDDR6 PCI Express 3.0 x16 Video Card RTX 2060 GAMING 6G,MSI,4.6,14.0,292.6,$49.99 Shipping,https://c1.neweggimages.com/ProductImageCompressAll300/14-137-420-V07.jpg,"[[' 7680 x 4320', ' 3 x DisplayPort 1.4', ' 1 x HDMI 2.0b', ' 9.72"" x 5.08""', 'RTX 2060 GAMING 6G']]"
9SIAYTVJK74236,SAPPHIRE PULSE Radeon RX 6750 XT 12GB GDDR6 PCI Express 4.0 ATX Video Card 11318-03-20G,Sapphire Tech,4.5,2.0,554.35,0,https://c1.neweggimages.com/ProductImageCompressAll300/14-202-421-V05.jpg,"[[' 7680 x 4320', ' 3 x DisplayPort 1.4', ' 1 x HDMI', ' 11.02"" x 4.83""', '11318-03-20G']]"
9SIAY2WJZW1705,"ZOTAC GAMING GeForce RTX 3090 Trinity 24GB GDDR6X 384-bit 19.5 Gbps PCIE 4.0 Gaming Graphics Card, IceStorm 2.0 Advanced Cooling, SPECTRA 2.0 RGB Lighting, ZT-A30900D-10P",ZOTAC,4.5,18.0,1692.99,0,https://c1.neweggimages.com/ProductImageCompressAll300/14-500-503-02.jpg,"[[' 7680 x 4320 @ 60Hz', ' 3 x DisplayPort 1.4a', ' 1 x HDMI 2.1', ' 12.50"" x 4.75""', 'ZT-A30900D-10P']]"
9SIAD6HHXN1774,MSI Gaming Radeon RX 6650 XT 8GB GDDR6 PCI Express 4.0 Video Card RX 6650 XT GAMING X 8G,MSI,4.8,11.0,473.99,0,https://c1.neweggimages.com/ProductImageCompressAll300/14-137-736-V11.jpg,"[[' 7680 x 4320', ' 3 x DisplayPort 1.4a', ' 1 x HDMI 2.1', ' 10.94"" x 5.12""', 'RX 6650 XT GAMING X 8G']]"
9SIB4KCJ552459,GIGABYTE GeForce GT 710 2GB DDR5 PCI Express 2.0 x8 Low Profile Video Card GV-N710D5-2GL,GIGABYTE,4.6,7.0,88.77,0,https://c1.neweggimages.com/ProductImageCompressAll300/14-932-006-V01.jpg,"[[' 954 MHz', ' 4096 x 2160', ' 1 x Dual-link DVI-I', ' 1 x HDMI', 'GV-N710D5-2GL']]"
9SIAY2WJZT6174,MSI Ventus GeForce RTX 3070 8GB PCI Express 4.0 Video Card RTX 3070 Ventus 3X Plus 8G OC LHR BV,MSI,,,844.99,0,https://c1.neweggimages.com/ProductImageCompressAll300/14-137-753-V01.jpg,"[[' NVIDIA', ' NVIDIA GeForce RTX 30 Series', ' Triple Fans', ' 220W', 'G3070V3XPCLBV']]"
9SIB9XKHB81555,SAPLOS NVIDIA GT 730 Graphics Cards 4GB DDR3 128 Bit VGA DVI HDMI Low Profile Video Card for PC Gaming GPU Desktop Computer Save Case Space Low Power PCI Express x16 2K Support,SAPLOS,,,85.99,0,https://c1.neweggimages.com/ProductImageCompressAll300/B9XKS2203230E411G02.jpg,"[[' 700 MHz', ' 2048 x 1536@60Hz', ' 1 x DVI', ' 1 x HDMI', 'GT 730 4G-NEW', '9SIB9XKHB81555']]"
9SIBMWJJW81748,ASUS TUF Gaming NVIDIA GeForce RTX 3070 Ti 8GB GDDR6X Graphics Card,ASUS,5,1.0,619.09,$49.99 Shipping,https://c1.neweggimages.com/ProductImageCompressAll300/A4YUD210731CW80V.jpg,[['90YV0GY0-M0NA00']]
9SIAZ6ZJVT7023,Graphics card RX 5600 XT 6G game GDDR6 GPU PC 256bit DP*3 HD*1 RX5600xT 6G  computer esports game video card,,,,199.99,0,https://c1.neweggimages.com/ProductImageCompressAll300/AZ6ZS2305220DIGHY54.jpg,"[['SMD-RX5600 XT 6G', '9SIAZ6ZJVT7023']]"
9SIAZ6ZJVT7208,Graphics Cards rtx 3060 12gb Game GDDR6 RTX306012G GPU RTX3060 12G Computer PC 192bit rtx3060 gpu Gaming Video Card,,,,369.99,0,https://c1.neweggimages.com/ProductImageCompressAll300/AZ6ZS23052503YSBL2B.jpg,"[['SMD-RTX3060 12GB', '9SIAZ6ZJVT7208']]"
9SIAY2WK0A4991,MSI GeForce GTX 1080 8GB GDDR5X PCI Express 3.0 x16 SLI Support ATX Video Card GTX 1080 GAMING 8G,MSI,4.6,88.0,481.68,$49.99 Shipping,https://c1.neweggimages.com/ProductImageCompressAll300/14-127-950-S99.jpg,"[[' 1632 MHz (OC Mode)\n1620 MHz (Gaming Mode)\n1607 MHz (Silent Mode)', ' 7680 x 4320', ' 3 x DisplayPort 1.4', ' 1 x DL-DVI-D', 'GTX 1080 GAMING 8G']]"
9SIAVXDJNY3648,MLLSE New AMD RX5500XT 8G Gaming Graphics Card 8GB 128Bit GDDR6 GPU Radeon rx5500xt Desktop Video Cards For Computer ETH Mining,Mllse,5,1.0,149.99,$8.37 Shipping,https://c1.neweggimages.com/ProductImageCompressAll300/AVXDS22102901JPNP4A.jpg,"[['rx550xt-8g', '9SIAVXDJNY3648']]"
9SIAYE8JSK9756,GIGABYTE EAGLE OC GeForce RTX 4080 16GB GDDR6X PCI Express 4.0 x16 ATX Video Card GV-N4080EAGLE OC-16GD,GIGABYTE,,,1576.99,0,https://c1.neweggimages.com/ProductImageCompressAll300/A4RES221117062V46FB.jpg,"[[' DirectX 12 Ultimate', ' 256-Bit', ' OpenGL 4.6', ' Triple Fans', 'GIGABYTE EAGLE OC RTX 4080 16GB']]"
9SIARPHJRH3395,"GIGABYTE AORUS GeForce RTX 3070 MASTER 8G (LHR) Video Card,8GB 256-bit GDDR6 PCI Express 4.0 x16,1845MHz Core Frequency,DisplayPort 1.4a *3,HDMI 2.1*2, HDMI 2.0*1",GIGABYTE,5,1.0,540.49,$49.99 Shipping,https://c1.neweggimages.com/ProductImageCompressAll300/A4RES2111028C9CA.jpg,"[[' 1845 MHz', ' 7680 x 4320', ' 3 x DisplayPort 1.4a', ' 2 x HDMI 2.1, 1 x HDMI 2.0 (The middle HDMI output supports up to HDMI 2.0)', 'GIGABYTE AORUS RTX 3070 MASTER 8G LHR']]"
9SIBMWJJXM9538,"Sapphire NITRO+ Radeon RX 580 8GB GDDR5 PCI-E Dual HDMI / DVI-D / Dual DP w/ Backplate Limited Edition (UEFI), 100411NT+8GSR",Sapphire Tech,4.4,11.0,324.99,$49.99 Shipping,https://c1.neweggimages.com/ProductImageCompressAll300/14-202-281-V01.jpg,"[[' 2 x DisplayPort 1.4', ' 1 x DL-DVI-D', ' 2 x HDMI 2.0b', ' DirectX 12', '100411NT+8GSR']]"
9SIA4REJWX9830,"GALAXY New GeForce RTX 4060 Ti Metal Master OC 8GB GDDR6 HDMI 2.1a,DP 1.4a 8Pin 128Bit Graphics Card Gaming GPU",,,,599.99,0,https://c1.neweggimages.com/ProductImageCompressAll300/BGVAS2306090CBP9G7D.jpg,"[[' 7680 x 4320', ' 3 x DisplayPort 1.4a', ' 1 x HDMI 2.1', ' 12.45*44 mm', '4895147153148']]"
9SIA4REJX42360,XFX SPEEDSTER SWFT210 RADEON RX 7600 CORE Gaming Graphics Card RX-76PSWFTFY,XFX,,,419.99,0,https://c1.neweggimages.com/ProductImageCompressAll300/14-150-879-04.jpg,"[[' 1720MHz', ' 7680 x 4320', ' 3 x DisplayPort 1.4', ' 1 x HDMI 2.1', 'RX-76PSWFTFY', '9SIA4REJX42360']]"
9SIBMWJJW81747,ASUS ROG Strix GeForce RTX 3070 8GB GDDR6 PCI Express 4.0 Video Card ROG-STRIX-RTX3070-O8G-GAMING,ASUS,4.7,51.0,624.88,$49.99 Shipping,https://c1.neweggimages.com/ProductImageCompressAll300/14-126-458-01.jpg,"[[' 1935 MHz', ' 7680 x 4320', ' 3 x DisplayPort 1.4a', ' 2 x HDMI 2.1', 'STRIX-RTX3070-O8G-GA']]"
9SIA4REJWY0309,"GALAXY New GeForce RTX 4060 Ti General 8GB GDDR6 HDMI 2.1a,DP 1.4a 8Pin 128Bit Graphics Card Gaming GPU",,,,564.99,0,https://c1.neweggimages.com/ProductImageCompressAll300/BGVAS2306090BLF9252.jpg,"[[' 7680 x 4320', ' 3 x DisplayPort 1.4a', ' 1 x HDMI 2.1', ' 130*42 mm', '4895147153155']]"
9SIA4REJT81535,"CORN Radeon RX 580 8G D5 Graphics Card, 8GB 256-bit GDDR5, Support PCI Express 3.0 × 16, 1206 MHz Core Frequency, HDMI Interface",Corn Electronics,4,3.0,89.99,0,https://c1.neweggimages.com/ProductImageCompressAll300/A4RES2303280HPK5E1E.jpg,[['RX 580 8G D5 Double Fan']]
9SIAY2WJZY7101,"EVGA GeForce RTX 2060 SC Ultra GAMING, 06G-P4-2067-KR, 6GB GDDR6, Dual HDB Fans",EVGA,4.7,98.0,691.99,0,https://c1.neweggimages.com/ProductImageCompressAll300/14-487-442-V06.jpg,"[[' 7680 x 4320', ' 1 x DisplayPort 1.4', ' 1 x Dual-Link DVI-D', ' 1 x HDMI 2.0b', '06G-P4-2067-KR']]"
9SIAGBAJN73308,6GB ASUS TUF Gaming GeForceu00ae GTX 1660 Ti EVO OC Edition GDDR6 Graphics Card,ASUS,,,411.9,0,https://c1.neweggimages.com/ProductImageCompressAll300/A4YUD2202020C7KFW1C.jpg,[['90YV0CT7-M0NA00']]
9SIAGBAJWW9972,GIGABYTE GEFORCE RTX 4070TI (DLSS 3) GV-N407TWF3OC-12GD 12GB GDDR6X 2625 MHz,GIGABYTE,,,1249.9,0,https://c1.neweggimages.com/ProductImageCompressAll300/AGBAS2305260Q4M5Y6A.jpg,"[['1.GV-N407TWF3OC-12GD 12GB', '9SIAGBAJWW9972']]"
9SIBMYNJXT3579,MSI Gaming (MSI) GeForce RTX 4090 24GB GDDR6X PCI Express 4.0 Video Card RTX 4090 GAMING X TRIO 24G,MSI,,,2191.44,0,https://c1.neweggimages.com/ProductImageCompressAll300/AYTVS2211170ECZDYDB.jpg,"[[' 7680 x 4320', ' 3 x DisplayPort 1.4a', ' 1 x HDMI 2.1', ' DirectX 12 Ultimate', 'MSI RTX 4090 GAMING X TRIO 24G']]"
9SIAWFGJWZ9702,ASRock Challenger D Radeon RX 6600 XT 8GB GDDR6 PCI Express 4.0 Video Card RX6600XT CLD 8GO,ASRock,4.6,98.0,369.98,0,https://c1.neweggimages.com/ProductImageCompressAll300/14-930-063-01.jpg,"[[' 2000 MHz', ' 7680 x 4320', ' 3 x DisplayPort 1.4 with DSC', ' 1 x HDMI 2.1 VRR', 'RX6600XT CLD 8GO']]"
9SIAYTVGMK3328,ASUS Dual GeForce RTX 3060 Ti V2 MINI OC Edition 8GB GDDR6 PCI Express 4.0 Video Card DUAL-RTX3060TI-O8G-MINI-V2 (LHR),ASUS,,,449.99,$49.99 Shipping,https://c1.neweggimages.com/ProductImageCompressAll300/AYTVS2111250UJ5LBAA.jpg,"[[' 7680 x 4320', ' 3 x DisplayPort 1.4a', ' 1 x HDMI 2.1', ' 7.87"" x 4.84""', 'B-ASUS DUAL-RTX3060TI-O8G-MINI-V2']]"
9SIAY2WJZW1642,ZOTAC Trinity OC GeForce RTX 3080 12GB GDDR6X PCI Express 4.0 ATX Video Card ZT-A30820J-10PLHR,ZOTAC,5,1.0,1297.99,0,https://c1.neweggimages.com/ProductImageCompressAll300/14-500-526-V02.jpg,"[[' 7680 x 4320', ' 3 x DisplayPort 1.4a', ' 1 x HDMI 2.1', ' 12.50"" x 4.80""', 'ZT-A30820J-10PLHR']]"
9SIAZ6ZJVT7165,Pc game card rtx2060 super 8gb gddr6 256bit rtx2060 Series graphics cards RTX2060super 8G Computer gaming graphics card,,,,289.99,0,https://c1.neweggimages.com/ProductImageCompressAll300/AZ6ZS23052502OM9I98.jpg,"[['SMD-RTX2060S 8GB', '9SIAZ6ZJVT7165']]"
9SIAEUYDXC3515,MSI Radeon RX 6900XT GAMING X TRIO 16G 256-Bit GDDR6 Video Card,MSI,,,1045.0,0,https://c1.neweggimages.com/ProductImageCompressAll300/AEUYS210218hoMEs.jpg,[['MSI6900XTTRIO']]
9SIA1PAJBS4846,"EVGA GeForce GTX 1650 SC ULTRA GAMING, 04G-P4-1057-KR, 4GB GDDR5, Dual Fan, Metal Backplate",EVGA,4.6,7.0,269.99,0,https://c1.neweggimages.com/ProductImageCompressAll300/14-487-449-V01.jpg,"[[' 7680 x 4320', ' 2 x DisplayPort 1.4', ' 1 x HDMI 2.0b', ' 7.96"" x 4.38""', '04G-P4-1057-KR']]"
9SIARPHJRH2125,"ASUS ROG Strix NVIDIA GeForce RTX 3060 Ti V2 OC Edition Gaming Graphics Card (PCIe 4.0, 8GB GDDR6, LHR, HDMI 2.1, DisplayPort 1.4a, Axial-tech Fan Design, 2.9-slot, Super Alloy Power II, GPU Tweak II)",ASUS,5,1.0,537.0,$49.99 Shipping,https://c1.neweggimages.com/ProductImageCompressAll300/AYTVS2111250VBCI547.jpg,"[[' 7680 x 4320', ' 3 x DisplayPort 1.4a', ' 2 x HDMI 2.1', ' 12.53"" x 5.51""', 'C-ASUS ROG-STRIX-RTX3060TI-O8G-V2-GAMING']]"
9SIBMWJJWP5041,ASUS Dual GeForce RTX 2060 SUPER 8GB GDDR6 PCI Express 3.0 x16 ATX Video Card DUAL-RTX2060S-O8G-EVO-V2,ASUS,4.5,41.0,387.8,$49.99 Shipping,https://c1.neweggimages.com/ProductImageCompressAll300/14-126-397-V01.jpg,"[[' 1470 MHz', ' 7680 x 4320', ' 1 x DisplayPort 1.4', ' 1 x DL-DVI-D', 'DUAL-RTX2060S-O8GEV2']]"
9SIA4REJEM5864,"EVGA GeForce GTX 970 04G-P4-2974-KR 4GB SC GAMING w/ACX 2.0, Silent Cooling Graphics Card",EVGA,4.2,418.0,458.63,0,https://c1.neweggimages.com/ProductImageCompressAll300/14-487-076-16.jpg,"[[' 1165 MHz', ' Analog: 2048 x 1536\nDigital: 4096 x 2160', ' 1 x DisplayPort 1.2', ' 1 x Dual-link DVI-I\n1 x Dual-link DVI-D', '04G-P4-2974-KR']]"
9SIARPHJPA6839,ASUS ROG Strix GeForce RTX 2070 SUPER OC 8GB GDDR6 Triple Fans Edition Overclocked Gaming Graphics Card(ROG-STRIX-RTX2070S-O8G-GAMING),ASUS,5,2.0,584.4,$49.99 Shipping,https://c1.neweggimages.com/ProductImageCompressAll300/APBUS201020DfAcg.jpg,[['ROGSTRIXRTX2070SO7G']]
9SIA4REJEM5950,EVGA GeForce GT 740 Superclocked 4GB DDR3 PCI Express 3.0 Video Card 04G-P4-2744-KR,EVGA,4.5,11.0,445.98,0,https://c1.neweggimages.com/ProductImageCompressAll300/14-487-043-09.jpg,"[[' 1059MHz', ' 1 x DVI-D\r\n1 x DVI-I', ' 1 x mini HDMI', ' 6.0"" x 4.4""', '04G-P4-2744-KR']]"
9SIAVXDJNS0338,MLLSE AMD Radeon RX550 Double Fan 4GB Graphics Card GDDR5 128bit PCI-E X16 HDMI DP DVI-D RX 550 Video Card Desktop Gaming,Mllse,,,99.99,0,https://c1.neweggimages.com/ProductImageCompressAll300/AVXDS2210270HCVN901.jpg,"[['Rx550-Dual fan', '9SIAVXDJNS0338']]"
9SIBMWJJWP6774,"GIGABYTE GeForce GTX 1660 Ti MINI ITX OC 6G Graphics Card, Mini ITX Form Factor, 6GB 192-Bit GDDR6, GV-N166TIXOC-6GD Video Card",GIGABYTE,4.8,6.0,319.4,$49.99 Shipping,https://c1.neweggimages.com/ProductImageCompressAll300/14-932-132-V01.jpg,"[[' 1785 MHz', ' DisplayPort 1.4: 4096 x 2160 @ 60 Hz\nHDMI 2.0b: 7680 x 4320 @ 60 Hz', ' 3 x DisplayPort 1.4', ' 1 x HDMI 2.0b', 'GV-N166TIXOC-6GD']]"
9SIAY2WK031218,MSI Ventus GeForce RTX 3090 24GB GDDR6X PCI Express 4.0 SLI Support Video Card RTX 3090 VENTUS 3X 24G OC BV,MSI,4.5,2.0,1273.97,0,https://c1.neweggimages.com/ProductImageCompressAll300/14-137-721-S01.jpg,"[[' 7680 x 4320', ' 3 x DisplayPort 1.4a', ' 1 x HDMI 2.1', ' 12.01"" x 4.72""', 'RTX 3090 VENTUS 3X 24G OC BV']]"
9SIAY2WJZY7095,EVGA GeForce GTX 1070 Ti 8GB GDDR5 PCI Express 3.0 SLI Support Video Card 08G-P4-6678-KR,EVGA,4.4,29.0,715.99,0,https://c1.neweggimages.com/ProductImageCompressAll300/14-487-392-Z01.jpg,"[[' 1607+ MHz', ' 7680 x 4320', ' 3 x DisplayPort 1.4', ' 1 x DL-DVI-D', '08G-P4-6678-KR']]"
9SIAY2WJZY7099,EVGA GeForce GTX 1080 Ti FTW3 DT DirectX 12 11G-P4-6694-KR 11GB 352-Bit GDDR5X PCI Express 3.0 HDCP Ready SLI Support Video Card,EVGA,4.3,16.0,744.99,0,https://c1.neweggimages.com/ProductImageCompressAll300/14-487-381-V09.jpg,"[[' 1480 MHz', ' 7680 x 4320', ' 3 x DisplayPort 1.4', ' 1 x Dual-Link DVI-D', '11G-P4-6694-KR']]"
9SIBG5RJTP9934,NVIDIA - GeForce RTX 4070 12GB GDDR6X Graphics Card - Titanium and black,NVIDIA,,,789.0,0,https://c1.neweggimages.com/ProductImageCompressAll300/BG5RS230428101XA302.jpg,[['900-1G141-2544-000']]
9SIBGFDJP71690,ASUS ROG Strix GeForce RTX 3070 8GB GDDR6 PCI Express 4.0 x16 Video Card ROG-STRIX-RTX3070-O8G-WHITE-V2,ASUS,4.5,11.0,799.99,$46.00 Shipping,https://c1.neweggimages.com/ProductImageCompressAll300/14-126-535-V01.jpg,"[[' 7680 x 4320', ' 3 x DisplayPort 1.4a', ' 2 x HDMI 2.1', ' 12.53"" x 5.51""', 'ST-RTX3070-O8G-WH-V2']]"
9SIAY2WJZW1644,"EVGA GeForce RTX 2080 Ti XC2 ULTRA GAMING, 11G-P4-2387-KR, 11GB GDDR6, iCX2 & RGB LED",EVGA,4.6,5.0,1073.99,0,https://c1.neweggimages.com/ProductImageCompressAll300/14-487-440-V01.jpg,"[[' 7680 x 4320', ' 3 x DisplayPort 1.4', ' 1 x HDMI 2.0b', ' 10.62"" x 4.47""', '11G-P4-2387-KR']]"
9SIAXZZJUP4912,"MAXSUN AMD Radeon RX 580 8GB 2048SP GDDR5 Computer Video Graphics Card GPU for PC Gaming 256-Bit DirectX 12 DVI, HDMI, DisplayPort Multi Monitors Extend",MAXSUN,,,116.99,0,https://c1.neweggimages.com/ProductImageCompressAll300/AXZZS2304110IJAP727.jpg,"[[' 1168 MHz', ' 7680 x 4320', ' 3 x DisplayPort', ' 1 x DVI', 'MS-RX5802048SPBIGMAC8G', '9SIAXZZJUP4912']]"
9SIAYTVGPR0593,ASUS TUF Gaming GeForce RTX 3060 12GB GDDR6 PCI Express 4.0 x16 Video Card TUF-RTX3060-O12G-V2-GAMING,ASUS,,,439.0,$49.99 Shipping,https://c1.neweggimages.com/ProductImageCompressAll300/AYTVD210719BRM69.jpg,[['zxsj-15-1']]
9SIAFJ88V06881,Visiontek Radeon HD 7750 2GB 900614 GDDR5 6M (6 x Mini DP) Video Graphics Card,VisionTek,,,256.66,0,https://c1.neweggimages.com/ProductImageCompressAll300/A73M_131678115120469757HjJAl7mb6v.jpg,"[[' 6 x Mini DisplayPort', ' AMD', ' Yes', ' 120W', 'dfsge4rtt44', '9SIAFJ88V06881']]"
9SIA4REH880201,"ZOTAC GeForce RTX 3060-12GD6 PGF XGOC (LHR) Video Card,12GB 192-bit GDDR6,PCI Express 4.0,1×HDMI2.1 Interface, 3×DisplayPort1.4a Interface",ZOTAC,,,617.38,0,https://c1.neweggimages.com/ProductImageCompressAll300/A4RES21120806YVT3FA.jpg,"[[' 1320 MHz', ' 7680 x 4320', ' 3 x DisplayPort 1.4a', ' 1 x HDMI 2.1', 'ZOTAC RTX 3060-12GD6 PGF XGOC LHR', '9SIA4REH880201']]"
9SIAZRPH7Y1776,Gigabyte GeForce GT 710 1GB Graphic Cards and Support PCI Express 2.0 X8 Bus Interface. Graphic Cards GV-N710D5-1GL REV2.0,GIGABYTE,,,55.35,0,https://c1.neweggimages.com/ProductImageCompressAll300/ABXXD210322BGHL6.jpg,[['GV-N710D5-1GL -zi3']]
9SIAFJ8A0V3931,VisionTek Products 900942 Radeon 7750 SFF 2GB GDDR5 2X DP Graphics Card,VisionTek,,,134.39,0,https://c1.neweggimages.com/ProductImageCompressAll300/A73M_131994453525377665cJdVLttSeW.jpg,"[[' AMD', ' 128-Bit', ' Single Fan', 'V*900942', '9SIAFJ8A0V3931']]"
9SIB7VEK0E0110,"ASUS Dual GeForce RTX 4070 OC Edition 12GB GDDR6X, IP5X, Auto-Extreme Technology, 144-Hour Validation Program, HDMI 2.1a, DP 1.4a",ASUS,,,859.99,0,https://c1.neweggimages.com/ProductImageCompressAll300/B7VES23070613BK5QDB.jpg,"[['BEDUAL-RTX4070-O12G', '9SIB7VEK0E0110']]"
9SIAY2WJZY7094,"EVGA GeForce RTX 2070 SUPER KO GAMING Video Card, 08G-P4-2072-KR, 8GB GDDR6, Dual Fans",EVGA,4.6,113.0,671.99,0,https://c1.neweggimages.com/ProductImageCompressAll300/14-487-499-V01.jpg,"[[' 7680 x 4320', ' 3 x DisplayPort 1.4', ' 1 x HDMI 2.0b', ' 10.62"" x 4.38""', '08G-P4-2072-KR']]"
9SIBG5RJEB1725,NVIDIA - GeForce RTX 4080 16GB GDDR6X Graphics Card -16GB GDDR6X - PCI Express 4.0 and earlier PCI Express 3.0- Titanium and black,NVIDIA,,,1419.0,0,https://c1.neweggimages.com/ProductImageCompressAll300/BG5RS2212081DMOCW28.jpg,[['900-1G136-2560-000']]
9SIAY2WJZW1648,"EVGA GeForce RTX 2060 KO GAMING Video Card, 06G-P4-2066-KR, 6GB GDDR6, Dual Fans, Metal Backplate",EVGA,4.5,173.0,690.99,0,https://c1.neweggimages.com/ProductImageCompressAll300/14-487-488-V01.jpg,"[[' 7680 x 4320', ' 1 x DisplayPort 1.4', ' 1 x Dual-Link DVI-D', ' 1 x HDMI 2.0b', '06G-P4-2066-KR']]"
9SIB9ZZJJR4449,Gigabyte GeForce RTX4090 MASTER OC 24GB GDDR6X Video Card GV-N4090AORUS M-24GD,GIGABYTE,,,2599.8,0,https://c1.neweggimages.com/ProductImageCompressAll300/V296S230118bgYpr.jpg,[['1. GV-N4090AORUS M-24GD']]
9SIA4REJWJ2135,XFX SPEEDSTER QICK308 Radeon RX 6650 XT 8GB GDDR6 PCI Express 4.0 Video Card RX-665X8LUDY,XFX,4.6,5.0,434.99,0,https://c1.neweggimages.com/ProductImageCompressAll300/14-150-872-V01.jpg,"[[' 2153 MHz', ' 7680 x 4320', ' 3 x DisplayPort 1.4', ' 1 x HDMI 2.1', 'RX-665X8LUDY', '9SIA4REJWJ2135']]"
9SIARPHJT66637,MSI Gaming GeForce RTX 3080 LHR 10GB GDRR6X 320-Bit HDMI/DP Nvlink Torx Fan 3 Ampere Architecture OC Graphics Card (RTX 3080 Ventus 3X Plus 10G OC LHR),MSI,5,1.0,756.88,$49.99 Shipping,https://c1.neweggimages.com/ProductImageCompressAll300/AYTVS210927C130C.jpg,[['B-MSI RTX 3080 VENTUS']]
9SIAVXDJNJ0120,MLLSE Graphics Card AMD RX 580 8GB Gaming GDDR5 256Bit PCI Express 3.0 ×16 Radeon GPU Computer Mining ETH hashrate 28-30mh/s,Mllse,5,1.0,99.99,0,https://c1.neweggimages.com/ProductImageCompressAll300/AVXDS221207071JGP3A.jpg,"[['RX-580-8gb-b', '9SIAVXDJNJ0120']]"
9SIAYTVJ101005,PowerColor Hellhound Spectral White Radeon RX 6650 XT 8GB GDDR6 PCI Express 4.0 ATX Video Card AXRX 6650XT 8GBD6-3DHLV2/OC,PowerColor,4.6,5.0,369.98,$49.99 Shipping,https://c1.neweggimages.com/ProductImageCompressAll300/14-131-801-V01.jpg,"[[' 3 x DisplayPort 1.4', ' 1 x HDMI 2.1', ' 8.66"" x 5.20""\n9.13"" x 5.91"" (with bracket)', ' 2.2 Slot', 'AXRX 6650XT 8GBD6-3DHLV2/OC']]"
9SIAFJ8A0V3922,"Visiontek Radeon HD 5450 2GB DDR3 (DVI-I, HDMI, VGA), 900356",VisionTek,4.2,5.0,71.56,0,https://c1.neweggimages.com/ProductImageCompressAll300/14-129-186-04.jpg,"[[' 2560 x 1600', ' 1 x DVI-I', ' 1 x HDMI', ' DirectX 11', '900356']]"
9SIAY2WJZW1708,"ZOTAC GAMING GeForce RTX 3080 Trinity OC 10GB GDDR6X 320-bit 19 Gbps PCIE 4.0 Gaming Graphics Card, IceStorm 2.0 Advanced Cooling, SPECTRA 2.0 RGB Lighting, ZT-A30800J-10P",ZOTAC,4.1,14.0,1382.99,0,https://c1.neweggimages.com/ProductImageCompressAll300/14-500-504-V01.jpg,"[[' 7680 x 4320 @ 60Hz', ' 3 x DisplayPort 1.4a', ' 1 x HDMI 2.1', ' 12.50"" x 4.75""', 'ZT-A30800J-10P']]"
9SIB86XJT63850,51RISC RX6600XT 8GB Video Card GPU GDDR6 128-bit 14 Gbps 7nm graphics card Support Desktop CPU placa de video,51Risc,,,289.0,0,https://c1.neweggimages.com/ProductImageCompressAll300/B86XS2304230HOYEB91.jpg,"[[' 1950 MHz', ' 4096 x 2160 (DisplayPort)', ' 3 x DisplayPort 1.4', ' 1 x HDMI', 'XDSRX6600XT8GB', '9SIB86XJT63850']]"
9SIB9ZZJPD8914,"ASUS ROG Strix GeForce RTX 4080 White Edition Gaming Graphics Card (PCIe 4.0, 16GB GDDR6X, HDMI 2.1a, DisplayPort 1.4a) ROG-STRIX-RTX4080-16G-WHITE",ASUS,,,1929.9,0,https://c1.neweggimages.com/ProductImageCompressAll300/BDCAS2303150D4FOD1E.jpg,[['ASUS ROG-STRIX-RTX4080-16G-WHITE']]
9SIAVXDJP27665,MLLSE Graphics Card RTX 3060Ti 8GB X-GAME GDDR6 256bit NVIDIA GPU DP*3 PCI Express 4.0 x16 rtx3060ti 8gb Video card black,Mllse,5,2.0,399.99,0,https://c1.neweggimages.com/ProductImageCompressAll300/AVXDS2211020219VR68.jpg,"[['3060ti-8gblack', '9SIAVXDJP27665']]"
9SIAYTVFF79576,ASUS GeForce GTX 1650 SUPER Overclocked 4GB Phoenix Fan Edition HDMI DP DVI Graphics Card (PH-GTX1650S-O4G),ASUS,4.4,16.0,199.88,$49.99 Shipping,https://c1.neweggimages.com/ProductImageCompressAll300/14-126-357-V01.jpg,"[[' 1530 MHz', ' 7680 x 4320', ' 1 x DisplayPort 1.4', ' 1 x DVI-D', 'PH-GTX1650S-O4G']]"
9SIA4REJX06704,ZOTAC GeForce RTX 4060Ti-8GB HuiMieZhe OC HA 8GB GDDR6 128-bit 18 Gbps PCIE 4.0 Gaming Graphics Card,ZOTAC,,,569.99,0,https://c1.neweggimages.com/ProductImageCompressAll300/A4RES2306160EYX9RC3.jpg,"[[' 7680 x 4320', ' 3 x DisplayPort 1.4a', ' 1 x HDMI', ' 239 X 115 mm', 'RTX 4060Ti-8GB HuiMieZhe OC HA', '9SIA4REJX06704']]"
9SIAYTVJBU0158,MSI Suprim X GeForce RTX 4080 16GB GDDR6X PCI Express 4.0 Video Card RTX 4080 16GB SUPRIM X,MSI,,,1649.9,$49.99 Shipping,https://c1.neweggimages.com/ProductImageCompressAll300/A4RES22111706KUJA1F.jpg,"[[' Triple Fans', 'MSI RTX 4080 16GB SUPRIM X']]"
9SIA4REJSW3694,"Colorful Tomahawk RTX 4070 Ti Deluxe Edition Graphics Card,12G 192-Bit GDDR6X,PCI Express 4.0,Display Interfaces 1*HDMI,3*DP",Corn Electronics,,,1239.99,0,https://c1.neweggimages.com/ProductImageCompressAll300/A4RES23021506CUJ00B.jpg,"[[' 2235 MHz', ' 7680 x 4320', ' 3 x DisplayPort', ' 1 x HDMI', 'RTX 4070 Ti Deluxe Edition', '9SIA4REJSW3694']]"
9SIAYTVH644684,"Gigabyte GeForce RTX 3050 Gaming OC 8G Graphics Card 8GB GDDR6 128-bit 3x WINDFORCE Fans, GV-N3050GAMING OC-8GD Video Card",GIGABYTE,,,286.59,$49.99 Shipping,https://c1.neweggimages.com/ProductImageCompressAll300/AVH0S220304138RYO64.jpg,"[[' 1822 MHz', ' Triple Fans', 'N3050GAMING OC8GD']]"
9SIB7VEK0U7615,"ASUS TUF Gaming NVIDIA GeForce RTX 4070 Ti OC Edition Gaming Graphics Card (PCIe 4.0, 12GB GDDR6X, HDMI 2.1a, DisplayPort 1.4a)",ASUS,,,1259.0,0,https://c1.neweggimages.com/ProductImageCompressAll300/B7VES2307080XWN4WBF.jpg,"[['BETUF-RTX4070TI-O12G-GAMING', '9SIB7VEK0U7615']]"
9SIAFVFHCT4862,SAPPHIRE GPRO X080 10GB GDDR6 PCI Express 4.0 Video Card 32312-04-21G - OEM,Sapphire Tech,,,267.44,$16.99 Shipping,https://c1.neweggimages.com/ProductImageCompressAll300/BBAES2204030S0BGG58.jpg,"[[' 10.24"" x 4.72""', ' 2.2 slot', ' AMD', ' 2304 Stream Processors', '32312-04-21G']]"
9SIAVXDJRH6725,MLLSE NEW AMD Radeon RX6600M 8GB Video card GPU GDDR6 128Bit 7nm RX 6600 Graphics Card Support AMD Intel Desktop CPU Motherboard 8GB,Mllse,,,209.99,0,https://c1.neweggimages.com/ProductImageCompressAll300/AVXDS221213083V09D8.jpg,"[['rx6600M-new', '9SIAVXDJRH6725']]"
9SIB7VEK0U9003,"ASUS ROG Strix NVIDIA GeForce RTX 4070 Ti OC Edition Gaming Graphics Card (PCIe 4.0, 12GB GDDR6X, HDMI 2.1a, DisplayPort 1.4a)",ASUS,,,1299.0,0,https://c1.neweggimages.com/ProductImageCompressAll300/B7VES2307080Z36P493.jpg,"[['BEROG-STRIX-RTX4070TI-O12G-GAMING', '9SIB7VEK0U9003']]"
9SIAY2WJZW1628,"EVGA GeForce GTX 1070 Ti FTW2 GAMING 08G-P4-6775-KR, 8GB GDDR5 iCX - 9 Thermal Sensors & RGB LED G/P/M",EVGA,4.9,21.0,715.99,0,https://c1.neweggimages.com/ProductImageCompressAll300/14-487-388-V01.jpg,"[[' 1607+ MHz', ' 7680 x 4320', ' 3 x DisplayPort 1.4', ' 1 x DL-DVI-D', '08G-P4-6775-KR']]"
9SIAY2WJZW1640,"EVGA GeForce RTX 2080 XC GAMING, 08G-P4-2182-KR, 8GB GDDR6, Dual HDB Fans & RGB LED",EVGA,4.3,36.0,844.99,0,https://c1.neweggimages.com/ProductImageCompressAll300/14-487-404-V10.jpg,"[[' 3 x DisplayPort 1.4', ' 1 x HDMI 2.0b', ' 10.60"" x 4.50""', ' 2 Slots', '08G-P4-2182-KR']]"
9SIAY2WJZW1641,"EVGA GeForce GTX 1080 Ti FTW3 ELITE GAMING BLACK, 11G-P4-6796-K2, 11GB GDDR5X, iCX Technology - 9 Thermal Sensors & RGB LED G/P/M",EVGA,4.4,7.0,929.99,0,https://c1.neweggimages.com/ProductImageCompressAll300/14-487-398-V01.jpg,"[[' 1569 MHz', ' 7680 x 4320', ' 3 x DisplayPort 1.4', ' 1 x Dual-Link DVI', '11G-P4-6796-K2']]"
9SIAY2WJZW1633,"EVGA GeForce GTX 1080 Ti FTW3 ELITE GAMING WHITE, 11G-P4-6796-K1, 11GB GDDR5X, iCX Technology - 9 Thermal Sensors & RGB LED G/P/M",EVGA,5,3.0,929.99,0,https://c1.neweggimages.com/ProductImageCompressAll300/14-487-397-V01.jpg,"[[' 1569 MHz', ' 7680 x 4320', ' 3 x DisplayPort 1.4', ' 1 x Dual-Link DVI-D', '11G-P4-6796-K1']]"
9SIAY2WJZW1631,"EVGA GeForce GTX 1080 Ti FTW3 ELITE GAMING WHITE, 11G-P4-6797-K1, 11GB 12 GHz GDDR5X, iCX Technology - 9 Thermal Sensors & RGB LED G/P/M",EVGA,5,8.0,929.99,0,https://c1.neweggimages.com/ProductImageCompressAll300/14-487-385-V09.jpg,"[[' 1569 MHz', ' 7680 x 4320', ' 3 x DisplayPort 1.4', ' 1 x Dual-Link DVI-D', '11G-P4-6797-K1']]"
9SIBKMGJYC5263,SAPPHIRE NITRO+ PURE Radeon RX 6950 XT 16GB GDDR6 PCI Express 4.0 ATX Video Card 11317-04-20G,Sapphire Tech,4.7,23.0,1260.98,0,https://c1.neweggimages.com/ProductImageCompressAll300/14-202-418-V01.jpg,"[[' 7680 x 4320', ' 3 x DisplayPort 1.4', ' 1 x HDMI', ' 12.60"" x 5.31""', '11317-04-20G']]"
9SIAYTVJMU3877,MSI GeForce RTX 4070 Ti GAMING X TRIO WHITE 12G computer game graphics card,MSI,,,1135.99,$49.99 Shipping,https://c1.neweggimages.com/ProductImageCompressAll300/BDCAS2303070JVLQKD0.jpg,[['MSI RTX4070Ti GAMING X TRIO WHITE 12GB']]
9SIB86XJMF6138,51RISC RX5700XT 8GB Graphics Card GPU GDDR6 256-bit 7nm new video card Support Desktop GPU Triple Fans,51Risc,,,239.0,0,https://c1.neweggimages.com/ProductImageCompressAll300/B86XS2303010LH5MWC8.jpg,"[[' 1750 MHz', ' 3 x DisplayPort 1.4', ' 1 x HDMI 2.0b', ' AMD', 'HTMRX5700XT8GBTriple', '9SIB86XJMF6138']]"
9SIAYKAJW48375,"GIGABYTE GeForce RTX 2070 Super GAMING OC 8G Graphics Card, 3 x WINDFORCE Fans, 8GB 256-Bit GDDR6, GV-N207SGAMING OC-8GC Video Card",GIGABYTE,3.8,26.0,674.0,0,https://c1.neweggimages.com/ProductImageCompressAll300/14-932-171-V09.jpg,"[[' 1815 MHz', ' 7680 x 4320 @ 60 Hz', ' 3 x DisplayPort 1.4', ' 1 x HDMI 2.0b', 'GV-N207SGAMINGOC-8GC']]"
9SIB9XKHB79864,"SAPLOS Radeon RX 550 Graphics Card,4GB,GDDR5,128-Bit,Low Profile,VGA,DVI,HDMI,Desktop Video Card for PC Gaming ,Computer GPU,DirectX 12,PCI Express X8 3.0,4K Support",SAPLOS,,,139.99,0,https://c1.neweggimages.com/ProductImageCompressAll300/B9XKS2203230DK49E63.jpg,"[[' 1183 MHz', ' 4096 x 2160', ' 1 x DVI', ' 1 x HDMI', 'RX 550 4G LP NEW', '9SIB9XKHB79864']]"
9SIB9XKHB79229,"SAPLOS Radeon RX 550 Graphics Card,4GB,GDDR5,128-Bit,DisplayPort/DVI-D/HDMI,PCI Express 3.0 x 8,ITX Computer GPU,Video Card for PC Gaming,4K@60Hz Output,DirectX 12",SAPLOS,,,139.99,0,https://c1.neweggimages.com/ProductImageCompressAll300/B9XKS2206100FNSLZEE.jpg,"[[' 1183 MHz', ' 4096 x 2160', ' 1 x DisplayPort', ' 1 x DVI', 'RX 550 NEW', '9SIB9XKHB79229']]"
9SIAWFGJX40550,MAXSUN Geforce RTX 4080 iCraft Limited Edition OC 16GB 256Bit GDDR6X Video Graphics Card GPU For Computer Gaming PC HDMI2.1 PCIE 4.0 X16,MAXSUN,,,1669.98,0,https://c1.neweggimages.com/ProductImageCompressAll300/A4RES2302100K0YTQ09.jpg,[['Nvidia Geforce RTX 4070 Ti iCraft']]
9SIAD6H5ES4756,"Visiontek Radeon 6350 SFF 1GB DDR3 3M DMS59 (2 x DVI-I, miniDP) w/ 2 x DVI-I to VGA Adapter, 900456",VisionTek,5,2.0,98.99,0,https://c1.neweggimages.com/ProductImageCompressAll300/14-129-220-02.jpg,"[[' 1 x Mini DisplayPort', ' DirectX 11', ' AMD', ' OpenGL 4.1', '900456']]"
9SIB7VEK0U8188,"ASUS TUF Gaming NVIDIA GeForce RTX 4070 OC Edition Gaming Graphics Card (PCIe 4.0, 12GB GDDR6X, HDMI 2.1, DisplayPort 1.4a)",ASUS,,,959.0,0,https://c1.neweggimages.com/ProductImageCompressAll300/B7VES2307080Y8X3O48.jpg,"[['ASUSTUF-RTX4070-O12G-GAMING', '9SIB7VEK0U8188']]"
9SIAD6HGZ42628,ASUS Dual GeForce RTX 2060 EVO OC Edition 12GB GDDR6 features two powerful Axial-tech fans for AAA gaming performance and ray tracing Graphics Card (DUAL-RTX2060-O12G-EVO),ASUS,,,505.99,0,https://c1.neweggimages.com/ProductImageCompressAll300/AWKTS2112270L47TR6D.jpg,"[[' Digital Max Resolution 7680 x 4320', ' 9.53 x 5.12 x 2.09 inch', ' 1680 MHz', ' 2176 Cores', 'DUAL-RTX2060-O12G-EVO']]"
9SIA4REJST4819,AX Gaming New GEFORCE RTX 4080 X3W 16GB Graphics Card GDDR6X 256bit NVIDIA GPU Video Cards,Corn Electronics,,,1679.99,0,https://c1.neweggimages.com/ProductImageCompressAll300/A4RES2302100HWB37D2.jpg,"[[' 2505 MHz', ' 7680 x 4320', ' 3 x DisplayPort 1.4', ' 1 x HDMI 2.1', 'GEFORCE RTX 4080 X3W 16GB', '9SIA4REJST4819']]"
9SIBK1AJT18524,GIGABYTE GeForce GTX 1050 2GB GDDR5 PCI Express 3.0 x16 ATX Video Cards GV-N1050D5-2GD,GIGABYTE,3,3.0,189.74,0,https://c1.neweggimages.com/ProductImageCompressAll300/14-125-920-01.jpg,"[[' 1379 MHz in OC Mode\n1354 MHz in Gaming', ' 7680 x 4320', ' 1 x DisplayPort 1.4', ' 1 x Dual-Link DVI-D', 'GV-N1050D5-2GD']]"
9SIA4REJSW0275,"Colorful iGame GeForce RTX 4080 Ultra W OC,16G 256-Bit GDDR6X,BDLSS 3 Game Light Chasing Graphics Card,Display interface 3*DP,1*HDMI",Corn Electronics,,,1649.99,0,https://c1.neweggimages.com/ProductImageCompressAll300/A4RES230214047R3RB7.jpg,"[[' 2205 MHz', ' 7680 x 4320', ' 3 x DisplayPort', ' 1 x HDMI', 'RTX 4080 Ultra W OC', '9SIA4REJSW0275']]"
9SIAXZZJSR1283,MAXSUN Geforce RTX 3070 8GB GDDR6 Gaming Video Graphics Card PCIE 4.0 HDMI2.1 GPU Dual Fans Graphics Cards,MAXSUN,,,499.99,0,https://c1.neweggimages.com/ProductImageCompressAll300/AXZZS23020607GTAXB7.jpg,"[[' 1500 MHz', ' 7680 x 4320', ' 3 x DisplayPort 1.4a', ' 1 x HDMI 2.1', 'MS-GeForce RTX3070 Terminator 8G']]"
9SIB7VEK0D9953,"ASUS ATS Gaming NVIDIA GeForce RTX4070 OC Edition Graphics Card (PCIe 4.0, 12GB GDDR6X, HDMI 2.1, DisplayPort 1.4a, Axial-tech Fans, GPU TWEAK III)",ASUS,,,969.0,0,https://c1.neweggimages.com/ProductImageCompressAll300/B7VES23070611XQX80F.jpg,"[['BEATS-RTX4070-O12G-GAMING', '9SIB7VEK0D9953']]"
9SIAKNUJDK7933,ASUS GeForce GT 710 1GB GDDR5 HDMI VGA DVI Graphics Card (GT710-SL-1GD5-BRK),ASUS,4.7,16.0,58.88,0,https://c1.neweggimages.com/ProductImageCompressAll300/ADZG_1_201803011511201904.jpg,"[[' 954 MHz', ' 2560 x 1600', ' 1 x DVI-D', ' 1 x HDMI', 'GT710-SL-1GD5-BRK']]"
9SIB7VEK059382,"ASUS Dual GeForce RTX 4060 OC Edition 8GB GDDR6 (PCIe 4.0, 8GB GDDR6, DLSS 3, HDMI 2.1a, DisplayPort 1.4a, 2.5-Slot Design, Axial-tech Fan Design, 0dB Technology, and More)",ASUS,,,469.99,0,https://c1.neweggimages.com/ProductImageCompressAll300/B7VES2307030D4QQI78.jpg,"[['BEASUS Dual GeForce RTX 4060 OC', '9SIB7VEK059382']]"
9SIA4REJSX7071,"Gainward GeForce RTX 4090 Glare OC Graphics Card,24G 384-Bit GDDR6X,PCI Express 4.0,Display Interfaces 1*HDMI,3*DP",,,,2379.99,0,https://c1.neweggimages.com/ProductImageCompressAll300/A4RES2302170CZQA8F8.jpg,"[[' 7680 x 4320', ' 3 x DisplayPort', ' 1 x HDMI', ' 362*155 mm', 'RTX 4090 Glare OC', '9SIA4REJSX7071']]"
9SIA4REJX32355,"ZOTAC GeForce RTX 4080-16GB AMP EXTREME AIRO Moon White Gaming Graphics Card,16G 256-Bit GDDR6X,PCI Express 4.0,Display Interfaces 1*HDMI,3*DP",ZOTAC,,,1749.99,0,https://c1.neweggimages.com/ProductImageCompressAll300/A4RES2306200HRN5WC8.jpg,"[[' 7680 x 4320', ' 3 x DisplayPort 1.4a', ' 1 x HDMI 2.1a', ' 355 X 166 mm', 'RTX 4080 AMP Extreme AIRO 16GB W', '9SIA4REJX32355']]"
9SIA4REJST4165,XFX SPEEDSTER MERC310 Radeon RX 7900 XT 20GB GDDR6 PCI Express 4.0 x16 Video Card,XFX,,,1239.99,0,https://c1.neweggimages.com/ProductImageCompressAll300/A4RES2302100DSH4739.jpg,"[[' 1500 MHz', ' 7680 x 4320', ' 3 x DisplayPort 1.4', ' 1 x HDMI 2.1', 'Radeon RX 7900 XT 20GB', '9SIA4REJST4165']]"
9SIBKMGJXS7498,"GIGABYTE AORUS GeForce RTX 3080 XTREME WATERFORCE WB 10G Graphics Card, WATERFORCE Water Block Cooling System, 10GB 320-bit GDDR6X, GV-N3080AORUSX WB-10GD Video Card",GIGABYTE,4.9,8.0,1219.97,0,https://c1.neweggimages.com/ProductImageCompressAll300/14-932-371-V21.jpg,"[[' 1845 MHz', ' 7680 x 4320 @ 60 Hz', ' 3 x DisplayPort 1.4a', ' 2 x HDMI 2.1, 1 x HDMI 2.0 (The middle HDMI output supports up to HDMI 2.0)', 'GV-N3080AORUSXWB10GD']]"
9SIAY2WJZW1636,"EVGA GeForce RTX 2080 XC ULTRA GAMING, 08G-P4-2183-KR, 8GB GDDR6, Dual HDB Fans & RGB LED",EVGA,4,26.0,844.99,0,https://c1.neweggimages.com/ProductImageCompressAll300/14-487-403-V23.jpg,"[[' 3 x DisplayPort 1.4', ' 1 x HDMI 2.0b', ' 10.60"" x 4.50""', ' 2.75 Slots', '08G-P4-2183-KR']]"
9SIAGBAJVZ4882,ASUS NVIDIA GeForce RTX 3070 8GB GDDR6 Graphics Card,ASUS,,,679.9,0,https://c1.neweggimages.com/ProductImageCompressAll300/A4YUD2301270ADJ0T6C.jpg,[['90YV0FQC-M0NA00']]
9SIAY2WJZW1707,"ZOTAC GAMING GeForce RTX 3080 AMP Holo 10GB GDDR6X 320-bit 19 Gbps PCIE 4.0 Gaming Graphics Card, HoloBlack, IceStorm 2.0 Advanced Cooling, SPECTRA 2.0 RGB Lighting, ZT-A30800F-10P",ZOTAC,4.8,4.0,1183.99,0,https://c1.neweggimages.com/ProductImageCompressAll300/14-500-513-V02.jpg,"[[' 7680 x 4320', ' 3 x DisplayPort 1.4a', ' 1 x HDMI 2.1', ' 12.50"" x 5.20""', 'ZT-A30800F-10P']]"
9SIB9ZZJJR4445,GIGABYTE AORUS GeForce RTX 4090 XTREME WATERFORCE 24GB GDDR6X PCI Express 4.0 ATX Video Card GV-N4090AORUSX W-24GD,GIGABYTE,,,2289.9,0,https://c1.neweggimages.com/ProductImageCompressAll300/BDCAS2211090JPXTH7E.jpg,[['GV-N3090AORUS X-24GD']]
9SIB74JJXD9068,Galax GeForce RTX3060 1-Click OC LHR 12GB 192Bit GDDR6 RTX 3060 Graphics Card (36NOL7MD1VOC),,,,369.99,0,https://c1.neweggimages.com/ProductImageCompressAll300/B74JS2305300TB85024.jpg,"[['GLX-36NOL7MD1VOC', '9SIB74JJXD9068']]"
9SIB4KCJ552447,"Biostar Gaming Radeon RX 550 2GB GDDR5 128-Bit DirectX 12 PCI Express 3.0 DVI-D Dual Link, HDMI, DisplayPort",Biostar,5,3.0,99.22,0,https://c1.neweggimages.com/ProductImageCompressAll300/A23XS20050713GXN.jpg,"[[' 1183 MHz', ' 1 x DisplayPort 1.4', ' 1 x DVI', ' 1 x HDMI', 'VA5505RF21']]"
9SIAGBAJJW3697,GIGABYTE RTX 3090 GV-N3090TURBO-24GD GDDR6X HDMI \ DP PCI-E Graphic Card,GIGABYTE,,,3209.9,0,https://c1.neweggimages.com/ProductImageCompressAll300/V296S230207c6QJf.jpg,"[['1.GV-N3090TURBO-24GD', '9SIAGBAJJW3697']]"
9SIBFUMJ799355,"MSI GeForce RTX 3060 GAMING Z TRIO 12G (LHR) Video Card,12GB 192-bit GDDR6,PCI Express 4.0,1×HDMI Interface, 3×DisplayPort Interface",MSI,,,604.0,0,https://c1.neweggimages.com/ProductImageCompressAll300/A4RES2112160500Q273.jpg,"[[' 7680 x 4320', ' 3 x DisplayPort 1.4a', ' 1 x HDMI 2.1', ' 324×140 mm', 'MSI RTX 3060 GAMING Z TRIO 12G LHR']]"
9SIAUNCK0W0840,"Sapphire Pulse AMD Radeon RX 6700 XT OC Gaming Video Card, 12GB GDDR6 HDMI / Triple DP (11306-05-20G)",Sapphire Tech,4.7,27.0,545.99,$49.99 Shipping,https://c1.neweggimages.com/ProductImageCompressAll300/14-202-408-S01.jpg,"[[' 7680 x 4320', ' 3 x DisplayPort 1.4', ' 1 x HDMI 2.1', ' 10.24"" x 4.72""', '11306-05-20G']]"
9SIA4REJSW0504,"PELADN Radeon RX 5500XT 8GB GDDR6 PCI Express 4.0 Video Card,Display interface 3*DP,1*HDMI",Peladn,,,179.99,0,https://c1.neweggimages.com/ProductImageCompressAll300/A4RES2302140DTBPY91.jpg,"[[' 1717 MHz', ' 7680 x 4320', ' 3 x DisplayPort', ' 1 x HDMI', 'Radeon RX 5500XT 8GB', '9SIA4REJSW0504']]"
9SIA4REGC54287,"ASUS TUF-RTX3060TI-O8G-V2-GAMING(LHR) Video Card,8GB 256-bit GDDR6 PCI Express 4.0 x16,1785MHz Core Frequency,2×HDMI interface, 3×DisplayPort interface",ASUS,,,694.42,0,https://c1.neweggimages.com/ProductImageCompressAll300/A4RES211102E900D.jpg,"[[' OC Mode: 1785 MHz Gaming Mode: 1755 MHz', ' 7680 x 4320', ' 3 x DisplayPort 1.4a', ' 2 x HDMI 2.1', 'ASUS TUF-RTX3060TI-O8G-V2-GAMING LHR', '9SIA4REGC54287']]"
9SIARPHJWJ1906,"SAPPHIRE NITRO+ AMD RADEON RX 6900 XT OC Gaming Graphics Card WITH 16GB GDDR6, 11308-01-20G",Sapphire Tech,4.2,42.0,1399.99,$49.99 Shipping,https://c1.neweggimages.com/ProductImageCompressAll300/14-202-395-01.jpg,"[[' 7680 x 4320', ' 3 x DisplayPort 1.4', ' 1 x HDMI 2.1', ' 12.20"" x 5.29""', '11308-01-20G']]"
9SIA4REJX06159,"ZOTAC RTX 4060Ti-8GB X-GAMING OC White 8GB GDDR6 128-bit 18 Gbps PCIE 4.0 Gaming Graphics Card, IceStorm 2.0 Advanced Cooling",ZOTAC,,,629.99,0,https://c1.neweggimages.com/ProductImageCompressAll300/A4RES2306160E6ITP64.jpg,"[[' 7680 x 4320', ' 3 x DisplayPort 1.4a', ' 1 x HDMI', ' 303 X 121 mm', 'RTX 4060Ti-8GB X-GAMING OC White', '9SIA4REJX06159']]"
9SIB7VEH0X1336,"ZOTAC Gaming GeForce RTX 3060 Twin Edge OC 12GB GDDR6 192-bit 15 Gbps PCIE 4.0 Gaming Graphics Card, IceStorm 2.0 Cooling, Active Fan Control, Freeze Fan Stop ZT-A30600H-10M",ZOTAC,,,529.99,0,https://c1.neweggimages.com/ProductImageCompressAll300/AKEXS21080180VRn.jpg,[['ZOTAC RTX 3060 Twin Edge OC']]
9SIA4REJT29102,"JONSBO VC-20 PLUS GPU Brace , Graphics card holder , Adjustable height Support Jack Stand design, Anodized Aluminum, Telescopic Screw Design for 4090 4080 7900XT",Corn Electronics,,,18.99,0,https://c1.neweggimages.com/ProductImageCompressAll300/A4RES2302240JF0TR2D.jpg,"[[' Fanless', 'VC-20 PLUS', '9SIA4REJT29102']]"
9SIA4REJX06381,"ZOTAC RTX 4060Ti-8GB X-GAMING OC Blue 8GB GDDR6 128-bit 18 Gbps PCIE 4.0 Gaming Graphics Card, IceStorm 2.0 Advanced Cooling",ZOTAC,,,599.99,0,https://c1.neweggimages.com/ProductImageCompressAll300/A4RES2306160EC7O9FA.jpg,"[[' 7680 x 4320', ' 3 x DisplayPort 1.4a', ' 1 x HDMI', ' 303 X 121 mm', 'RTX 4060Ti-8GB X-GAMING OC Blue', '9SIA4REJX06381']]"
9SIAGGGHSH9221,NVIDIA QUADRO RTX A2000 12GB 192-bit GDDR6 PCI Express 4.0 x16 Low Profile Workstation Video Card,"PNY Technologies, Inc.",,,699.99,$10.00 Shipping,https://c1.neweggimages.com/ProductImageCompressAll300/APMXS220306Ip2CL.jpg,[['XRL-105']]
9SIA4RE9MX8193,Dell Optiplex 740 750 3010 3020 7010 7020 9010 9020 SFF GT 610 1GB PCI Express 2.0 x16 DVI+HDMI Single Slot Low Profile Video Graphics Card,DELL,4,1.0,49.99,0,https://c1.neweggimages.com/ProductImageCompressAll300/A4RE_132077404422843089TuTGcb9E6w.jpg,"[[' 810 MHz', ' 1 x DVI', ' 1 x HDMI', ' 5 3/4"" (14.6cm) in Length x 2 1/4"" (5.7cm) in Width x 5/8"" (1.6cm) in Thickness', 'DZ-XK-GT610-1G']]"
9SIAYTVESH8553,MSI Gaming GeForce GTX 1650 4GB GDDR6 PCI Express 3.0 x16 ATX Video Card GTX 1650 D6 Gaming X Plus,MSI,4,2.0,159.99,$49.99 Shipping,https://c1.neweggimages.com/ProductImageCompressAll300/14-137-649-02.jpg,"[[' 7680 x 4320', ' 3 x DisplayPort 1.4a', ' 1 x HDMI 2.0b', ' 9.76"" x 5.00""', 'GTX1650D6GamingXPlus']]"
9SIB7VEJTJ6966,"ASUS ATS RTX 3060Ti 8G GAMING Video Card, GPU Graphics 8GB 256-bit GDDR6X PCI Express 4.0 , 2×HDMI2.1 Interface, 3×DisplayPort1.4a Interface , ATS-RTX3060TI-O8GD6X-GAMING V2",ASUS,,,599.99,0,https://c1.neweggimages.com/ProductImageCompressAll300/B7VES2304270IZKM33B.jpg,[['BERTX3060TI-O8GD6X-GAMING-V2']]
9SIB7VEJTJ6228,"ASUS Gaming RTX 3060 Video Card,12GB 192-bit GDDR6 PCI Express 4.0,1777MHz Core Frequency,2×HDMI2.1 Interface, 3×DisplayPort1.4a Interface , ATS-RTX3060-O12G-GAMING OC Edition",ASUS,,,529.0,0,https://c1.neweggimages.com/ProductImageCompressAll300/B7VES2304270HH8E6A5.jpg,"[['3060-O12G-GAMING', '9SIB7VEJTJ6228']]"
9SIAM4SESF9498,GIGABYTE Radeon RX 570 8GB GDDR5 PCI Express 3.0 x16 CrossFireX Support ATX Video Card GV-RX570GAMING-8GD,GIGABYTE,4.5,2.0,987.52,0,https://c1.neweggimages.com/ProductImageCompressAll300/14-932-073-V01.jpg,"[[' 7680 x 4320', ' 3 x DisplayPort 1.4', ' 1 x Dual-link DVI-D', ' 1 x HDMI 2.0', 'GV-RX570GAMING-8GD']]"
9SIAYE8JSK9692,"MSI GeForce RTX 3060 VENTUS 2X 12G OC(LHR) Video Card,12GB 192-bit GDDR6,PCI Express 4.0,1×HDMI Interface, 3×DisplayPort Interface",MSI,5,1.0,398.86,0,https://c1.neweggimages.com/ProductImageCompressAll300/A4RES2112070EZL4T6C.jpg,"[[' 7680 x 4320', ' 3 x DisplayPort 1.4a', ' 1 x HDMI 2.1', ' 9.25"" x 4.88""', 'MSI RTX 3060 VENTUS 2X 12G OC-LHR']]"
9SIARPHJVD6524,MSI GeForce RTX 2070 8GB GDDR6 PCI Express 3.0 x16 Video Card RTX 2070 DUKE 8G OC,MSI,3.8,35.0,453.08,$49.99 Shipping,https://c1.neweggimages.com/ProductImageCompressAll300/14-137-365-V08.jpg,"[[' 1410 MHz', ' 7680 x 4320', ' 3 x DisplayPort 1.4', ' 1 x HDMI 2.0b', 'RTX 2070 DUKE 8G OC']]"
9SIBMWJJW81779,GIGABYTE Eagle GeForce RTX 3070 Ti 8GB GDDR6X PCI Express 4.0 ATX Video Card GV-N307TEAGLE-8GD,GIGABYTE,4.5,30.0,580.99,$49.99 Shipping,https://c1.neweggimages.com/ProductImageCompressAll300/14-932-445-01.jpg,"[[' 1770 MHz', ' 7680 x 4320', ' 2 x DisplayPort 1.4a', ' 2 x HDMI 2.1', 'GV-N307TEAGLE-8GD']]"
9SIAVXDJNH3602,MLLSE New Graphics Card RTX 3060 12GB X-GAME NVIDIA GPU Samsung GDDR6 192bit DP*3 PCI Express 4.0 x16 rtx 3060 12gb Video card,Mllse,,,299.0,$8.37 Shipping,https://c1.neweggimages.com/ProductImageCompressAll300/AVXDS2211090GS0FID3.jpg,"[['rtx3060-12g', '9SIAVXDJNH3602']]"
9SIBMWJJX67577,MSI GeForce RTX 2070 8GB GDDR6 PCI Express 3.0 x16 Video Card RTX 2070 GAMING Z 8G,MSI,3.6,32.0,457.98,$49.99 Shipping,https://c1.neweggimages.com/ProductImageCompressAll300/14-137-364-V08.jpg,"[[' 1410 MHz', ' 7680 x 4320', ' 3 x DisplayPort 1.4', ' 1 x HDMI 2.0b', 'RTX 2070 GAMING Z 8G']]"
9SIB4KCJ7G2833,ASUS Radeon RX 550 PH-RX550-4G-M7 4GB 128-Bit GDDR5 HDCP Ready Video Card,ASUS,,,184.96,0,https://c1.neweggimages.com/ProductImageCompressAll300/14-126-242-V01.jpg,"[[' 1071 MHz', ' 5120 x 2880', ' 1 x DisplayPort 1.4', ' 1 x DVI-D', 'PH-RX550-4G-M7']]"
9SIAFJ88V74067,DIAMOND Radeon HD 5450 1GB GDDR3 PCI Express 2.1 x16 CrossFireX Support Low Profile Video Card 5450PE31G,Diamond Multimedia,3,2.0,71.36,0,https://c1.neweggimages.com/ProductImageCompressAll300/14-103-200-03.jpg,"[[' 650 MHz', ' 4096 x 2160', ' 1 x Dual-Link DVI', ' 1 x HDMI', '5450PE31G']]"
9SIA4REJT74468,"CORN GeForce GTX 1660 SUPER MINI ITX 6G Graphics Card, 6GB 192-bit GDDR6, Support PCI Express 3.0, 1 x HDMI, 1 x DisplayPort, 1 x DVI",Corn Electronics,,,149.99,0,https://c1.neweggimages.com/ProductImageCompressAll300/A4RES2303010HJE6S5D.jpg,"[[' 1530 MHz', ' 1 x DisplayPort 1.4', ' 1 x DVI', ' 1 x HDMI 2.0b', 'GTX 1660 SUPER 6G ITX', '9SIA4REJT74468']]"
9SIBGFDJPN5548,ASUS ROG STRIX Radeon RX 6800 XT 16GB GDDR6 PCI Express 4.0 CrossFireX Support Video Card ROG-STRIX-LC-RX6800XT-O16G-GAMING,ASUS,4.3,15.0,1047.99,$53.00 Shipping,https://c1.neweggimages.com/ProductImageCompressAll300/14-126-475-01.jpg,"[[' 7680 x 4320', ' 2 x DisplayPort 1.4a', ' 1 x HDMI 2.1', ' 10.91"" x 5.15""', 'STRIX-LC-RX6800XT-O1']]"
9SIA4REJT73786,"CORN Radeon RX 580 8G D5 Graphics Card, 8GB 256-bit GDDR5, Support PCI Express 3.0 × 16, 1206 MHz Core Frequency, HDMI Interface",Corn Electronics,,,89.99,0,https://c1.neweggimages.com/ProductImageCompressAll300/A4RES23030107Y4W229.jpg,"[['Radeon RX 580 8G', '9SIA4REJT73786']]"
9SIA4REJT73721,"CORN Radeon RX 5500 XT 8G D6 Graphics Card, 8GB 128-bit GDDR6, Support PCI Express 4.0, 1607 MHz Core Frequency, 1×HDMI, 3×DisplayPort",Corn Electronics,,,149.99,0,https://c1.neweggimages.com/ProductImageCompressAll300/A4RES23030106YRPT29.jpg,[['Radeon RX 5500 XT']]
9SIA4REJX24120,"iGame GeForce RTX 4060 Ti Ultra W OC 8GB Graphics Card,8G 128-Bit GDDR6,PCI Express 4.0,Display Interfaces 1*HDMI,3*DP-White",Corn Electronics,,,629.99,0,https://c1.neweggimages.com/ProductImageCompressAll300/A4RES230619061DWSBB.jpg,"[[' 2310 MHz', ' 7680 x 4320', ' 3 x DisplayPort 1.4a', ' 1 x HDMI 2.1', 'iGame RTX 4060 Ti Ultra W OC 8G', '9SIA4REJX24120']]"
9SIB7VEJZA4767,"ZOTAC RTX 3070Ti-8G6X PGF GOC (LHR) Video Card,8GB 256-bit GDDR6X,Boost 1830 MHz, PCI Express 4.0,1×HDMI2.1 Interface, 2×DisplayPort1.4a Interface",ZOTAC,,,759.99,0,https://c1.neweggimages.com/ProductImageCompressAll300/B7VES2306190QCW6GFA.jpg,"[['BEZOTAC RTX3070Ti-8G6X PGF GOC', '9SIB7VEJZA4767']]"
9SIAYTVJZC0134,"MAXSUN GeForce RTX 4090 Turbo 24G Graphics Card,24G 384-Bit GDDR6X,PCI Express 4.0,Display Interfaces 1*HDMI,3*DP",MAXSUN,,,2189.9,$49.99 Shipping,https://c1.neweggimages.com/ProductImageCompressAll300/A4RES2306190CLQ2846.jpg,"[[' 2235 MHz', ' 7680 x 4320', ' 3 x DisplayPort 1.4a', ' 1 x HDMI 2.1', 'RTX 4090 Turbo 24G']]"
9SIA4REH878075,ASUS Dual GeForce RTX 2080 SUPER 8GB GDDR6 PCI Express 3.0 SLI Support Video Card DUAL-RTX2080S-8G-EVO-V2,ASUS,,,1374.99,0,https://c1.neweggimages.com/ProductImageCompressAll300/APMXS210729n85qv.jpg,"[['DUAL-RTX2080S-8G-EVO-V2', '9SIA4REH878075']]"
9SIBN7EJWG0929,NVIDIA GeForce RTX 4060 TI Founder's Edition Graphics Card - Titanium and black,NVIDIA,,,589.99,0,https://c1.neweggimages.com/ProductImageCompressAll300/BN7ES2306060JYPR15B.jpg,[['900-1G141-2560-000']]
9SIAA0TJTV7866,PNY NVIDIA Quadro T400 4GB GDDR6 Graphics Card,"PNY Technologies, Inc.",,,188.84,0,https://c1.neweggimages.com/ProductImageCompressAll300/A4YUD22052308120M16.jpg,[['VCNT400-4GB-SB']]
9SIA4REJT02461,"ZOTAC GeForce RTX 3070Ti-8G6X TianQi OC Video Card, 8GB 256-bit GDDR6X, PCIE 4.0 Gaming Graphics Card, 1×HDMI Interface, 3×DisplayPort Interface, ARGB Lighting",ZOTAC,,,866.99,0,https://c1.neweggimages.com/ProductImageCompressAll300/AYTVS2205270J9Y7AAB.jpg,[['B-ZOTAC RTX 3070Ti TianQi OC']]
9SIB7VEJTJ7487,"ASUS ATS RTX 3070 8G GAMING Video Card, GPU Graphics 8GB 256-bit GDDR6 PCI Express 4.0 , 2×HDMI2.1 Interface, 3×DisplayPort1.4a Interface , ATS-RTX3060TI-O8GD6X-GAMING V2",ASUS,,,729.0,0,https://c1.neweggimages.com/ProductImageCompressAll300/B7VES2304270KV9T404.jpg,"[['BEATS-RTX3070-O8G-GAMING', '9SIB7VEJTJ7487']]"
9SIA4REJX07245,Gainward GeForce RTX 4060 Ti Snow 8GB GDDR6 128-bit 18 Gbps PCIE 4.0 Gaming Graphics Card,,,,589.99,0,https://c1.neweggimages.com/ProductImageCompressAll300/A4RES2306160FXHI202.jpg,"[[' 7680 x 4320', ' 3 x DisplayPort 1.4a', ' 1 x HDMI 2.1', ' 278*113 mm', 'GeForce RTX 4060 Ti Ta Xue', '9SIA4REJX07245']]"
9SIB7VEK0D9528,"ASUS TUF Gaming NVIDIA GeForce RTX3060Ti OC Edition Graphics Card (PCIe 4.0, 8GB GDDR6X, HDMI 2.1, DisplayPort 1.4a, Dual Ball Fan Bearings, Military-grade Certification) TUF-RTX3060TI-O8GD6X-GAMING",ASUS,,,629.0,0,https://c1.neweggimages.com/ProductImageCompressAll300/B7VES2307060ZEY36A2.jpg,"[['BETUF-RTX3060TI-O8GD6X-GAMING', '9SIB7VEK0D9528']]"
9SIA4REJX08149,Gainward GeForce RTX 4060 Ti EX3 Chasing The Wind 8GB GDDR6 128-bit 18 Gbps PCIE 4.0 Gaming Graphics Card,,,,579.99,0,https://c1.neweggimages.com/ProductImageCompressAll300/A4RES2306160HLNYMB5.jpg,"[[' 7680 x 4320', ' 3 x DisplayPort 1.4a', ' 1 x HDMI 2.1', ' 290*128 mm', 'RTX 4060 Ti Chasing The Wind EX', '9SIA4REJX08149']]"
9SIB7VEK0D9851,"ASUS Dual NVIDIA GeForce RTX3060Ti White OC Edition Graphics Card (PCIe 4.0, 8GB GDDR6X Memory, HDMI 2.1, DisplayPort 1.4a, 2-Slot Design, Axial-tech Fan Design, 0dB Technology)",ASUS,,,589.99,0,https://c1.neweggimages.com/ProductImageCompressAll300/B7VES230706115E6489.jpg,"[['BEDUAL-RTX3060TI-O8GD6X-WHITE', '9SIB7VEK0D9851']]"
9SIBBN9JRT5711,PNY VERTO GeForce RTX  3060 Ti 8GB GDDR6X PCI Express 4.0 x16  Video Card VCG3060T8LDFBPB1,"PNY Technologies, Inc.",,,489.85,0,https://c1.neweggimages.com/ProductImageCompressAll300/AYTVS2303170DZ5ZNCB.jpg,"[[' 1410 MHz', ' 7680 x 4320', ' 3 x DisplayPort 1.4a', ' 1 x HDMI 2.1', 'VCG3061T8LDFBPB1']]"
9SIBMWJJX67578,MSI GeForce RTX 2070 8GB GDDR6 PCI Express 3.0 x16 Video Card RTX 2070 Ventus 8G,MSI,3.7,29.0,422.18,$49.99 Shipping,https://c1.neweggimages.com/ProductImageCompressAll300/14-137-376-V09.jpg,"[[' 1410 MHz', ' 7680 x 4320', ' 3 x DisplayPort 1.4', ' 1 x HDMI 2.0b', 'RTX 2070 Ventus 8G']]"
9SIA4REJSW3719,"Colorful iGame GeForce RTX 4070 Ti Neptune OC Graphics Card,12G 192-Bit GDDR6X,PCI Express 4.0,Display Interfaces 1*HDMI,3*DP",Corn Electronics,,,1349.99,0,https://c1.neweggimages.com/ProductImageCompressAll300/A4RES230215074TY812.jpg,"[[' 2310 MHz', ' 7680 x 4320', ' 3 x DisplayPort', ' 1 x HDMI', 'RTX 4070 Ti Neptune OC', '9SIA4REJSW3719']]"
9SIARPHJNC3078,MSI GeForce RTX 2070 8GB GDDR6 PCI Express 3.0 x16 Video Card RTX 2070 GAMING X 8G,MSI,3.9,9.0,458.08,$49.99 Shipping,https://c1.neweggimages.com/ProductImageCompressAll300/14-137-406-V01.jpg,"[[' 7680 x 4320', ' 3 x DisplayPort 1.4', ' 1 x HDMI 2.0b', ' 11.61"" x 5.51""', 'RTX 2070 GAMING X 8G']]"
9SIAVXDJP27671,MLLSE 100% New RTX 3080 10GB NVIDIA Game NVIDIA GPU 8Pin+8Pin GDDR6X 320bit HDMI*1 DP*3 PCI-E 4.0 x16 rtx3080 10gb Graphics Card,Mllse,,,699.0,$8.37 Shipping,https://c1.neweggimages.com/ProductImageCompressAll300/AVXDS22110202DO0684.jpg,"[['3080-10g', '9SIAVXDJP27671']]"
9SIB4KCJM33701,ASUS ROG Strix GUNDAM EDITION GeForce RTX 3090 24GB GDDR6X PCI Express 4.0 SLI Support Video Card ROG-STRIX-GeForce-RTX-3090-GUNDAM-EDITION,ASUS,,,3698.1,0,https://c1.neweggimages.com/ProductImageCompressAll300/APMXS211020pYkPm.jpg,[['XRL-82']]
9SIBMWJJX67779,MSI GeForce RTX 2080 SUPER 8GB GDDR6 PCI Express 3.0 x16 SLI Support Video Card RTX 2080 Super Gaming TRIO,MSI,4.2,15.0,641.19,$49.99 Shipping,https://c1.neweggimages.com/ProductImageCompressAll300/14-137-468-V03.jpg,"[[' 7680 x 4320', ' 3 x DisplayPort 1.4', ' 1 x HDMI 2.0b', ' 12.91"" x 5.51""', 'RTX2080SuperGam TRIO']]"
9SIARPHJNC3122,"GIGABYTE GeForce RTX 2070 WINDFORCE 8G (Rev 3.0) Graphics Card, 2 x WINDFORCE Fans, 8GB 256-Bit GDDR6, GV-N2070WF2-8GD (Rev 3.0) Video Card",GIGABYTE,3.5,48.0,419.2,$49.99 Shipping,https://c1.neweggimages.com/ProductImageCompressAll300/14-932-226-V01.jpg,"[[' 1620 MHz', ' 7680 x 4320 @ 60 Hz', ' 3 x DisplayPort 1.4', ' 1 x HDMI 2.0b', 'GV-N2070WF2-8GD Rev3']]"
9SIAD6HHYS9303,GIGABYTE Eagle Radeon RX 6650 XT 8GB GDDR6 PCI Express 4.0 ATX Video Card GV-R665XTEAGLE-8GD,GIGABYTE,4.2,47.0,478.99,0,https://c1.neweggimages.com/ProductImageCompressAll300/14-932-521-V01.jpg,"[[' 7680 x 4320', ' 2 x DisplayPort 1.4a', ' 2 x HDMI 2.1', ' 11.10"" x 4.45""', 'GV-R665XTEAGLE-8GD', '9SIAD6HHYS9303']]"
9SIA4REJX24498,"Tomahawk GeForce RTX 4060 Ti NB EX 8GB Graphics Card,8G 128-Bit GDDR6,PCI Express 4.0,Display Interfaces 1*HDMI,3*DP",Corn Electronics,,,599.99,0,https://c1.neweggimages.com/ProductImageCompressAll300/A4RES23061907H8T523.jpg,"[[' 2310 MHz', ' 7680 x 4320', ' 3 x DisplayPort 1.4a', ' 1 x HDMI 2.1', 'RTX 4060 Ti NB EX 8GB', '9SIA4REJX24498']]"
9SIARPHJT26310,"GIGABYTE GeForce RTX 2080 Ti GAMING OC 11G Graphics Card, 3 x WINDFORCE Fans, 11GB 352-Bit GDDR6, GV-N208TGAMING OC-11GC Video Card",GIGABYTE,3.2,28.0,641.18,$49.99 Shipping,https://c1.neweggimages.com/ProductImageCompressAll300/14-932-064-V07.jpg,"[[' 1665 MHz in OC mode\n1650 MHz in Gaming mode', ' 7680 x 4320 @ 60 Hz', ' 3 x DisplayPort 1.4', ' 1 x HDMI 2.0b', 'GV-N208TGAMING OC-11']]"
9SIARPHJJP0976,"GIGABYTE Radeon RX 580 GAMING 8G (rev. 2.0) Graphics Card, PCIe 3.0, 8GB 256-Bit GDDR5, GV-RX580GAMING-8GD REV2.0 Video Card",GIGABYTE,4.1,157.0,311.6,$49.99 Shipping,https://c1.neweggimages.com/ProductImageCompressAll300/14-932-247 2.jpg,"[[' OC mode: up to 1355 MHz\nGaming mode: up to 1340 MHz', ' 7680 x 4320', ' 3 x DisplayPort 1.4', ' 1 x HDMI 2.0b', 'GV-RX580GAMING-8GDV2']]"
9SIARPHJRH2130,ASUS ROG STRIX GeForce RTX 3060 Ti 8GB GDDR6 PCI Express 4.0 Video Card ROG-STRIX-RTX3060TI-O8G-GAMING,ASUS,4.8,33.0,533.0,$49.99 Shipping,https://c1.neweggimages.com/ProductImageCompressAll300/14-126-470-V13.jpg,"[[' 1890 MHz', ' 7680 x 4320', ' 3 x DisplayPort 1.4a', ' 2 x HDMI 2.1', 'STRIX-RTX3060TI-O8G']]"
9SIA4REJX08969,GALAXY Geforce RTX 4060 Ti XingYao OC 8GB GDDR6 128-bit 18 Gbps PCIE 4.0 Gaming Graphics Card,,,,659.99,0,https://c1.neweggimages.com/ProductImageCompressAll300/A4RES2306160IYNS3AF.jpg,"[[' 2310 MHz', ' 7680 x 4320', ' 3 x DisplayPort', ' 1 x HDMI', 'RTX 4060 Ti XingYao OC', '9SIA4REJX08969']]"
9SIB7VEK0E0014,"ASUS ATS Gaming NVIDIA GeForce RTX4060Ti OC Edition Graphics Card (PCIe 4.0, 8GB GDDR6, HDMI 2.1, DisplayPort 1.4a, Axial-tech Fans, GPU TWEAK III)",ASUS,,,729.99,0,https://c1.neweggimages.com/ProductImageCompressAll300/B7VES230706127S1Y0F.jpg,"[['BEATS-RTX4060TI-O8G-GAMING', '9SIB7VEK0E0014']]"
9SIA4REJX08040,Gainward GeForce RTX 4060 Ti Chasing The Wind 8GB GDDR6 128-bit 18 Gbps PCIE 4.0 Gaming Graphics Card,,,,559.99,0,https://c1.neweggimages.com/ProductImageCompressAll300/A4RES2306160HDA6394.jpg,"[[' 7680 x 4320', ' 3 x DisplayPort 1.4a', ' 1 x HDMI 2.1', ' 217*126.5 mm', 'RTX 4060 Ti Chasing The Wind', '9SIA4REJX08040']]"
9SIB7VEK0E0122,ASUS Dual GeForce RTX 4070 White OC Overclocked Edition 12GB GDDR6X Gaming Graphics Card [DUAL-RTX4070-O12G-WHITE],ASUS,,,899.99,0,https://c1.neweggimages.com/ProductImageCompressAll300/BDCAS23051505VSJFE1.jpg,[['ASUS Dual GeForce RTX 4070 White O12G']]
9SIARA8JUA8552,ASUS GeForce GT 1030 90YV0AU0-M0NA00 2GB 64-Bit GDDR5 PCI Express 3.0 HDCP Ready Video Card,ASUS,,,124.99,0,https://c1.neweggimages.com/ProductImageCompressAll300/ADWF_1_2019011376095407.jpg,"[[' 1278 MHz (OC Mode)\n1252 MHz (Gaming Mode)', ' 1920 x 1200', ' 1 x DVI-D', ' 1 x HDMI 2.0', '90YV0AU0-M0NA00']]"
9SIB7VEK0U7121,"ASUS TUF Gaming NVIDIA GeForce RTX 4070 Ti Gaming Graphics Card (PCIe 4.0, 12GB GDDR6X, HDMI 2.1a, DisplayPort 1.4a)",ASUS,,,1199.0,0,https://c1.neweggimages.com/ProductImageCompressAll300/B7VES2307080XUGYK70.jpg,"[['BETUF-RTX4070-12G-GAMING', '9SIB7VEK0U7121']]"
9SIAUNCJD49423,"AMD RADEON RX 6800 XT Gaming Graphics Card, 7nm AMD RDNA2 16GB GDDR6 256-bit AMD Reference Card, PCIE 4.0 HDMI*1 DP 1.4a*2 Type-C*1 Video Card, Reference Edition Gaming Graphics Card",AMD,,,848.99,$49.99 Shipping,https://c1.neweggimages.com/ProductImageCompressAll300/APBUS22081803ZCE629.jpg,[['AMD RADEON RX 6800 XT']]
9SIA25VJRT6303,"ASUS TUF Gaming NVIDIA GeForce RTX 4090 OC Edition Video Card (PCIe 4.0, 24GB GDDR6X, HDMI 2.1, DisplayPort 1.4a, GPU Tweak) TUF-RTX4090-O24G-GAMING(No Warranty)",ASUS,,,2114.09,0,https://c1.neweggimages.com/ProductImageCompressAll300/AYTVS2211010I07A103.jpg,"[[' 7680 x 4320', ' 3 x DisplayPort 1.4a', ' 2 x HDMI 2.1', ' 348.2 x 72.6 mm', 'B-ASUS TUF-RTX4090-O24G-GAMING', '9SIA25VJRT6303']]"
9SIBMYNJXA1397,HP INC. - SB WORKSTATION OPTIONS 1ME43AT SMART BUY NVIDIA QUADRO P400,HP,,,216.0,0,https://c1.neweggimages.com/ProductImageCompressAll300/A19P_1_20191031838715748.jpg,"[[' HP', ' 145 mm', '1ME43AT']]"
9SIAYTVFCK3321,"Colorful GeForce RTX 3070 NB 8G GDDR6 256bit Video Gaming Computer Graphics Card Support DirectX 12 Ultimate/OpenGL4.6, Display Ports HDMI/DP",Colorful,,,913.57,$49.99 Shipping,https://c1.neweggimages.com/ProductImageCompressAll300/A4RED20111349IB9.jpg,"[[' 1500 MHz', ' 7680 x 4320', ' 3 x DisplayPort 1.4a', ' 1 x HDMI 2.1', 'RTX 3070 NB', '9SIAYTVFCK3321']]"
9SIAYTVJZB9520,"MAXSUN GeForce RTX 4070 Terminator W 12G Graphics Card, 12GB 192-bit GDDR6X, HDMI2.1 PCIE 4.0 X16, Pulse Alloy Reinforced Backplane, One-Button Switching Lighting Effect",MAXSUN,,,769.98,$49.99 Shipping,https://c1.neweggimages.com/ProductImageCompressAll300/A4RES2306160D2Y9VE1.jpg,"[[' 1920MHz', ' 7680 x 4320', ' 3 x DisplayPort 1.4', ' 1 x HDMI 2.1', 'RTX 4070 Terminator W 12G']]"
9SIA4REJSW4523,"Gainward GEFORCE RTX 4070 Ti Chaser Wind Graphics Card,12G 192-Bit GDDR6X,PCI Express 4.0,Display Interfaces 1*HDMI,3*DP",,,,1169.99,0,https://c1.neweggimages.com/ProductImageCompressAll300/A4RES2302150ITPCF19.jpg,"[[' 7680 x 4320', ' 3 x DisplayPort 1.4a', ' 1 x HDMI 2.1', ' 327*137 mm', 'RTX 4070 Ti Chaser Wind', '9SIA4REJSW4523']]"
9SIARPHJVD6528,MSI GeForce RTX 2070 8GB GDDR6 PCI Express 3.0 x16 Video Card RTX 2070 DUKE 8G OCV1,MSI,4.5,2.0,453.31,$49.99 Shipping,https://c1.neweggimages.com/ProductImageCompressAll300/14-137-413-V01.jpg,"[[' 7680 x 4320', ' 3 x DisplayPort 1.4', ' 1 x HDMI 2.0b', ' 12.36"" x 4.57""', 'RTX2070 DUKE 8G OCV1']]"
9SIAYTVGMK0330,MSI Gaming GeForce RTX 3060 12GB GDDR6 PCI Express 4.0 Video Card RTX 3060 Gaming X 12G LHR,MSI,4,1.0,401.99,$49.99 Shipping,https://c1.neweggimages.com/ProductImageCompressAll300/APMXS210816u17Yt.jpg,"[[' 7680 x 4320', ' 3 x DisplayPort 1.4a', ' 1 x HDMI 2.1', ' 10.87"" x 5.16""', '3060 Gaming X LHR']]"
9SIAWNTJTF4424,HOT-2 Pack Graphics Card 6 Pin to 8 Pin PCIe Adapter Power Cable (GPU Video Graphics Card Power Cable)  Color:(black   yellow),,,,15.56,$5.00 Shipping,https://c1.neweggimages.com/ProductImageCompressAll300/AWNPD23031007W5T243.jpg,"[['WM-G-00120', '9SIAWNTJTF4424']]"
9SIBMWJJX67782,MSI GeForce RTX 2080 8GB GDDR6 PCI Express 3.0 x16 SLI Support Video Card RTX 2080 GAMING TRIO,MSI,3.9,11.0,556.19,$49.99 Shipping,https://c1.neweggimages.com/ProductImageCompressAll300/14-137-387-V06.jpg,"[[' 7680 x 4320', ' 3 x DisplayPort 1.4', ' 1 x HDMI 2.0b', ' 12.87"" x 5.51""', 'RTX 2080 GAMING TRIO']]"
9SIAFJ8A0U9707,"Visiontek Radeon HD 5450 2GB DDR3 (DVI-I, HDMI, VGA), 900356",VisionTek,,,71.56,0,https://c1.neweggimages.com/ProductImageCompressAll300/AG7R_131946727190573914h5C9UjSbYy.jpg,"[[' 2560 x 1600', ' 1 x DVI-I', ' 1 x HDMI', ' DirectX 11', 'V900356', '9SIAFJ8A0U9707']]"
9SIBBN9JRX9197,"GIGABYTE GeForce RTX 3070 EAGLE 8GB Video Card, GV-N3070EAGLE-8GD",GIGABYTE,4.6,8.0,559.97,0,https://c1.neweggimages.com/ProductImageCompressAll300/14-932-344-V12.jpg,"[[' 7680 x 4320 @60Hz', ' 2 x DisplayPort 1.4a', ' 2 x HDMI 2.1', ' 11.10"" x 4.53""', 'GV-N3070EAGLE-8GD']]"
9SIA4RE8Y72969,"CORN GTX 950 128-Bit 2GB GDDR5 Graphic Card with dual fans GTX950 Video Card GPU PCI Express 3.0 DP/DVI-D/HDMI,Play for LOL,PUBG,OW,War Thunder etc.",Corn Electronics,1,1.0,175.99,0,https://c1.neweggimages.com/ProductImageCompressAll300/A4RE_131988223748093377bTKfc89Lsa.jpg,"[[' 1026 MHz', ' 1 x DisplayPort', ' 1 x DVI', ' 1 x HDMI', 'DZ-XK-024-GTX950-2G', '9SIA4RE8Y72969']]"
9SIBMWJJWP6771,"GIGABYTE GeForce GTX 1660 GAMING OC 6G Graphics Card, 3 x WINDFORCE Fans, 6GB 192-Bit GDDR5, GV-N1660GAMING OC-6GD Video Card",GIGABYTE,4.7,12.0,239.3,$49.99 Shipping,https://c1.neweggimages.com/ProductImageCompressAll300/14-932-137-Z01.jpg,"[[' 1860 MHz', ' 7680 x 4320 @ 60 Hz', ' 3 x DisplayPort 1.4', ' 1 x HDMI 2.0b', 'GV-N1660GAMING OC-6G']]"
9SIB0U7JZK5524,MSI Ventus GeForce RTX 3060 12GB GDDR6 PCI Express 4.0 Video Card RTX 3060 Ventus 3X 12G OC,MSI,,,399.09,0,https://c1.neweggimages.com/ProductImageCompressAll300/AYTVS2208010LAXR9B1.jpg,"[[' 7680 x 4320', ' 3 x DisplayPort 1.4a', ' 1 x HDMI 2.1', ' 12.44"" x 4.72""', 'MSI GeForce RTX 3060 VENTUS 3X OC']]"
9SIA4REJSW1295,"Manli GeForce RTX 4070 Ti Gallardo Graphic Card,12GB GDDR6X 192Bit PCI Express X16 4.0 Desktop Gaming Computer GPU Video Card",Corn Electronics,,,1149.99,0,https://c1.neweggimages.com/ProductImageCompressAll300/A4RES2302140LSXFR03.jpg,"[[' 2310 MHz', ' 7680 x 4320', ' 3 x DisplayPort', ' 1 x HDMI', 'GeForce RTX 4070 Ti', '9SIA4REJSW1295']]"
9SIAVXDJP04730,MLLSE 100% New Graphics Card RTX3060 12GB GAME NVIDIA GPU GDDR6 Samsung memory 192bit HDMI*1 DP*3 PCI Express 4.0 x16 rtx 3060 12gb game Video card,Mllse,5,1.0,299.0,$8.34 Shipping,https://c1.neweggimages.com/ProductImageCompressAll300/AVXDS2211070HEOFG67.jpg,"[[' Double Fans', 'rtx3060-12gb', '9SIAVXDJP04730']]"
9SIB86XJ949510,51RISC Graphics Cards RTX3060Ti 8G GDDR6 GPU Computer PC 192bit DP*3 PCI Express X16 4.0 Gaming Video Card placa de video,51Risc,,,399.0,0,https://c1.neweggimages.com/ProductImageCompressAll300/B86XS2210130LFU8LDE.jpg,"[[' 3 x DisplayPort 1.4a', ' 1 x HDMI 2.1', ' NVIDIA', ' NVIDIA GeForce RTX 30 Series', 'MANLIRTX3060TI', '9SIB86XJ949510']]"
9SIB7VEJPH3127,ASUS KO GeForce RTX 3060 Ti V2 OC Edition 8GB GDDR6 PCI Express 4.0 x16 Video Card KO-RTX3060TI-O8G-V2-GAMING (LHR),ASUS,4.7,63.0,739.89,0,https://c1.neweggimages.com/ProductImageCompressAll300/14-126-526-V03.jpg,"[[' 7680 x 4320', ' 3 x DisplayPort 1.4a', ' 2 x HDMI 2.1', ' 10.83"" x 5.31""', 'KO-RTX3060TI-O8G-V2-', '9SIB7VEJPH3127']]"
9SIAA0TK0C1405,HP INC. Z0B13AT SBUY NVIDIA QUADRO P5000 16GB GRAPHICS,HP,,,551.1,0,https://c1.neweggimages.com/ProductImageCompressAll300/A4M5_1_201911021865362209.jpg,[['Z0B13AT']]
9SIAM4SGTJ8248,NVIDIA GeForce GTX 970 Graphic Card - 1.05 GHz Core - 1.18 GHz Boost Clock - 4 GB GDDR5 - Dual Slot Space Required,NVIDIA,2,1.0,448.43,0,https://c1.neweggimages.com/ProductImageCompressAll300/A98Y_1_20180521880354571.jpg,"[[' 1.05 GHz', ' Yes', ' Yes', ' Yes', '900-1G401-2510-000']]"
9SIA4REJSW3949,"Gainward GeForce RTX 4070 Ti XingjiHaoYue OC Graphics Card,12G 192-Bit GDDR6X,PCI Express 4.0,Display Interfaces 1*HDMI,3*DP",,,,1229.99,0,https://c1.neweggimages.com/ProductImageCompressAll300/A4RES2302150EUV4M20.jpg,"[[' 7680 x 4320', ' 3 x DisplayPort', ' 1 x HDMI', ' 330×138 mm', 'RTX 4070 Ti XingjiHaoYue OC', '9SIA4REJSW3949']]"
9SIA4REJSW3908,"Gainward GeForce RTX 4070 Ti XingjiHuanJi OC Graphics Card,12G 192-Bit GDDR6X,PCI Express 4.0,Display Interfaces 1*HDMI,3*DP",,,,1249.99,0,https://c1.neweggimages.com/ProductImageCompressAll300/A4RES2302150EEHVFF6.jpg,"[[' 7680 x 4320', ' 3 x DisplayPort', ' 1 x HDMI', ' 330×138 mm', 'GeForce RTX 4070 Ti XingjiHuanJi OC', '9SIA4REJSW3908']]"
9SIB11NJSU2160,GIGABYTE AORUS GeForce RTX 2080 Ti 11GB GDDR6 PCI Express 3.0 x16 SLI Support ATX Video Card GV-N208TAORUS-11GC,GIGABYTE,2.3,6.0,799.99,0,https://c1.neweggimages.com/ProductImageCompressAll300/14-932-077-V01.jpg,"[[' 1695 MHz', ' 7680 x 4320', ' 3 x DisplayPort 1.4', ' 3 x HDMI 2.0b', 'GV-N208TAORUS-11GC']]"
9SIARPHJT26312,GIGABYTE RTX 2080 TI 11GB GDDR6 GV-N208TWF3-11GC PCI Express 3.0 x16 Video Card,GIGABYTE,2.6,14.0,631.18,$49.99 Shipping,https://c1.neweggimages.com/ProductImageCompressAll300/14-932-079-V11.jpg,"[[' 1545 MHz', ' 7680 x 4320 @ 60 Hz', ' 3 x DisplayPort 1.4', ' 1 x HDMI 2.0b', 'GV-N208TWF3-11GC']]"
9SIA4REJTE9337,"GALAXY GeForce RTX 4070 Ti HOF OC LAB Graphics Card,12G 192-Bit GDDR6X,PCI Express 4.0,Display Interfaces 1*HDMI,3*DP",,,,1359.99,0,https://c1.neweggimages.com/ProductImageCompressAll300/A4RES2303090DTC2V40.jpg,"[[' 2310 MHz', ' 7680 x 4320', ' 3 x DisplayPort', ' 1 x HDMI', 'RTX 4070 Ti HOF OC LAB', '9SIA4REJTE9337']]"
9SIARPHJRH2532,MSI Ventus GeForce RTX 3060 12GB GDDR6 PCI Express 4.0 Video Card RTX 3060 Ventus 2X 12G OC,MSI,5,2.0,404.0,$49.99 Shipping,https://c1.neweggimages.com/ProductImageCompressAll300/AKEXS210714IVFsv.jpg,[['RTX 3060 Ventus 2X 12G OC']]
9SIAYTVJMD0957,ZOTAC GeForce RTX 4080 16GB Apocalypse OC  Video Card PCI Express 4.0 RTX 4080 GDDR6X Graphics Card,ZOTAC,4,1.0,1549.9,$49.99 Shipping,https://c1.neweggimages.com/ProductImageCompressAll300/BGVAS2211240LAP24BC.jpg,"[[' 7680 x 4320', ' 3 x DisplayPort 1.4a', ' 1 x HDMI 2.1', ' 15x7.4', '6974601290877']]"
9SIARPHJT86252,MSI GeForce RTX 2080 8GB GDDR6 PCI Express 3.0 x16 SLI Support Video Card RTX 2080 VENTUS GP 8G,MSI,4.5,2.0,511.08,$49.99 Shipping,https://c1.neweggimages.com/ProductImageCompressAll300/14-137-462-Z07.jpg,"[[' 7680 x 4320', ' 3 x DisplayPort 1.4', ' 1 x HDMI 2.0b', ' 10.04"" x 5.00""', 'RTX2080 VENTUS GP 8G']]"
9SIARPHJXV9597,MSI Gaming GeForce RTX 3070 Ti 8GB GDDR6X PCI Express 4.0 Video Card RTX 3070 Ti GAMING TRIO 8G,MSI,,,583.88,$49.99 Shipping,https://c1.neweggimages.com/ProductImageCompressAll300/14-137-663-S13.jpg,"[[' 7680 x 4320', ' 3 x DisplayPort 1.4a', ' 1 x HDMI 2.1', ' 12.72"" x 5.51""', 'RTX3070TGAMINGTRIO8G']]"
9SIA4REJSW3871,"Colorful iGame GeForce RTX 4070 Ti Vulcan OC Graphics Card,12G 192-Bit GDDR6X,PCI Express 4.0,Display Interfaces 1*HDMI,3*DP",Corn Electronics,,,1459.99,0,https://c1.neweggimages.com/ProductImageCompressAll300/A4RES2302150CLOME99.jpg,"[[' 2310 MHz', ' 7680 x 4320', ' 3 x DisplayPort', ' 1 x HDMI', 'RTX 4070 Ti Vulcan OC', '9SIA4REJSW3871']]"
9SIARPHJRH3582,MSI Gaming GeForce RTX 3060 Ti 8GB GDDR6 PCI Express 4.0 Video Card RTX 3060 Ti GAMING X TRIO LHR,MSI,,,483.5,$49.99 Shipping,https://c1.neweggimages.com/ProductImageCompressAll300/APBUD210706DFHVV.jpg,"[[' 1830 MHz', ' 7680x4320', ' 3 x DisplayPort 1.4a', ' 1 x HDMI 2.1', 'B-RTX 3060 TI GAMING']]"
9SIAYTVJZB9689,MAXSUN Geforce RTX 4070 Ti iCraft OC 12G GDDR6X Computer Graphics Card for Gaming PC Doodles RGB Backplate HDMI2.1 PCIE 4.0 X16 GPU,MAXSUN,,,1089.98,$49.99 Shipping,https://c1.neweggimages.com/ProductImageCompressAll300/A4RES23061605RNCQF7.jpg,"[[' 2310MHz', ' 7680 x 4320', ' 3 x DisplayPort 1.4', ' 1 x HDMI 2.1', 'RTX 4070 Ti iCraft OC 12G']]"
9SIAYTVK057629,ZOTAC GAMING GEFORCE RTX 4070 AMP AIRO [Spider-Man: Across the New Universe] joint graphics card [ZT-D40700F-10SMP],ZOTAC,,,932.99,$49.99 Shipping,https://c1.neweggimages.com/ProductImageCompressAll300/BDCAS2305200CRUL87F.jpg,[['ZOTAC ZT-D40700F-10SMP']]
9SIAYTVFCS4330,GIGABYTE Gaming GeForce RTX 3070 Ti 8GB GDDR6X PCI Express 4.0 x16 ATX Video Card GV-N307TGAMING OC-8GD,GIGABYTE,,,609.99,$49.99 Shipping,https://c1.neweggimages.com/ProductImageCompressAll300/AYTVD2106286C7U5.jpg,[['GV-N307TGAMINGOC8GD']]
9SIA4RE9263263,"CORN GTX650 128-Bit 1GB GDDR5 Graphic Card with fan Video Card GPU Support DirectX11PCI Express 3.0 VGA/DVI-D/HDMI,Play for LOL,PUBG,OW,APex,CSGO etc.",Corn Electronics,,,79.99,0,https://c1.neweggimages.com/ProductImageCompressAll300/A4RE_131992757210167876FTMyyEFzq8.jpg,"[[' 1059 MHz', ' 2048 x 1536', ' 1 x DVI', ' 1 x HDMI', 'DZ-XK-GTX650-1G-01-A', '9SIA4RE9263263']]"
9SIA4REJX09739,CORN GAMING GEFORCE RTX 4060 Ti X2W 8GB GDDR6 128-bit 18 Gbps PCIE 4.0 Gaming Graphics Card,Corn Electronics,,,569.99,0,https://c1.neweggimages.com/ProductImageCompressAll300/A4RES2306160KFH6037.jpg,"[[' 7680 x 4320', ' 3 x DisplayPort', ' 1 x HDMI', ' 250*118 mm', 'AX GAMING GEFORCE RTX 4060 Ti X2W 8GB', '9SIA4REJX09739']]"
9SIAFVFJU19306,Gigabyte NVIDIA GeForce RTX 4070 Graphic Card - 12 GB GDDR6X - 2.49 GHz Core - 192 bit Bus Width - PCI Express 4.0 - DisplayPort - HDMI,GIGABYTE,,,655.44,$20.00 Shipping,https://c1.neweggimages.com/ProductImageCompressAll300/V1DSD23050412LMHJ8A.jpg,"[[' 3 Year', 'GV-N4070WF3OC-12GD']]"
9SIAYTVFCS4310,MSI Gaming GeForce RTX 3070 Ti 8GB GDDR6X PCI Express 4.0 x16 Video Card RTX 3070 Ti Gaming X Trio 8G,MSI,,,600.99,$49.99 Shipping,https://c1.neweggimages.com/ProductImageCompressAll300/AYTVD210628BQ856.jpg,[['RTX 3070 TI GAMING1']]
9SIBBN9JJ94878,PowerColor Hellhound Radeon RX 6600 8GB GDDR6 PCI Express 4.0 ATX Video Card AXRX 6600 8GBD6-3DHL,PowerColor,4.6,13.0,339.87,0,https://c1.neweggimages.com/ProductImageCompressAll300/14-131-790-05.png,"[[' 7680 x 4320', ' 3 x DisplayPort 1.4', ' 1 x HDMI 2.1', ' 8.66"" x 5.20""', 'AXRX 6600 8GBD6-3DHL']]"
9SIA8UCJWJ4850,Lenovo GeForce GT 730 Graphic Card - 2 GB GDDR5 - Low-profile,Lenovo,,,135.21,$19.99 Shipping,https://c1.neweggimages.com/ProductImageCompressAll300/A4M5_1_201812181409816618.jpg,"[[' 902 MHz', ' 0.60', ' DirectX 12', ' NVIDIA', '191200786877']]"
9SIAUNCK0V9058,GIGABYTE AERO OC GeForce RTX 4080 16GB GDDR6X PCI Express 4.0 ATX Video Card GV-N4080AERO OC-16GD,GIGABYTE,,,1645.99,$49.99 Shipping,https://c1.neweggimages.com/ProductImageCompressAll300/A4RES22111707BBH393.jpg,"[[' Triple Fans', 'GIGABYTE AERO OC RTX 4080 16GB']]"
9SIATMXJEC1769,"GPVHOSO GeForce GT 1030 4GB GDRR4 64 Bit HDMI DVI Output Computer Graphics Card, Single Cooling Fan Video Card for PC Gaming",GPVHOSO,,,129.98,0,https://c1.neweggimages.com/ProductImageCompressAll300/ATMXS2212140JR6FO70.jpg,"[[' 1152 MHz', ' 4096 x 2160', ' 1 x DVI', ' 1 x HDMI', 'GT1030-4G', '9SIATMXJEC1769']]"
9SIAUNCK0W0621,"GIGABYTE AORUS GeForce RTX 3090 MASTER 24G (rev. 2.0) Graphics Card, Max Covered Cooling, 24GB 384-bit GDDR6X, GV-N3090AORUS M-24GD REV2.0 Video Card",GIGABYTE,1.7,3.0,1599.99,$49.99 Shipping,https://c1.neweggimages.com/ProductImageCompressAll300/14-932-476-V01.jpg,"[[' 1785 MHz', ' 7680 x 4320', ' 3 x DisplayPort 1.4a', ' 2 x HDMI 2.1\n1 x HDMI 2.0 (The middle HDMI output supports up to HDMI 2.0)', 'GV-N3090AORUSM24GDR2']]"
9SIARPHJNC3111,"GIGABYTE AORUS GeForce RTX 2070 Super 8G Graphics Card, WINDFORCE Stack, 8GB 256-Bit GDDR6, GV-N207SAORUS-8GC Video Card",GIGABYTE,3.7,56.0,553.18,$49.99 Shipping,https://c1.neweggimages.com/ProductImageCompressAll300/14-932-170-V09.jpg,"[[' 1905 MHz', ' 7680 x 4320 @ 60 Hz', ' 3 x DisplayPort 1.4', ' 3 x HDMI 2.0b', 'GV-N207SAORUS-8GC']]"
9SIBMWJJX67768,"GIGABYTE GeForce RTX 2080 WINDFORCE OC 8G Graphics Card, 3 x WINDFORCE Fans, 8GB 256-Bit GDDR6, GV-N2080WF3OC-8GC Video Card",GIGABYTE,3.7,20.0,556.18,$49.99 Shipping,https://c1.neweggimages.com/ProductImageCompressAll300/14-932-067-V07.jpg,"[[' 1800 MHz in OC mode\n1785 MHz in Gaming mode', ' 7680 x 4320', ' 3 x DisplayPort 1.4', ' 1 x HDMI 2.0b', 'GV-N2080WF3OC-8GC']]"
9SIAYE8JSM3071,"MSI GeForce GTX 1660 SUPER GAMING X Video Card,6GB 192-bit GDDR6 PCI Express 3.0,1830MHz Core Frequency,1×HDMI Interface, 3×DisplayPort Interface",MSI,,,379.75,0,https://c1.neweggimages.com/ProductImageCompressAll300/A4RES2111220M9KI58A.jpg,"[[' 7680 x 4320', ' 3 x DisplayPort 1.4', ' 1 x HDMI 2.0b', ' 247×127mm', 'MSI GTX 1660 SUPER GAMING']]"
9SIBMWJJX98100,ASUS ROG GeForce GTX 1070 8GB GDDR5 PCI Express 3.0 Video Card with RGB Lighting STRIX-GTX1070-O8G-GAMING,ASUS,4.3,183.0,388.55,$49.99 Shipping,https://c1.neweggimages.com/ProductImageCompressAll300/14-126-109-90.jpg,"[[' 1657 MHz - OC Mode\n1632 MHz - Gaming Mode (Default)\n*Retail goods are with default Gaming Mode, OC Mode can be adjusted with one click on GPU Tweak II', ' 7680 x 4320', ' 2 x DisplayPort 1.4', ' 1 x DVI-D', 'STRIX-GTX1070-O8G-GA']]"
9SIBMWJJWP5104,ASUS ROG STRIX GeForce RTX 2060 6GB GDDR6 PCI Express 3.0 Video Card ROG-STRIX-RTX2060-O6G-GAMING,ASUS,4.7,44.0,345.3,$49.99 Shipping,https://c1.neweggimages.com/ProductImageCompressAll300/14-126-280-V50.jpg,"[[' 1365 MHz', ' 7680 x 4320', ' 2 x DisplayPort 1.4', ' 2 x HDMI 2.0b', 'RTX2060-O6G-GAMING']]"
9SIARPHJNC3116,"GIGABYTE GeForce RTX 2070 WINDFORCE 8G Graphics Card, 3 x WINDFORCE Fans, 8GB 256-Bit GDDR6, GV-N2070WF3-8GC Video Card",GIGABYTE,2.4,164.0,442.18,$49.99 Shipping,https://c1.neweggimages.com/ProductImageCompressAll300/14-932-091-V10.jpg,"[[' 1620 MHz', ' 7680 x 4320', ' 3 x DisplayPort 1.4', ' 1 x HDMI 2.0b', 'GV-N2070WF3-8GC']]"
9SIAYTVH699146,MSI Ventus GeForce RTX 3070 Ti 8GB GDDR6X PCI Express 4.0 x16 Video Card RTX 3070 Ti Ventus 3X 8G OC,MSI,,,669.99,$49.99 Shipping,https://c1.neweggimages.com/ProductImageCompressAll300/AVT8S210619EmQsB.jpg,[['MSI3070VENTUS8g']]
9SIAUNCK0W0875,SAPPHIRE Pulse Radeon RX 6600 XT 8GB GDDR6 PCI Express 4.0 ATX Video Card 11309-03-20G,Sapphire Tech,4.7,61.0,492.62,$49.99 Shipping,https://c1.neweggimages.com/ProductImageCompressAll300/14-202-406-01.jpg,"[[' 7680 x 4320', ' 3 x DisplayPort', ' 1 x HDMI', ' 2.2 Slot', '11309-03-20G']]"
9SIAYTVGPR0601,GIGABYTE AORUS GeForce RTX 3060 12GB GDDR6 PCI Express 4.0 ATX Video Card GV-N3060AORUS E-12GD (REV 2.0) LHR,GIGABYTE,,,415.99,$49.99 Shipping,https://c1.neweggimages.com/ProductImageCompressAll300/ARUXS21112207TZ0J97.jpg,[['GIGABYTE AORUS GeForce RTX 3060']]
9SIARPHJUS8987,ASUS ROG GeForce GTX 1050 Ti 4GB GDDR5 PCI Express 3.0 Video Card STRIX-GTX1050TI-O4G-GAMING,ASUS,4.6,25.0,188.49,$49.99 Shipping,https://c1.neweggimages.com/ProductImageCompressAll300/14-126-171-V01.jpg,"[[' OC mode: 1392 MHz\nGaming mode: 1379 MHz', ' 7680 x 4320', ' 1 x Native DisplayPort 1.4', ' 2 x Native DVI-D', 'STRIX-GTX1050TI-04G-']]"
9SIA4REJX30172,"iGame GeForce RTX 4090 Neptune OC-V 24GB PCIe 4.0, 24GB GDDR6X Gaming Graphics Card White",Corn Electronics,,,2799.99,0,https://c1.neweggimages.com/ProductImageCompressAll300/A4RES230620053NVT87.jpg,"[[' Triple Fans', 'RTX 4090 Neptune OC-V', '9SIA4REJX30172']]"
9SIAFVFJZ63823,ASUS Dual GeForce RTX 3060 12GB GDDR6 PCI Express 4.0 Video Card DUAL-RTX3060-12G-V2,ASUS,,,411.44,$21.19 Shipping,https://c1.neweggimages.com/ProductImageCompressAll300/14-126-546-01.jpg,"[[' 7680 x 4320', ' 3 x DisplayPort 1.4a', ' 1 x HDMI 2.1', ' 7.87"" x 4.84""', 'DUAL-RTX3060-12G-V2']]"
9SIAUNCK0V8811,"ASUS Dual NVIDIA GeForce RTX 3060 Ti Graphics Card (PCIe 4.0, 8GB GDDR6X memory, HDMI 2.1, DisplayPort 1.4a, 2-slot design, Axial-tech fan design, 0dB technology) DUAL-RTX3060TI-8GD6X",ASUS,,,425.0,$49.99 Shipping,https://c1.neweggimages.com/ProductImageCompressAll300/14-126-613-11.jpg,"[[' 1410 MHz', ' 7680 x 4320', ' 3 x DisplayPort 1.4a', ' 1 x HDMI 2.1', 'DUAL-RTX3060TI-8GD6X']]"
9SIAMJDJVG8412,GIGABYTE GeForce GTX 1660 SUPER DirectX 12 GV-N166SOC-6GD 6GB 192-Bit GDDR6 PCI Express 3.0 x16 ATX Video Card,GIGABYTE,,,,$40.71 Shipping,https://c1.neweggimages.com/ProductImageCompressAll300/A4YUD210211ZG1H6.jpg,"[[' 1830 MHz', ' 7680 x 4320 @ 60 Hz', ' 3 x DisplayPort 1.4', ' 1 x HDMI 2.0b', 'GV-N166SOC-6GD']]"
9SIBMWJJX98092,GIGABYTE GeForce GTX 1070 Ti 8GB GDDR5 PCI Express 3.0 x16 SLI Support ATX Video Card GV-N107TGAMING-8GD,GIGABYTE,3.9,37.0,433.38,$49.99 Shipping,https://c1.neweggimages.com/ProductImageCompressAll300/14-932-013-V01.jpg,"[[' 1632 MHz (OC Mode) \n1607 MHz (Gaming Mode)', ' 7680 x 4320', ' 3 x DisplayPort 1.4', ' 1 x Dual-link DVI-D', 'GV-N107TGAMING-8GD']]"
9SIAUNCK0W0803,ASUS TUF Gaming Radeon RX 6800 16GB GDDR6 PCI Express 4.0 Video Card TUF-RX6800-O16G-GAMING,ASUS,4.8,21.0,619.9,$49.99 Shipping,https://c1.neweggimages.com/ProductImageCompressAll300/14-126-478-02.jpg,"[[' 7680 x 4320', ' 3 x DisplayPort 1.4a', ' 1 x HDMI 2.1', ' 12.60"" x 5.52""', 'TUF-RX6800-O16G-GAMI']]"
9SIBKMGJZA7935,"ASUS ROG Strix GeForce RTX 3080 Ti OC Edition Gaming Graphics Card (PCIe 4.0, 12GB GDDR6X, HDMI 2.1, DisplayPort 1.4a, Axial-tech Fan Design, 2.9-slot), ROG-STRIX-RTX3080TI-O12G-GAMING",ASUS,,,1251.98,0,https://c1.neweggimages.com/ProductImageCompressAll300/BGFDS23033005OOXMA2.jpg,"[[' Triple Fans', 'ROG-STRIX-RTX3080TI-O12G-GAMING']]"
9SIA8UCJS98208,Palit NVIDIA GeForce GT 1030 2 GB GDDR4 Graphics Card,PALIT,,,170.72,$25.99 Shipping,https://c1.neweggimages.com/ProductImageCompressAll300/A4YUD22012812SQ7YCD.jpg,[['NEC103000646-1082F']]
9SIAVXDJNM6144,MLLSE 100% New AMD Radeon RX 550 4GB Graphics Card GDDR5 128bit PCI-E X16 HDMI DP DVI-D RX550 Video Card Desktop Gaming,Mllse,,,75.99,0,https://c1.neweggimages.com/ProductImageCompressAll300/AVXDS221025029YQQ73.jpg,"[['550-8g', '9SIAVXDJNM6144']]"
9SIA8UCJXS9897,MSI GeForce RTX 3060 VENTUS 2X 12G OC NVIDIA 12GB GDDR6 Graphics Card,MSI,,,507.12,$31.99 Shipping,https://c1.neweggimages.com/ProductImageCompressAll300/A4YUD2203020AR48B81.jpg,"[['V397-022R', '9SIA8UCJXS9897']]"
9SIBFVPJU44645,EVGA GeForce GT 730 4GB DDR3 PCI Express 2.0 Video Card 04G-P3-2739-KR,EVGA,3.7,3.0,137.29,0,https://c1.neweggimages.com/ProductImageCompressAll300/14-487-216-07.jpg,"[[' 700 MHz', ' Analog: 2048 x 1536\nDigital: 4096 x 2160', ' 2 x DVI-I', ' 1 x mini HDMI', '04G-P3-2739-KR']]"
9SIBMWJJX98101,ASUS GeForce GTX 1070 8GB GDDR5 PCI Express 3.0 Video Card STRIX-GTX1070-8G-GAMING,ASUS,4.6,70.0,383.74,$49.99 Shipping,https://c1.neweggimages.com/ProductImageCompressAll300/14-126-111-90.jpg,"[[' 1531 MHz in OC mode\n1506 MHz in Gaming mode', ' 7680 x 4320', ' 2 x DisplayPort 1.4', ' 1 x Dual-link DVI-D', 'STRIX-GTX1070-8G-GAM']]"
9SIARPHJWF5801,Sapphire NITRO+ AMD RADEON RX 6900 XT SE GAMING OC Graphics Card With 16GB GDDR6 HDMI / TRIPLE DP,Sapphire Tech,4.7,64.0,1249.99,$49.99 Shipping,https://c1.neweggimages.com/ProductImageCompressAll300/14-202-403-01.jpg,"[[' 7680 x 4320', ' 3 x DisplayPort 1.4', ' 1 x HDMI 2.1', ' 12.60"" x 5.31""', '11308-03-20G']]"
9SIARPHJT86295,MSI GeForce RTX 2080 Ti 11GB GDDR6 PCI Express 3.0 x16 SLI Support Video Card RTX 2080 Ti GAMING TRIO,MSI,3.7,3.0,683.69,$49.99 Shipping,https://c1.neweggimages.com/ProductImageCompressAll300/14-137-405-V05.jpg,"[[' 1350 MHz', ' 7680 x 4320', ' 3 x DisplayPort 1.4', ' 1 x HDMI 2.0b', '2080TiGAMINGTRIO']]"
9SIARPHJT25961,"GIGABYTE GeForce RTX 2080 GAMING OC WHITE 8G Graphics Card, 3 x WINDFORCE Fans, 8GB 256-Bit GDDR6, GV-N2080GAMINGOC WHITE-8GC Video Card",GIGABYTE,3.7,22.0,567.28,$49.99 Shipping,https://c1.neweggimages.com/ProductImageCompressAll300/14-932-084-V09.jpg,"[[' OC Mode: 1830 MHz\nGaming Mode: 1815 MHz', ' 7680 x 4320', ' 3 x DisplayPort 1.4', ' 1 x HDMI 2.0b', 'N2080GAMINGOCWHIT8GC']]"
9SIB7RAJKF6914,MSI GeForce GTX 1650 4GB GDDR6 PCI Express 3.0 x16 ITX Video Card GTX 1650 D6 AERO ITX OC,MSI,4.9,10.0,275.08,$19.00 Shipping,https://c1.neweggimages.com/ProductImageCompressAll300/14-137-530-V02.jpg,"[[' 7680 x 4320', ' 1 x DisplayPort 1.4', ' 1 x DL-DVI-D', ' 1 x HDMI 2.0b', 'GTX1650 D6AERO ITXOC']]"
9SIARPHJK14481,ASUS ROG Strix Radeon RX 590 8GB GDDR5 CrossFireX Support Video Card ROG-STRIX-RX590-8G-GAMING,ASUS,4.3,10.0,381.85,$49.99 Shipping,https://c1.neweggimages.com/ProductImageCompressAll300/14-126-070-V01.jpg,"[[' 7680 x 4320', ' 2 x DisplayPort 1.4', ' 1 x DL-DVI-D', ' 2 x HDMI 2.0b', 'STRIX-RX590-8G-GAMIN']]"
9SIAYTVJW72327,MSI GeForce RTX 3060 Ti GAMING X TRIO 8GD6X Graphics Card VD8387,MSI,,,512.8,0,https://c1.neweggimages.com/ProductImageCompressAll300/B7RAD23042404HIDG34.jpg,[['824142307489']]
9SIAYTVJZB9897,MAXSUN RTX 4070Ti iCraft OC Limited 12G GDDR6X Computer Graphics Card for Gaming PC Doodles RGB Backplate HDMI2.1 PCIE 4.0 X16 GPU,MAXSUN,,,1119.98,$49.99 Shipping,https://c1.neweggimages.com/ProductImageCompressAll300/A4RES23061607FDU18A.jpg,"[[' 2310MHz', ' 7680 x 4320', ' 3 x DisplayPort 1.4', ' 1 x HDMI 2.1', 'RTX 4070Ti']]"
9SIBMWJJXM9432,"Sapphire PULSE Radeon RX 570 4GB GDDR5 PCI-E Dual HDMI / DVI-D / Dual DP OC w/ Backplate (UEFI), 100412P4GOCL",Sapphire Tech,4.5,90.0,278.99,$49.99 Shipping,https://c1.neweggimages.com/ProductImageCompressAll300/14-202-283-Z01.jpg,"[[' HDMI: 4096 x 2160 @ 60 Hz\nDisplayPort 1.4: 5120 x 2880 @ 60 Hz\nDL-DVI-D: 2560 x 1600 @ 60 Hz', ' 2 x DisplayPort 1.4', ' 1 x DL-DVI-D', ' 2 x HDMI', '100412P4GOCL']]"
9SIA25VHWK8295,PNY T1000 VCNT10008GB-PB 8GB 128-bit GDDR6 PCI Express 3.0 x16 Workstation Video Card,"PNY Technologies, Inc.",,,433.73,0,https://c1.neweggimages.com/ProductImageCompressAll300/ARF6D2204130GL6GYC5.jpg,"[['PNY114', '9SIA25VHWK8295']]"
9SIA8UCJS98835,PNY NVIDIA RTX A2000 12GB GDDR6 Graphics Card,"PNY Technologies, Inc.",,,1069.77,$25.99 Shipping,https://c1.neweggimages.com/ProductImageCompressAll300/A4YUD220523080VHZ6F.jpg,[['VCNRTXA2000-12GB-SB']]
9SIARA8JZB9169,"ASRock Radeon RX 6700 XT Phantom Gaming D Graphic Card, 12GB GDDR6 VRAM, AMD RDNA2 (RX6700XT PGD 12GO)",ASRock,3.7,29.0,777.72,0,https://c1.neweggimages.com/ProductImageCompressAll300/14-930-054-V01.jpg,"[[' 7680 x 4320', ' 3 x DisplayPort 1.4', ' 1 x HDMI 2.1', ' 12.01"" x 5.16""', 'RX6700XT PGD 12GO']]"
9SIAWFGJX99678,"EVGA GeForce RTX 2060 XC GAMING, 6GB GDDR6, HDB Fan Graphics Card 06G-P4-2063-KR",EVGA,4.3,12.0,592.99,0,https://c1.neweggimages.com/ProductImageCompressAll300/14-487-423-V08.jpg,"[[' 7680 x 4320', ' 1 x DisplayPort 1.4', ' 1 x Dual-Link DVI-D', ' 1 x HDMI 2.0b', '06G-P4-2063-KR']]"
9SIAUNCK0V9060,ASUS TUF Gaming GeForce RTX 3060 Ti OC 8GB GDDR6X 256-bit PCI Express 4.0 Video Card TUF-RTX3060TI-O8GD6X-GAMING,ASUS,,,559.99,$49.99 Shipping,https://c1.neweggimages.com/ProductImageCompressAll300/AYTVS2211160IZX2SF8.jpg,"[[' 4864 Cores', 'ASUS TUF-RTX3060TI-O8GD6X-GAMING']]"
9SIAUNCK0V9510,GIGABYTE Gaming OC GeForce RTX 3070 8GB GDDR6 PCI Express 4.0 ATX Video Card GV-N3070GAMING OC-8GD (rev. 2.0) (LHR) and ASUS ROG Herculx Graphics Card Anti-Sag Holder Bracket Model XH01,GIGABYTE,,,750.99,$49.99 Shipping,https://c1.neweggimages.com/ProductImageCompressAll300/AYTVS22080204RHAZA9.jpg,"[[' 1815 MHz', ' 7680 x 4320', ' 2 x DisplayPort 1.4a', ' 2 x HDMI 2.1', 'B-GV-N3070GAMING OC-8GD 2.0+ASUSROG XH01']]"
9SIAUNCK0W0805,PowerColor RED DEVIL Radeon RX 6600 XT 8GB GDDR6 PCI Express 4.0 ATX Video Card 6600XT 8GBD6-3DHE/OC,PowerColor,4.7,22.0,399.99,$49.99 Shipping,https://c1.neweggimages.com/ProductImageCompressAll300/14-131-788-V03.jpg,"[[' Game 2428MHz(OC)/2382MHz(Silent)', ' 3 x DisplayPort 1.4', ' 1 x HDMI 2.1', ' 2.5 Slot', '6600XT 8GBD6-3DHE/OC']]"
9SIAVXDJNS5789,MLLSE NEW AMD Radeon RX6600M 4GB Video card GPU GDDR6 128Bit 7nm RX 6600 Graphics Card Support AMD Intel Desktop CPU Motherboard,Mllse,,,229.0,0,https://c1.neweggimages.com/ProductImageCompressAll300/AVXDS2210270K5XNL4F.jpg,"[['RX6600M', '9SIAVXDJNS5789']]"
9SIAVXDJNS7146,MLLSE 100% New Graphics Card Triple Fans RTX 3070 8GB NVIDIA GPU 12Pin GDDR6 256bit HDMI*1 DP*3 PCI-E 4.0 x16 rtx 3070 8gb Gaming Video card,Mllse,,,499.0,0,https://c1.neweggimages.com/ProductImageCompressAll300/AVXDS2210270KW42C78.jpg,"[['rtx3070-8g-w', '9SIAVXDJNS7146']]"
9SIA4REJX04708,ASUS ATS RTX4070 O12G GAMING Megalodon Graphics Card (PCIe 4.0 12GB GDDR6X HDMI 2.1 DisplayPort 1.4a),ASUS,,,1269.99,0,https://c1.neweggimages.com/ProductImageCompressAll300/A4RES2306160CPAZ913.jpg,"[[' 3 x DisplayPort 1.4a', ' 1 x HDMI 2.1', ' NVIDIA', ' 192-Bit', 'ASUS ATS-RTX4070-O12G-GAMING', '9SIA4REJX04708']]"
9SIA4REJPM9436,MSI Gaming (MSI) GeForce RTX 4080 16GB GDDR6X PCI Express 4.0 Video Card RTX 4080 16GB GAMING X TRIO,MSI,,,1583.99,0,https://c1.neweggimages.com/ProductImageCompressAll300/A4RES221117042HO2BA.jpg,[['RTX 4080 16GB GAMING X TRIO-A-Dup']]
9SIBMWJJWB4728,"GIGABYTE AORUS GeForce RTX 3060 Ti MASTER 8GB Video Card, GV-N306TAORUS M-8GD",GIGABYTE,4.5,34.0,520.49,$49.99 Shipping,https://c1.neweggimages.com/ProductImageCompressAll300/14-932-375-01.jpg,"[[' 1800 MHz', ' 7680 x 4320', ' 3 x DisplayPort 1.4a', ' 2 x HDMI 2.1, 1 x HDMI 2.0 (The middle HDMI output supports up to HDMI 2.0)', 'GV-N306TAORUS M-8GD']]"
9SIA8UCJX10307,MSI GeForce RTX 3060 GAMING Z TRIO 12G NVIDIA 12GB GDDR6 Graphics Card,MSI,,,747.48,$37.99 Shipping,https://c1.neweggimages.com/ProductImageCompressAll300/A4YUD2203010E9HIR48.jpg,"[['V390-245R', '9SIA8UCJX10307']]"
9SIA8UCJWH9559,Gigabyte GeForce RTX 3060 Ti Windforce OC Dual Fan Graphics Card - 8GB,GIGABYTE,,,639.44,$25.99 Shipping,https://c1.neweggimages.com/ProductImageCompressAll300/A4YUD23060106TIZBC6.jpg,"[['GV-N306TWF2OC-8GD', '9SIA8UCJWH9559']]"
9SIA8UCJWS4328,ASUS Phoenix GeForce RTX 3050 8GB GDDR6 PCI Express 4.0 Video Card 90YV0HH2-M0NA00,ASUS,,,425.42,$31.99 Shipping,https://c1.neweggimages.com/ProductImageCompressAll300/AFYUD2305241CN3SD34.jpg,"[[' 7680 x 4320', ' 3 x DisplayPort 1.4a', ' 1 x HDMI 2.1', ' 6.97"" x 5.04""', '90YV0HH2-M0NA00', '9SIA8UCJWS4328']]"
9SIA8UCJXM1092,ASUS Dual GeForce RTX 3606 Ti OC Edition GDDR6X Dual Fan Graphics Card - 8GB,ASUS,,,609.63,$19.99 Shipping,https://c1.neweggimages.com/ProductImageCompressAll300/A4YUD23060106TCPR71.jpg,"[['90YV0IP0-M0NA00', '9SIA8UCJXM1092']]"
9SIA8UCJSJ1992,ASUS TUF NVIDIA GeForce RTX 3070 Ti 8GB GDDR6X Graphics Card,ASUS,,,975.29,$19.99 Shipping,https://c1.neweggimages.com/ProductImageCompressAll300/A4YUD2301270ADJKT3A.jpg,"[['90YV0IS1-M0NA00', '9SIA8UCJSJ1992']]"
9SIA8UCJWG7494,"ASUS GT1030-2G-BRK - Graphics card - GF GT 1030 - 2 GB GDDR5 - PCIe 3.0 low profile - HDMI, DisplayPort",ASUS,5,1.0,172.1,$49.99 Shipping,https://c1.neweggimages.com/ProductImageCompressAll300/AD7H_1_20181115134168826.jpg,"[[' 30W', '90YV0AT2-M0NA00', '9SIA8UCJWG7494']]"
9SIARPHJJN5750,MSI GTX 1660 TI VENTUS XS 6G OC GEFORCE GTX 1660 TI VENTUS XS 6G OC 6GB,MSI,5,1.0,253.24,$49.99 Shipping,https://c1.neweggimages.com/ProductImageCompressAll300/A25V_1_20190916223942193.jpg,[['MSI#GTX1660TIVENTUSX']]
9SIAGGGHT38742,"ASUS TUF Gaming NVIDIA GeForce RTX 3080 V2 OC Edition Graphics Card (PCIe 4.0, 10GB GDDR6X, LHR, HDMI 2.1, DisplayPort 1.4a, Dual Ball Fan Bearings, Military-grade Certification, GPU Tweak II)",ASUS,,,1599.99,$10.00 Shipping,https://c1.neweggimages.com/ProductImageCompressAll300/AYTVD210902JACA6.jpg,"[[' 1440 MHz', ' 11.81"" x 5.00""', ' \tNVIDIA', ' NVIDIA GeForce RTX 30 Series', 'LHR-12']]"
9SIAYTVJZB9459,"MAXSUN GeForce RTX 4080 MGG OC 16G Graphics Card,16G 256-Bit GDDR6X,PCI Express 4.0,Display Interfaces 1*HDMI,3*DP",MAXSUN,,,1589.98,$49.99 Shipping,https://c1.neweggimages.com/ProductImageCompressAll300/A4RES2306190DQ02D50.jpg,"[[' 2210 MHz', ' 7680 x 4320', ' 3 x DisplayPort 1.4a', ' 1 x HDMI 2.1', 'RTX 4080 MGG OC 16G']]"
9SIA4REJWW5525,"XFX Speedster MERC AMD RX 6950 XT Black Game Graphics Card (Dragon Edition) 16GB GDDR6 256-bit, 3*DP 1*HDMI",XFX,,,979.99,0,https://c1.neweggimages.com/ProductImageCompressAll300/A4RES2306140JIDO5DB.jpg,"[[' 2009 MHz', ' 7680 x 4320', ' 3 x DisplayPort 1.4', ' 1 x HDMI 2.1', 'MERC 319 RX 6950 XT Dragon Edition', '9SIA4REJWW5525']]"
9SIA4REJSX7475,"VAST ARMOR Radeon RX 6900 XTH 16G D6C Super Alloy Graphics Card,16G 256-Bit GDDR6,PCI Express 4.0,Display Interfaces 1*HDMI,3*DP",Corn Electronics,,,1109.99,0,https://c1.neweggimages.com/ProductImageCompressAll300/A4RES2302170JFF1JA2.jpg,"[[' 1950 MHz', ' 7680 x 4320', ' 3 x DisplayPort 1.4a', ' 1 x HDMI 2.1', 'RX 6900 XTH 16G D6C', '9SIA4REJSX7475']]"
9SIA25VC2X8834,Radeon 7750 SFF 1GB DDR3 3M 2x HDMI miniDP Graphics Card 900574,,,,165.41,0,https://c1.neweggimages.com/ProductImageCompressAll300/AP81D200902EZ9E2.jpg,"[['A0lY8-B009ZQ5HW6', '9SIA25VC2X8834']]"
9SIA25VC2X8843,Radeon 7750 SFF 1GB DDR3 3M 2x HDMI miniDP Graphics Card 900574,,,,165.41,0,https://c1.neweggimages.com/ProductImageCompressAll300/AP81D200902EHCD4.jpg,"[['CXVQH-B009ZQ5HW6', '9SIA25VC2X8843']]"
9SIARA8JZB9188,"ASRock Radeon RX 6700 XT Challenger Pro Gaming Graphic Card, 12GB GDDR6 VRAM, AMD RDNA2 (RX6700XT CLP 12GO)",ASRock,5,2.0,678.57,0,https://c1.neweggimages.com/ProductImageCompressAll300/14-930-055-V01.jpg,"[[' 7680 x 4320', ' 3 x DisplayPort 1.4', ' 1 x HDMI 2.1', ' 11.93"" x 5.16""', 'RX6700XT CLP 12GO']]"
9SIAWFGJSK9754,GIGABYTE GeForce GT 710 DirectX 12 GV-N710D3-2GL 1.0 2GB 64-Bit DDR3 PCI Express 2.0 x8 Low Profile Video Card,GIGABYTE,,,69.98,0,https://c1.neweggimages.com/ProductImageCompressAll300/ABXXD2103228IHDG.jpg,[['WBH-16']]
9SIAUNCK0V9063,GIGABYTE AORUS GeForce RTX 4080 16GB MASTER GDDR6X PCI Express 4.0 x16 ATX Video Card GV-N4080AORUS M-16GD,GIGABYTE,,,1740.0,$49.99 Shipping,https://c1.neweggimages.com/ProductImageCompressAll300/A4RES2211170D8R1LCC.jpg,[['4080 16GB MASTER']]
9SIARA8JKF1806,MSI GeForce GTX 1060 6GB GDDR5 PCI Express 3.0 x16 ATX Video Card GTX 1060 ARMOR 6G OCV1,MSI,4.7,26.0,488.99,0,https://c1.neweggimages.com/ProductImageCompressAll300/14-137-040-S99.jpg,"[[' 1544 MHz', ' 7680 x 4320', ' 2 x DisplayPort 1.4', ' 1 x DL-DVI-D', 'GTX 1060 ARMOR 6G OC']]"
9SIAUNCK0W0907,NVIDIA Tesla T4 - GPU computing processor - Tesla T4 - 16 GB GDDR6 - PCIe 3.0 x16 - fanless,"PNY Technologies, Inc.",,,1069.99,$49.99 Shipping,https://c1.neweggimages.com/ProductImageCompressAll300/V0VB_1_201908261814878716.jpg,[['TCST4M-PB']]
9SIAUNCK0V9926,PowerColor Radeon RX 6400 4GB GDDR6 PCI Express 4.0 ITX Video Card AXRX 6400 4GBD6-DH,PowerColor,,,225.99,$49.99 Shipping,https://c1.neweggimages.com/ProductImageCompressAll300/14-131-794-01.jpg,"[[' 1 x DisplayPort 1.4', ' 1 x HDMI 2.1', ' 6.50"" x 4.92""', ' 2 Slots', 'AXRX 6400 4GBD6-DH']]"
9SIA4REJX30250,"Orange GeForce RTX 4070 Graphics Card,12G 192-Bit GDDR6X,PCI Express 4.0,Display Interfaces 1*HDMI,3*DP",Corn Electronics,,,849.99,0,https://c1.neweggimages.com/ProductImageCompressAll300/A4RES23062005GCIXA6.jpg,"[[' 1920 MHz', ' 7680 x 4320', ' 3 x DisplayPort', ' 1 x HDMI', 'GeForce RTX 4070 Orange', '9SIA4REJX30250']]"
9SIARPHJJN5610,MSI GeForce GTX 1660 Ti 6GB GDDR6 PCI Express 3.0 x16 Video Card GTX 1660 TI ARMOR 6G OC,MSI,4.7,15.0,234.34,$49.99 Shipping,https://c1.neweggimages.com/ProductImageCompressAll300/14-137-390-V08.jpg,"[[' 7680 x 4320', ' 3 x DisplayPort 1.4', ' 1 x HDMI 2.0b', ' 9.57"" x 5.08""', 'GTX1660TiARMOR 6GOC']]"
9SIAYTVJKA0394,SAPPHIRE NITRO+ Radeon RX 6750 XT 12GB GDDR6 PCI Express 4.0 ATX Video Card 11318-01-20G,Sapphire Tech,4.7,11.0,594.35,0,https://c1.neweggimages.com/ProductImageCompressAll300/14-202-420-V01.jpg,"[[' 7680 x 4320', ' 3 x DisplayPort 1.4', ' 1 x HDMI', ' 12.20"" x 5.15""', '11318-01-20G']]"
9SIA4REJSV6225,MAXSUN GeForce RTX 3060 Ti iCraft OC 8G Limited Version 256-Bit PCI Express X16 4.0 HDMI 2.1 GDDR6 Video Gaming Graphics Cards,MAXSUN,,,619.99,0,https://c1.neweggimages.com/ProductImageCompressAll300/A4RES23021305O5CTE3.jpg,"[[' 1410 MHz', ' 7680 x 4320', ' 3 x DisplayPort 1.4a', ' 1 x HDMI 2.1', 'GeForce RTX 3060 Ti iCraft OC 8G', '9SIA4REJSV6225']]"
9SIARPHJJM1583,MSI Gaming GeForce GTX 1650 SUPER 4GB GDDR6 PCI Express 3.0 x16 Video Card GTX 1650 Super Gaming X,MSI,4.6,71.0,225.6,$49.99 Shipping,https://c1.neweggimages.com/ProductImageCompressAll300/14-137-484-V01.jpg,"[[' 7680 x 4320', ' 3 x DisplayPort 1.4a', ' 1 x HDMI 2.0b', ' 9.76"" x 5.00""', 'GTX1650SuperGamingX']]"
9SIA4REJEZ5558,Gigabyte Ultra Durable 2 GV-N730D5-2GI GeForce GT 730 Graphic Card - 902 MHz Core - 2 GB GDDR5 PCI Express 2.0 SDRAM - PCI Express 2.0 x8,GIGABYTE,,,85.82,0,https://c1.neweggimages.com/ProductImageCompressAll300/AP74D210420GBWSS.jpg,[['GV-N730D5-2GI-zi12']]
9SIAUNCK0W0983,"PowerColor Red Devil AMD Radeon RX 6800 XT Gaming Graphics Card with 16GB GDDR6 Memory, Powered by AMD RDNA 2, HDMI 2.1 (AXRX 6800XT 16GBD6-3DHE/OC)",PowerColor,4.5,17.0,999.99,$49.99 Shipping,https://c1.neweggimages.com/ProductImageCompressAll300/14-131-777-S01.jpg,"[[' 7680 x 4320', ' 3 x DisplayPort 1.4', ' 1 x HDMI 2.1', ' 12.60"" x\t5.31""', '6800XT 16GBD6-3DHE/O']]"
9SIB2TTJUH9731,Quadro FX 1700 512MB Dual DVI PCI-E Video Card CN-0RN034 PCIe X16 Graphics Card 0RN034 FX1700 512MB Workstation Light Card,,,,52.56,0,https://c1.neweggimages.com/ProductImageCompressAll300/B2TTD23040608KFFO16.jpg,"[['cocoo-0016640', '9SIB2TTJUH9731']]"
9SIA8UCJWS4159,HP Radeon Pro WX 3200 Graphic Card - 4 GB GDDR5 - Low-profile - 128 bit Bus Width,HP,,,775.54,$19.99 Shipping,https://c1.neweggimages.com/ProductImageCompressAll300/V1DSD200524U2S23.jpg,"[[' 50W', ' 209.55 mm', '6YT68AT', '9SIA8UCJWS4159']]"
9SIA8UCJVR2146,MSI GTX 1650 4GB GDDR6 Ventus XS OCV2 GPU Graphics Card,MSI,,,316.36,$25.99 Shipping,https://c1.neweggimages.com/ProductImageCompressAll300/A4YUD210429CRZQ2.jpg,"[['V809-3609R', '9SIA8UCJVR2146']]"
9SIA8UCJS98946,Palit NVIDIA GeForce GT 730 2 GB GDDR3 Graphics Card,PALIT,,,137.01,$31.99 Shipping,https://c1.neweggimages.com/ProductImageCompressAll300/A4YUD22012812SQ4N3A.jpg,"[['NEAT730NHD06-2080H', '9SIA8UCJS98946']]"
9SIA8UCJX98890,MSI Ventus 3X OC NVIDIA GeForce RTX 4080 16GB GDDR6X Graphics Card,MSI,,,2153.15,$25.99 Shipping,https://c1.neweggimages.com/ProductImageCompressAll300/A4YUD22122017YPA598.jpg,"[['GEFORCE RTX 4080 16GB VENTUS 3X OC', '9SIA8UCJX98890']]"
9SIARA8JPH2945,Colorful GeForce GTX 1660 SUPER DDR6 Video Card Esports Gaming independent Video Card PCI Express 3.0x16 192bit HDMI DP DVI Video Card,Colorful,,,229.99,0,https://c1.neweggimages.com/ProductImageCompressAll300/ARA8S2303290J9VRPED.jpg,"[[' Double Fans', 'ASF216Colorful', '9SIARA8JPH2945']]"
9SIAYTVH699129,GIGABYTE AORUS GeForce RTX 3070 Ti 8GB GDDR6X PCI Express 4.0 x16 ATX Video Card GV-N307TAORUS M-8GD,GIGABYTE,,,749.99,$49.99 Shipping,https://c1.neweggimages.com/ProductImageCompressAll300/APMXD210810100SH4.jpg,[['XLR-22']]
9SIARPHJUS8988,ASUS GeForce GTX 1050 Ti 90YV0A71-M0NA00 4GB 128-Bit GDDR5 PCI Express 3.0 Video Card,ASUS,,,169.09,$49.99 Shipping,https://c1.neweggimages.com/ProductImageCompressAll300/14-126-240-S02.jpg,"[[' 1341 MHz', ' 7680 x 4320', ' 1 x DisplayPort', ' 1 x DVI', '90YV0A71-M0NA00']]"
9SIARPHJUU9662,"GIGABYTE AORUS Radeon RX 5700 XT 8G Graphics Card, PCIe 4.0, 8GB 256-Bit GDDR6, GV-R57XTAORUS-8GD Video Card",GIGABYTE,3.9,63.0,490.69,$49.99 Shipping,https://c1.neweggimages.com/ProductImageCompressAll300/14-932-235-01.jpg,"[[' 1770 MHz', ' 7680 x 4320 @ 60 Hz', ' 3 x DisplayPort 1.4', ' 1 x HDMI 2.0b \n2 x HDMI 1.4b', 'GV-R57XTAORUS-8GD']]"
9SIA4REJT65538,ASUS GeForce GTX 1660 Super 6GB GDDR6 TUF-GTX1660S-6G-GAMING Video Graphic Card GPU,ASUS,,,299.99,0,https://c1.neweggimages.com/ProductImageCompressAll300/AYTVD210830LJZG2.jpg,"[[' 1 x DisplayPort', ' 1 x DVI', ' 1 x HDMI', ' NVIDIA', 'TUF-1660S-6G-G-R']]"
9SIA4RE8Y68325,"CORN GTX 1050Ti 128-Bit 4GB GDDR5 Graphic 6Pin Card with dual fans DirectX12 Video Card GPU PCI Express 3.0 VGA/DVI-D/HDMI,Play for Apex,LOL,PUBG,OW,War Thunder etc.",Corn Electronics,5,1.0,134.99,0,https://c1.neweggimages.com/ProductImageCompressAll300/A4RES23041108SSF993.jpg,"[[' 1 x DVI', ' 1 x HDMI', ' DirectX 12', ' NVIDIA', 'DZ-XK-022-GTX1050TI', '9SIA4RE8Y68325']]"
9SIAUNCK0V9696,"ASUS TUF-RTX3060-O12G-KIMETSUNOYAIBA (LHR)Limited Edition Video Card,12GB 192-bit GDDR6,PCI Express 4.0,2×HDMI 2.1 Interface, 3×DisplayPort 1.4a Interface",ASUS,,,599.99,$49.99 Shipping,https://c1.neweggimages.com/ProductImageCompressAll300/AYTVS2207040JXTLH81.jpg,[['B-ASUS TUF-RTX3060-O12G-KIMETSUNOYAIBA']]
9SIATMXJEC1823,"GPVHOSO Radeon RX 580 Graphic Cards, 8GB 256Bit 2048SP GDDR5 AMD Video Card for Pc Gaming, DP HDMI DVI-Output, PCI Express 3.0 with Dual Fan for Office and Gaming",GPVHOSO,,,129.98,0,https://c1.neweggimages.com/ProductImageCompressAll300/ATMXS23030803GT5841.jpg,"[[' 1750 MHz', ' 1 x DisplayPort', ' 1 x DVI', ' 1 x HDMI', 'RX580-8G', '9SIATMXJEC1823']]"
9SIAUNCK0V9499,"GIGABYTE Gaming OC GeForce RTX 3080 10GB GDDR6X Video Card GV-N3080GAMING OC-10GD (rev. 2.0) (LHR) and ALPHACOOL Eiswolf 2 AIO-360mm RTX 3090/3080 with Backplate,All-in-one GPU Water Colling",GIGABYTE,,,1290.99,$49.99 Shipping,https://c1.neweggimages.com/ProductImageCompressAll300/AYTVS2208030GNO5N43.jpg,"[[' 1800 MHz', ' 7680 x 4320', ' 3 x DisplayPort 1.4a', ' 2 x HDMI 2.1', 'GV-N3080GAMING OC-10GD 2.0+ALPHACOOL 360']]"
9SIAUNCK0W0873,"GIGABYTE GeForce RTX 3080 GAMING OC WATERFORCE WB 10G (rev2.0) Graphics Card, WATERFORCE Water Block Cooling System, 10GB 320-bit GDDR6X, GV-N3080GAMINGOC WB-10GD Rev2.0 Video Card (LHR)",GIGABYTE,2.7,15.0,1099.99,$49.99 Shipping,https://c1.neweggimages.com/ProductImageCompressAll300/14-932-478-V05.jpg,"[[' 1800 MHz', ' 7680 x 4320', ' 3 x DisplayPort 1.4a', ' 2 x HDMI 2.1', 'GVN3080GAMINGOWB10R2']]"
9SIB1AHJXP1769,"ZOTAC GAMING GeForce RTX 2070 SUPER MINI 8GB GDDR6 256-bit 14 Gbps Gaming Graphics Card, IceStorm 2.0, Super Compact, ZT-T20710E-10M",ZOTAC,4.1,32.0,379.99,Special Shipping,https://c1.neweggimages.com/ProductImageCompressAll300/14-500-477-S09.jpg,"[[' DisplayPort 1.4: up to 7680 x 4320 @ 60 Hz\nHDMI 2.0: up to 3840 x 2160 @ 60 Hz', ' 3 x DisplayPort 1.4', ' 1 x HDMI 2.0b', ' 8.30"" x 4.96""', 'ZT-T20710E-10M', '9SIB1AHJXP1769']]"
9SIAWFGJX99558,ASRock Phantom Gaming X Radeon VII 16GB HBM2 PCI Express 3.0 x16 Video Card Radeon VII 16G,ASRock,3.6,30.0,2449.99,0,https://c1.neweggimages.com/ProductImageCompressAll300/14-930-012-Z01.jpg,"[[' 1400 MHz', ' 7680 x 4320', ' 3 x DisplayPort 1.4', ' 1 x HDMI 2.0b', 'PHANTOMXRADEON7']]"
9SIBGVAJEA8959,GALAX New GeForce RTX 3070 BOOMSTAR OC FG 8G GAMING NVIDIA GDDR6X PCI Express 4.0 Video Card RTX 3070 Graphics Card,,,,589.0,0,https://c1.neweggimages.com/ProductImageCompressAll300/BGVAS2212080EKRHLCC.jpg,"[[' 7680 x 4320', ' 3 x DisplayPort 1.4a', ' 1 x HDMI 2.1', ' 13.2x5.3', '4895147150581']]"
9SIAYTVJKA0439,SAPPHIRE NITRO+ Radeon RX 6650 XT 8GB GDDR6 PCI Express 4.0 ATX Video Card 11319-01-20G,Sapphire Tech,5,2.0,439.92,0,https://c1.neweggimages.com/ProductImageCompressAll300/14-202-422-05.jpg,"[[' 7680 x 4320', ' 3 x DisplayPort 1.4', ' 1 x HDMI', ' 10.24"" x 5.12""', '11319-01-20G']]"
9SIAVXDJPC5977,MLLSE 100% New Graphics Card Samsung Memory NVIDIA RTX 3060 12GB X-GAME NVIDIA GPU GDDR6 192bit 8Pin HDMI*1 DP*3 PCI-E 4.0 x16 rtx3060 12gb Game Video,Mllse,,,389.99,0,https://c1.neweggimages.com/ProductImageCompressAll300/AVXDS2211080MMQ0772.jpg,"[[' 1320MHz', ' 3 x DisplayPort', ' 1 x HDMI 2.1', ' DirectX 12', 'rtx3060-12g-white', '9SIAVXDJPC5977']]"
9SIA4REJSW0655,"PELADN AMD Radeon RX 6650XT 8GB GDDR6 PCI Express 4.0 Video Card,Display interface 3*DP,1*HDMI",Peladn,,,389.99,0,https://c1.neweggimages.com/ProductImageCompressAll300/A4RES2302140F3EXAD1.jpg,"[[' 2410 MHz', ' 7680 x 4320', ' 3 x DisplayPort', ' 1 x HDMI', 'Radeon RX6650XT 8GB']]"
9SIAYE8JSK9726,GIGABYTE GAMING OC GeForce RTX 4080 16GB GDDR6X PCI Express 4.0 x16 ATX Video Card GV-N4080GAMING OC-16GD,GIGABYTE,,,1615.91,0,https://c1.neweggimages.com/ProductImageCompressAll300/A4RES22111705UD9526.jpg,"[[' DirectX 12 Ultimate', ' 256-Bit', ' OpenGL 4.6', ' Triple Fans', 'GIGABYTE GAMING OC RTX 4080 16GB']]"
9SIAVXDJNY8670,MLLSE 100% New Graphics Card GTX1660Ti 6GB X-GAME NVIDIA GPU GDDR6 192bit 8Pin PCI-E 3.0x16 gtx 1660ti 6gb game Video card,Mllse,,,189.99,0,https://c1.neweggimages.com/ProductImageCompressAll300/AVXDS221029098SEY94.jpg,"[['gtx-1660ti -6gb', '9SIAVXDJNY8670']]"
9SIARPHJJR0697,ASUS GeForce GTX 1660 Super Overclocked 6GB Dual-fan EVO Edition VR Ready HDMI DisplayPort DVI Graphics Card (DUAL-GTX1660S-O6G-EVO),ASUS,4.4,103.0,266.78,$49.99 Shipping,https://c1.neweggimages.com/ProductImageCompressAll300/14-126-352-V08.jpg,"[[' 1530 MHz', ' 7680 x 4320', ' 1 x DisplayPort 1.4', ' 1 x DVI-D', 'DUALGTX1660S-O6G-EVO']]"
9SIAD07JSX4633,Lenovo GRID K1 Graphic Card - 4 GPUs - 850 MHz Core - 16 GB GDDR3 - PCI Express 3.0 x16 - Dual Slot Space Required,Lenovo,,,1500.0,0,https://c1.neweggimages.com/ProductImageCompressAll300/AD7H_1_201706011278427476.jpg,"[[' 850 MHz', ' NVIDIA', ' OpenGL', ' Passive Cooler', '47C2120', '9SIAD07JSX4633']]"
9SIA8UCJSJ2928,PNY Quadro P400 V2 2GB GDDR5 Graphics Card,"PNY Technologies, Inc.",,,241.79,$31.99 Shipping,https://c1.neweggimages.com/ProductImageCompressAll300/A4YUD22012813IOP05D.jpg,"[['VCQP400V2-SB', '9SIA8UCJSJ2928']]"
9SIARA8JKX2442,Gigabyte geforce gtx 1660 ti oc 6g geforce gtx1660ti 1660ti 12nm 6g gddr6 192bit novo,,,,249.99,0,https://c1.neweggimages.com/ProductImageCompressAll300/B33YD2201090VPPYY5C.jpg,"[['ZZL-RNU-ASD1169796', '9SIARA8JKX2442']]"
9SIAD07JTV0255,Lenovo Tesla P4 Graphic Card - 8 GB,Lenovo,,,1020.0,0,https://c1.neweggimages.com/ProductImageCompressAll300/A98Y_1_20180808910897834.jpg,"[[' NVIDIA', '7C57A02892']]"
9SIARA8JPP3514,Colorful GeForce RTX 3050  OC 8G GDDR6 PCI Express 4.0 128bit 1777Mhz Video Card,Colorful,,,448.0,0,https://c1.neweggimages.com/ProductImageCompressAll300/ARA8S2303300I7RWU6D.jpg,"[[' Double Fans', 'asfda543.', '9SIARA8JPP3514']]"
9SIA8UCJWK1458,Palit NVIDIA GeForce RTX 3070 8GB GDDR6 Graphics Card,PALIT,,,1078.78,$25.99 Shipping,https://c1.neweggimages.com/ProductImageCompressAll300/A4YUD2205210A3EYP99.jpg,"[['NE63070019P2-1041A', '9SIA8UCJWK1458']]"
9SIA8UCJWH9421,PNY Quadro RTX A2000 6GB GDDR6 Graphics Card,"PNY Technologies, Inc.",,,871.22,$25.99 Shipping,https://c1.neweggimages.com/ProductImageCompressAll300/A4YUD2209080G3OP8D6.jpg,"[['VCNRTXA2000-SB', '9SIA8UCJWH9421']]"
9SIB7VEK059424,MSI GeForce GT 730 2G DDR3 PCI Express 2.0 x16 Video Card N730-2GD3,MSI,,,109.99,0,https://c1.neweggimages.com/ProductImageCompressAll300/B7VES2307030DFD6K24.jpg,"[['BEMSIN730-2GD3', '9SIB7VEK059424']]"
9SIA4RE99K3409,"CORN AMD RX560 128-Bit 4GB GDDR5 Graphic Card support DirectX12 with dual fans Video Card GPU PCI Express 3.0 DP/DVI-D/HDMI,Play for LOL,DOTA,COD,War Thunder etc.",Corn Electronics,2.2,6.0,119.99,0,https://c1.neweggimages.com/ProductImageCompressAll300/A4RE_132091872229198151TsyewNTp3l.jpg,"[[' 1050MHz', ' 1 x DisplayPort', ' 1 x DVI', ' 1 x HDMI', 'DZ-XK-019-RX560-2G-A', '9SIA4RE99K3409']]"
9SIARPHJWA2671,"Sapphire Radeon NITRO+ RX 570 4GB GDDR5 PCI-E Dual HDMI / DVI-D / Dual DP w/ Backplate (UEFI), 100412NT+4GL",Sapphire Tech,4.4,22.0,298.99,$49.99 Shipping,https://c1.neweggimages.com/ProductImageCompressAll300/14-202-285-Z01.jpg,"[[' 2 x DisplayPort 1.4', ' 1 x DL-DVI-D', ' 2 x HDMI 2.0b', ' 10.24"" x 5.31""', '100412NT+4GL']]"
9SIARPHJJN5672,MSI GeForce GTX 1660 Ti DirectX 12 GTX 1660 TI GAMING X 6G 6GB 192-Bit GDDR6 PCI Express 3.0 x16 HDCP Ready Video Card,MSI,5,2.0,326.27,$49.99 Shipping,https://c1.neweggimages.com/ProductImageCompressAll300/AG7R_131982158712147048V9aXt2rvCd.jpg,"[[' 7680 x 4320', ' 3 x DisplayPort 1.4', ' 1 x HDMI 2.0b', ' 9.72"" x 5.00""', 'M*GAMING X 6G', '9SIARPHJJN5672']]"
9SIA4REH877889,"GIGABYTE Radeon RX 6700 XT GAMING OC 12G Graphics Card, 12GB 192-bit GDDR6, Support PCI Express 4.0,WINDFORCE 3X Cooling System,2×HDMI Interface, 2×DisplayPort Interface",GIGABYTE,,,674.58,0,https://c1.neweggimages.com/ProductImageCompressAll300/A4RES21120606I7DV84.jpg,"[[' 7680 x 4320', ' 2 x DisplayPort 1.4a', ' 3 x HDMI 2.1', ' 11.06"" x 4.53""', 'GIGABYTE Radeon RX 6700 XT GAMING OC 12G']]"
9SIAWFGJSU3931,XFX R9 370X Black Wolf Version 4GB 256Bit Graphics Cards GPU Desktop PC Gaming DisplayPort Video card,XFX,,,252.98,0,https://c1.neweggimages.com/ProductImageCompressAll300/ATUJS210725DrxfG.jpg,"[[' 1070 MHz', ' 4096x2160', ' DirectX 12', ' AMD', 'JOJO202107251703', '9SIAWFGJSU3931']]"
9SIARA8JZ79513,MSI GeForce GT 1030 2GB GDDR5 PCI Express 3.0 x16 (uses x4) ATX Video Card GT 1030 AERO ITX 2G OC,MSI,4.1,10.0,138.0,0,https://c1.neweggimages.com/ProductImageCompressAll300/14-137-141-V01.jpg,"[[' 1265 MHz', ' 1 x SL-DVI-D', ' 1 x HDMI', ' 5.79"" x 4.02""', 'GT 1030 AERO ITX 2G']]"
9SIARA8JMR4927,SAPPHIRE GPRO 6200 Graphics Core Next (GCN) 4GB GDDR5 PCI Express 3.0 Low Profile Video Card 32258-00-20G,Sapphire Tech,4.5,2.0,323.48,0,https://c1.neweggimages.com/ProductImageCompressAll300/14-202-235-01.jpg,"[[' 4096 x 2160', ' 6.60"" x 4.38""', ' Single Slot', ' DirectX 12', '32258-00-20G']]"
9SIARA8JM11856,MSI GeForce GTX 1650 DirectX 12 GTX 1650 4GT LP OC 4GB 128-Bit GDDR5 PCI Express 3.0 x16 HDCP Ready Low Profile Video Card (GTX 1650 4GT LP OC),MSI,,,278.9,0,https://c1.neweggimages.com/ProductImageCompressAll300/AVT8S210315vJ1cw.jpg,[['GTX 1650 4GT LP OC-']]
9SIA8UCJVR1826,GIGABYTE Eagle GeForce RTX 3060 Ti 8GB GDDR6X PCI Express 4.0 x16 ATX Video Card GV-N306TXEAGLE OC-8GD,GIGABYTE,,,751.09,$67.99 Shipping,https://c1.neweggimages.com/ProductImageCompressAll300/BGFDS2304220J04ET97.jpg,"[[' Triple Fans', 'GV-N306TXEAGLE OC-8GD', '9SIA8UCJVR1826']]"
9SIAYTVFCS4322,MSI Gaming GeForce RTX 3060 12GB GDDR6 PCI Express 4.0 Video Card RTX 3060 Gaming Z Trio 12G LHR,MSI,3.8,4.0,405.88,$49.99 Shipping,https://c1.neweggimages.com/ProductImageCompressAll300/APBUD210706LG6JZ.jpg,[['B-RTX 3060 GAMING X']]
9SIA4RE5X44894,CORN NVIDIA GeForce GTX 650 1GB 128-Bit DDR5 Graphic Card random color Video Card GPU GTX650-DCO-1GD5 DirectX 11 PCI Express 3.0 HDCP DVI/VGA/HDMI,Corn Electronics,3.9,17.0,69.99,0,https://c1.neweggimages.com/ProductImageCompressAll300/A4RE_132027936302367777rXsalGhOdm.jpg,"[[' 64W', 'DZ-XK-001-HDMI', '9SIA4RE5X44894']]"
9SIA4RE78Y0624,CORN GTX750 Ti 4GB 128Bit GDDR5 Graphic Card Video Card GPU DirectX 12 PCI Express3.0 x16 DVI-D/VGA/HDMI,Corn Electronics,,,149.99,0,https://c1.neweggimages.com/ProductImageCompressAll300/A4RES2208090HD85P66.jpg,"[[' 1020 MHz', ' 2560 x 1600', ' 1 x DVI', ' 1 x HDMI', 'DZ-XK-005-4GB', '9SIA4RE78Y0624']]"
9SIBBN9JZ36333,MSI Gaming Radeon RX 6900 XT 16GB GDDR6 PCI Express 4.0 x16 Video Card RX 6900 XT GAMING Z TRIO 16G,MSI,,,1499.61,0,https://c1.neweggimages.com/ProductImageCompressAll300/14-137-683-S01.jpg,"[[' 7680 x 4320', ' 3 x DisplayPort 1.4', ' 1 x HDMI 2.1', ' 12.76"" x 5.55""', 'RX6900XT GAM Z TRIO']]"
9SIA4RE78X9627,CORN AMD Radeon RX 570 Graphic Card Video Card GPU 4GB 256-Bit GDDR5 PCI Express x16 HDCP DirectX12 DVI-D/DP/HDMI,Corn Electronics,,,99.99,0,https://c1.neweggimages.com/ProductImageCompressAll300/A4RES2208090HIXK652.jpg,"[[' 1244MHz', ' 7680 x 4320', ' 1 x DisplayPort', ' 1 x DVI', 'DZ-XK-007', '9SIA4RE78X9627']]"
9SIA4REJX92383,"PowerColor Fighter AMD Radeon RX 6800 Gaming Graphics card with 16GB GDDR6 Memory, Powered by AMD RDNA 2, Raytracing, PCI Express 4.0, HDMI 2.1, AMD Infinity Cache",PowerColor,4.3,6.0,609.99,0,https://c1.neweggimages.com/ProductImageCompressAll300/14-131-771-02.jpg,"[[' 1815 MHz', ' 7680 x 4320', ' 3 x DisplayPort 1.4', ' 1 x HDMI 2.1', '6800 16GBD6-3DH/OC', '9SIA4REJX92383']]"
9SIA8UCJWK1431,Asus TUF Gaming NVIDIA GeForce RTX 4080 16GB GDDR6X Graphics Card,ASUS,,,2307.11,$25.99 Shipping,https://c1.neweggimages.com/ProductImageCompressAll300/A4YUD2212170MW2EP48.jpg,"[['90YV0IB0-M0NA00', '9SIA8UCJWK1431']]"
9SIA8UCJWH9554,Palit GTX1650 GamingPro 4GB DDR6 Graphics Card,PALIT,,,321.01,$25.99 Shipping,https://c1.neweggimages.com/ProductImageCompressAll300/A4YUD22012812SJ2113.jpg,"[[' NVIDIA GeForce GTX 16 Series', 'NE6165001BG1-1175A', '9SIA8UCJWH9554']]"
9SIARA8JKV7137,JINGSHA Video Card GTX960 4GB 128Bit GDDR5 PCIE 16X 3.0 Graphics Cards For nVIDIA Geforce GTX 960M HDMI DVI VGA Cards,,,,297.15,0,https://c1.neweggimages.com/ProductImageCompressAll300/B1A7D2205100WR0MQ4A.jpg,"[['ZZL-RNU-ASD1414651', '9SIARA8JKV7137']]"
9SIARA8JPH2531,Colorful GeForce GTX 1630 4G GDDR6 1815Mhz 64bit  Display Ports HDMI/DP Video Card,Colorful,,,289.99,0,https://c1.neweggimages.com/ProductImageCompressAll300/ARA8S2303290IHIRRA7.jpg,"[[' Double Fans', 'shoudong57', '9SIARA8JPH2531']]"
9SIARA8JKF1769,NVIDIA RTX A4000 16GB GDDR6 PCI Express 4.0 x16 Workstation Video Card,"PNY Technologies, Inc.",,,949.98,0,https://c1.neweggimages.com/ProductImageCompressAll300/APMXS220307jqNVS.jpg,[['XRL-114']]
9SIARA8JM02869,GIGABYTE GeForce GTX1650 OC 4GB GDDR6 Graphics Card GTX 1650,,,,489.99,0,https://c1.neweggimages.com/ProductImageCompressAll300/B1A6D211023ZGE2C.jpg,"[['ZZL-RNU-ASD714768', '9SIARA8JM02869']]"
9SIARA8JM10548,GIGABYTE GeForce GTX 1650 MINI ITX OC 4GB GDDR5  Graphics Cards GTX1650,,,,499.99,0,https://c1.neweggimages.com/ProductImageCompressAll300/B1A6D21101413Y7SO.jpg,"[['ZZL-RNU-ASD1175456', '9SIARA8JM10548']]"
9SIA4REJSX6933,"Manli GeForce RTX 4090 Gallardo Graphic Card,24GB GDDR6X 384-Bit PCI Express X16 4.0 Desktop Gaming Computer GPU Video Card",Corn Electronics,,,2319.99,0,https://c1.neweggimages.com/ProductImageCompressAll300/A4RES230217087UV136.jpg,"[[' 2235 MHz', ' 3 x DisplayPort', ' 1 x HDMI', ' 351 x 145 mm', 'RTX 4090 Gallardo', '9SIA4REJSX6933']]"
9SIBGFDK072685,ASUS Dual GeForce RTX 3070 8GB GDDR6 PCI Express 4.0 Video Card DUAL-RTX3070-O8G,ASUS,4.6,94.0,499.99,$52.00 Shipping,https://c1.neweggimages.com/ProductImageCompressAll300/14-126-459-01.jpg,"[[' 1800 MHz', ' 7680 x 4320', ' 3 x DisplayPort 1.4a', ' 2 x HDMI 2.1', 'DUAL-RTX3070-O8G']]"
9SIARPHJRH2096,"Gigabyte GeForce RTX 3060 EAGLE OC 12G Graphics Card 8pin RTX 3060 Video Card GDDR6 192bit GDDR6 PCI Express 4.0 x16,1807MHz Core Frequency,2×HDMI 2.1 interface, 2×DisplayPort",GIGABYTE,5,1.0,384.0,$49.99 Shipping,https://c1.neweggimages.com/ProductImageCompressAll300/AWMSS220112sandB.jpg,"[[' 1807MHz', ' 7680 x 4320', ' 2 x DisplayPort 1.4a', ' 2 x HDMI 2.1', 'GV N3060EAGLE']]"
9SIBFVPJYP7025,EVGA 256-P1-N400-LR 6200 256MB 64-Bit GDDR2 PCI Video Card,EVGA,4,45.0,99.77,0,https://c1.neweggimages.com/ProductImageCompressAll300/14-130-466-03.jpg,"[[' 300 MHz', ' 1 x DVI', ' DirectX 9', ' NVIDIA', '256-P1-N400-LR']]"
9SIA4REJX24280,"iGame GeForce RTX 4060 Ti Ultra W DUO OC 8GB Graphics Card,8G 128-Bit GDDR6,PCI Express 4.0,Display Interfaces 1*HDMI,3*DP-White",Corn Electronics,,,589.99,0,https://c1.neweggimages.com/ProductImageCompressAll300/A4RES23061906L1VN09.jpg,"[[' 2310 MHz', ' 7680 x 4320', ' 3 x DisplayPort 1.4a', ' 1 x HDMI 2.1', 'iGame RTX4060 Ti UW DUO OC 8G', '9SIA4REJX24280']]"
9SIARA8JSP2071,Colorful iGame GeForce RTX 3070 Ti Ultra W 8G PCI Express 4.0 ATX Video Card,Colorful,,,998.0,0,https://c1.neweggimages.com/ProductImageCompressAll300/ARA8S2304170JLJDL08.jpg,"[[' Triple Fans', '48ASFAS', '9SIARA8JSP2071']]"
9SIARA8JPH2761,Colorful GTX 1630 4G GDDR6 1785MHz 64bit Desktop Computer Independent Graphics Card Display Ports Hdmi/Dp Video Card,Colorful,,,218.0,0,https://c1.neweggimages.com/ProductImageCompressAll300/ARA8S2303290IWKCH02.jpg,"[[' Double Fans', 'asfa5454Colorful', '9SIARA8JPH2761']]"
9SIA8UCJWG7439,Palit GameRock OC NVIDIA GeForce RTX 4080 16GB GDDR6X Graphics Card,PALIT,,,2083.57,$25.99 Shipping,https://c1.neweggimages.com/ProductImageCompressAll300/A4YUD2211300I8NHVD5.jpg,"[[' NVIDIA GeForce RTX 40 Series', 'NED4080S19T2-1030G', '9SIA8UCJWG7439']]"
9SIA8UCJXM1093,Palit Gaming Pro NVIDIA GeForce RTX 4080 16GB GDDR6X Graphics Card,PALIT,,,2005.63,$25.99 Shipping,https://c1.neweggimages.com/ProductImageCompressAll300/A4YUD2302240A0NV74C.jpg,"[['NED4080T19T2-1032A', '9SIA8UCJXM1093']]"
9SIA8UCJXN6744,Palit RTX 4090 GameRock NVIDIA GeForce RTX 4090 24 GB GDDR6X,PALIT,,,2700.07,$25.99 Shipping,https://c1.neweggimages.com/ProductImageCompressAll300/A4YUD230216140VG12C.jpg,"[['NED4090019SB-1020G', '9SIA8UCJXN6744']]"
9SIAYTVFE54847,GIGABYTE Gaming GeForce RTX 3060 Ti 8GB GDDR6 PCI Express 4.0 ATX Video Card GV-N306TGAMING OC-8GD REV 2.0,GIGABYTE,,,489.99,$49.99 Shipping,https://c1.neweggimages.com/ProductImageCompressAll300/APBUD210706GFIYZ.jpg,"[['3060ti-4', '9SIAYTVFE54847']]"
9SIAYTVJZB9867,MAXSUN Nvidia Geforce RTX 4070 Ti iCraft Limited Edition OC 12GB GDDR6X Video Graphics Card GPU For Computer Gaming PC HDMI2.1 PCIE 4.0 X16,MAXSUN,,,1019.9,$49.99 Shipping,https://c1.neweggimages.com/ProductImageCompressAll300/A4RES2302140HS8VIAD.jpg,"[[' 2310 MHz', ' 7680 x 4320', ' 3 x DisplayPort', ' 1 x HDMI', 'RTX 4070 Ti iCraft Limited Edition OC 12']]"
9SIA4REJX24718,"Tomahawk GeForce RTX 4060 Ti NB DUO 8GB Graphics Card,8G 128-Bit GDDR6,PCI Express 4.0,Display Interfaces 1*HDMI,3*DP",Corn Electronics,,,569.99,0,https://c1.neweggimages.com/ProductImageCompressAll300/A4RES23061907VTYWE9.jpg,"[[' 2310 MHz', ' 7680 x 4320', ' 3 x DisplayPort 1.4a', ' 1 x HDMI 2.1', 'RTX 4060 Ti NB DUO 8GB', '9SIA4REJX24718']]"
9SIARPHJJP0687,"GIGABYTE GeForce GTX 1660 SUPER MINI ITX OC 6G Graphics Card, 170mm Compact Size, 6GB 192-Bit GDDR6, GV-N166SIXOC-6GD Video Card",GIGABYTE,4.4,15.0,272.35,$49.99 Shipping,https://c1.neweggimages.com/ProductImageCompressAll300/14-932-234-V01.jpg,"[[' 1800 MHz', ' 7680 x 4320 @ 60 Hz', ' 3 x DisplayPort 1.4', ' 1 x HDMI 2.0b', 'GV-N166SIXOC-6GD']]"
9SIAYTVHCK4131,MSI Gaming Radeon RX 6800 XT 16GB GDDR6 PCI Express 4.0 Video Card RX 6800 XT Gaming Z Trio 16G,MSI,4.4,70.0,1099.99,$49.99 Shipping,https://c1.neweggimages.com/ProductImageCompressAll300/14-137-720-01.png,"[[' 7680 x 4320', ' 3 x DisplayPort 1.4', ' 1 x HDMI 2.1', ' 12.76"" x 5.59""', 'RX 6800 XT Gaming Z Trio 16G']]"
9SIA4REJSZ3757,"VASTARMOR Radeon RX 6500 XT 4G D6 Explorer Graphics Card, 4GB 64-bit GDDR6,PCI Express 4.0, Output Interface DP x 1,HDMI x 1",Corn Electronics,,,249.99,0,https://c1.neweggimages.com/ProductImageCompressAll300/A4RES2302200FE9NX95.jpg,[['RX 6500 XT 4G D6 Explorer']]
9SIA4RE91F7626,"CORN GTX 960 128-Bit 2GB GDDR5 Graphic Card with dual fans DirectX11 Video Card GPU PCI Express 3.0 DP/DVI-D/HDMI,Play for LOL,PUBG,OW,Apex,CSGO etc.",Corn Electronics,,,129.99,0,https://c1.neweggimages.com/ProductImageCompressAll300/A4RES2208090GKOBI9F.jpg,"[[' 1 x DisplayPort', ' 1 x DVI', ' 1 x HDMI', ' DirectX 11', 'DZ-XK-021-GTX960-2G', '9SIA4RE91F7626']]"
9SIARA8JSP2366,Colorful iGame GeForce RTX 4070 Ti Neptune OC 2610Mhz GDDR6X PCI Express 4.0 ATX Video,Colorful,,,1688.0,0,https://c1.neweggimages.com/ProductImageCompressAll300/ARA8S2304170JVR7Z24.jpg,"[[' Liquid Cooler', 'Ad55sss', '9SIARA8JSP2366']]"
9SIA8UCJWG8583,Palit RTX 4090 GameRock OC 24GB GDDR6X Graphics Card,PALIT,,,2715.14,$55.99 Shipping,https://c1.neweggimages.com/ProductImageCompressAll300/BHE9S2212130HUJNA08.jpg,"[[' NVIDIA GeForce RTX 40 Series', 'NED4090S19SB-1020G', '9SIA8UCJWG8583']]"
9SIA8UCJWH9548,ASUS ROG Strix GeForce RTX 4090 GDDR6X ROG Triple Fan Graphics Card - 24GB,ASUS,,,3375.95,$19.99 Shipping,https://c1.neweggimages.com/ProductImageCompressAll300/A4YUD23060218BFOZ67.jpg,"[['90YV0ID1-M0NA00', '9SIA8UCJWH9548']]"
9SIA4REJSW3668,"GALAX Geforce RTX 4070 Ti XingYao OC GAMING Graphics Card,12G 192-Bit GDDR6X,PCI Express 4.0,Display Interfaces 1*HDMI,3*DP",,,,1289.99,0,https://c1.neweggimages.com/ProductImageCompressAll300/A4RES23021504Q6JG1F.jpg,"[[' 2310 MHz', ' 7680 x 4320', ' 3 x DisplayPort', ' 1 x HDMI', 'RTX 4070 Ti XingYao OC']]"
9SIAYTVJZB9726,"MAXSUN GeForce RTX 4070 Ti 12GB Video Gaming Graphics Card PCIE 4.0, GDDR6X, HDMI 2.1a, DisplayPort 1.4a, Support 8K",MAXSUN,,,1179.99,$49.99 Shipping,https://c1.neweggimages.com/ProductImageCompressAll300/AXZZS2305310H2TJ8B0.jpg,"[[' 2310 MHz', ' 7680 x 4320', ' 3 x DisplayPort 1.4a', ' 1 x HDMI 2.1', 'MS-RTX4070Ti iCraft OC 12G']]"
9SIAGGGJMB4961,MAXSUN GeForce GT 730 DirectX 12 730HH4G 4GB 128-Bit DDR3 PCI Express 2.0 x16 Standard ATX Video Card HDMI+DVI+VGA,MAXSUN,1,1.0,59.99,$30.00 Shipping,https://c1.neweggimages.com/ProductImageCompressAll300/AGKC_1_20190814246624082.jpg,"[[' 700 MHz', ' 4096 x 2160', ' 1 x DVI', ' 1 x HDMI', 'VGAMXS730HH4G', '9SIAGGGJMB4961']]"
9SIAH05GR82181,Nvidia RTX A4000 Video Graphics Card 16GB GDDR6 Ampere GPU Workstations Slim Single Slot 900-5G190-2200-000,NVIDIA,,,1795.0,0,https://c1.neweggimages.com/ProductImageCompressAll300/AH05S21122104TC9U22.jpg,"[['900-5G190-2200-000', '9SIAH05GR82181']]"
9SIB11NJEU0790,GIGABYTE Eagle OC GeForce RTX 3060 Ti 8GB GDDR6 PCI Express 4.0 ATX Video Card GV-N306TEAGLE OC-8GD (rev. 2.0) (LHR),GIGABYTE,,,479.99,$45.00 Shipping,https://c1.neweggimages.com/ProductImageCompressAll300/APNMS2112200ICT1C20.jpg,[['GV-N306TEAGLE OC-8GD-Sui']]
9SIAM4SH0F4031,"ASUS NVIDIA GeForce GT 710 Graphics Card (PCIe 2.0, 2GB GDDR5 Memory, 4 x HDMI Ports, Single-slot Design, Passive Cooling)",ASUS,,,254.0,0,https://c1.neweggimages.com/ProductImageCompressAll300/APBUD201025GW5HA.jpg,"[['xianka-37', '9SIAM4SH0F4031']]"
9SIBKENJU19556,TRYCOO Gaming GeForce GTX 1650 4G Graphics Card PCI Express 3.0 Video Card Dual-fan Edition HDMI DP 1.4,TRYCOO,,,169.0,0,https://c1.neweggimages.com/ProductImageCompressAll300/BKENS2305040TDZSFAD.jpg,"[[' 1530 MHz', ' 1 x DisplayPort', ' 1 x DVI', ' 1 x HDMI', 'GTX 1650 4G', '9SIBKENJU19556']]"
9SIA4RE5X87654,CORN GTX 650 Ti 128-Bit 1GB GDDR5 Graphic Card DirectX11 Video Card GPU PCI Express 3.0 DVI/VGA/HDMI,Corn Electronics,4.3,4.0,89.99,0,https://c1.neweggimages.com/ProductImageCompressAll300/A4RES1912248prbG.jpg,"[[' 900 MHz', ' 4096 x 2160', ' 1 x DVI', ' 1 x HDMI', 'DZ-XK-002']]"
9SIB7RAJRR8292,MSI GeForce GTX 1660 Ti Armor 6GB GDDR6 Graphics Card,MSI,,,320.06,$20.00 Shipping,https://c1.neweggimages.com/ProductImageCompressAll300/A4YU_1_201908191971957108.jpg,[['V375-041R']]
9SIA4REJSX7332,"Colorful iGame GeForce RTX 4090 Vulcan W OC Graphics Card,24G 384-Bit GDDR6X,PCI Express 4.0,Display Interfaces 1*HDMI,3*DP-White",Corn Electronics,,,2879.99,0,https://c1.neweggimages.com/ProductImageCompressAll300/A4RES2302170GQ5RP26.jpg,"[[' 2235 MHz', ' 7680 x 4320', ' 3 x DisplayPort', ' 1 x HDMI', 'RTX 4090 Vulcan W OC', '9SIA4REJSX7332']]"
9SIB11NJ712873,Asus ROG Strix ROG-STRIX-RTX2060S-A8G-EVO-GAMING GeForce RTX 2060 SUPER Graphic Card - 8GB GDDR6,ASUS,4.1,21.0,599.99,$8.99 Shipping,https://c1.neweggimages.com/ProductImageCompressAll300/14-126-355-V01.jpg,"[[' 7680 x 4320', ' 2 x DisplayPort 1.4', ' 2 x HDMI 2.0b', ' 11.83"" x 5.14""', 'RTX2060S-A8G-EVO-GAM']]"
9SIAYTVFH24661,"ASUS DUAL GeForce RTX 3060 OC Edition Gaming Graphics Card (PCIe 4.0, 12GB GDDR6 Memory, HDMI 2.1, DisplayPort 1.4a, 2-slot Design, Axial-tech Fan Design, 0dB Technology), DUAL-RTX3060-O12G-V2(LHR)",ASUS,,,376.24,$49.99 Shipping,https://c1.neweggimages.com/ProductImageCompressAll300/AYTVS210815DlX1y.jpg,"[[' Double Fans', 'zxsj-25']]"
9SIAVXDJP09524,MLLSE 100% New AMD RX5700XT 8G 7NM Gaming Graphics Card 8GB 256Bit GDDR6 PCI Express 4.0 x 16 GPU Radeon rx5700xt Desktop Video Card,Mllse,1,1.0,229.99,0,https://c1.neweggimages.com/ProductImageCompressAll300/AVXDS2210310KM0BC58.jpg,"[['RX5700XT-8G', '9SIAVXDJP09524']]"
9SIBKENJU18678,TRYCOO Gaming GTX 1660Ti 6G Graphics Card GDDR6 PCI Express 3.0 Video Card Dual-fan Edition,TRYCOO,,,179.0,0,https://c1.neweggimages.com/ProductImageCompressAll300/BKENS2305040SR7JBD7.jpg,"[[' 1530 MHz', ' 1 x DisplayPort', ' 1 x DVI', ' 1 x HDMI', 'GTX 1660Ti', '9SIBKENJU18678']]"
9SIBBN9JZ36238,MSI Gaming Radeon RX 6800 16GB GDDR6 PCI Express 4.0 Video Card RX 6800 Gaming Z Trio 16G,MSI,4.6,19.0,799.61,0,https://c1.neweggimages.com/ProductImageCompressAll300/14-137-732-24.jpg,"[[' 7680 x 4320', ' 3 x DisplayPort 1.4', ' 1 x HDMI 2.1', ' 12.76"" x 5.51""', 'RX 6800 Gaming Z Trio 16G']]"
9SIBKENJU19559,TRYCOO Gaming GTX 1660Super 6G Graphics Card GDDR6 PCI Express 3.0 Video Card Dual-fan Edition,TRYCOO,,,179.0,0,https://c1.neweggimages.com/ProductImageCompressAll300/BKENS2305040T8LJHD7.jpg,"[[' 1530 MHz', ' 1 x DisplayPort', ' 1 x DVI', ' 1 x HDMI', 'GTX 1660 S', '9SIBKENJU19559']]"
9SIBK8UJT64793,BR Radeon RX 580 DirectX 12 RX580 8G 256-Bit GDDR5 PCI Express 3.0 x16 HDCP Gaming Video Card GPU VGA,,,,88.9,0,https://c1.neweggimages.com/ProductImageCompressAll300/BK8US2304230N4GJI3E.jpg,"[[' AMD', ' AMD Radeon RX 500 Series', ' Double Fans', 'BR RX 580 8G', '9SIBK8UJT64793']]"
9SIBJXUJTB8140,SRhonyra AMD RX 580 Gaming graphics card 2048SP GDDR5 8GB 256Bit PCI Express 3.0 x16 6Pin Gaming Video Card Mining GPU Gaming GPU with HDMI DP DVI Port,SRhonyra,,,85.9,0,https://c1.neweggimages.com/ProductImageCompressAll300/BJXUS2305120HQP9ZE2.jpg,"[[' 1244 MHz', ' DVI-D Port:4K\nHDMI Port:4k\nDP Port:8K', ' 1 x DisplayPort', ' 1 x DVI', 'SR58D5M8G1', '9SIBJXUJTB8140']]"
9SIA4REJX30643,RTX 4090 X3W 24G Video Card GDDR6X NVIDIA GPU 4NM 24GB 384Bit 12Pin 16384 CUDA White Gaming Video Card,Corn Electronics,,,2299.99,0,https://c1.neweggimages.com/ProductImageCompressAll300/A4RES230620084LUPED.jpg,"[[' Triple Fans', 'RTX 4090 X3W', '9SIA4REJX30643']]"
9SIBGFDJUK8901,"ASUS ROG Strix GeForce RTX 4090 White OC Edition Gaming Graphics Card (PCIe 4.0, 24GB GDDR6X, HDMI 2.1a, DisplayPort 1.4a) ROG-STRIX-RTX4090-O24G-WHITE",ASUS,,,3099.99,$70.00 Shipping,https://c1.neweggimages.com/ProductImageCompressAll300/A4RES2303270DGQUZ82.jpg,"[[' 7680 x 4320', ' 3 x DisplayPort 1.4a', ' 2 x HDMI 2.1a', ' 3.5 Slot', 'ROG RTX4090-O24G-WHITE']]"
9SIARPHJRH2102,GIGABYTE Gaming GeForce RTX 3060 Ti 8GB GDDR6 PCI Express 4.0 x16 ATX Video Card GV-N306TGAMINGOC PRO-8GD (rev. 3.0)(LHR),GIGABYTE,1,1.0,465.0,$49.99 Shipping,https://c1.neweggimages.com/ProductImageCompressAll300/AYTVD210720XT2SH.jpg,[['zxsj-19']]
9SIB11NJSU2386,MINGYING GTX 750TI 2GBD5  GeForce GTX 750 Ti  2GB  GDDR5 128-Bit GDDR5 PCI Express 3.0 Gaming Video Card 2560 * 1600 60Hz DVI HDMI VGA,,4.7,3.0,59.99,0,https://c1.neweggimages.com/ProductImageCompressAll300/AGKC_132112119373224575bXNLz5p0Fl.jpg,"[[' 60W', 'VGAMGY750TI2GBD5']]"
9SIAYTVHXS4066,PowerColor RED DEVIL Radeon RX 6950 XT 16GB GDDR6 PCI Express 4.0 ATX Video Card AXRX 6950XT 16GBD6-3DHE/OC,PowerColor,2,1.0,801.0,$49.99 Shipping,https://c1.neweggimages.com/ProductImageCompressAll300/14-131-798-V08.jpg,"[[' 3 x DisplayPort 1.4', ' 1 x HDMI 2.1', ' 12.60"" x 5.31""\n13.07"" x 6.02"" (with bracket)', ' 3 Slots', 'AXRX 6950XT 16GBD6-3DHE/OC']]"
9SIA4RE78Y1299,CORN AMD Radeon HD6450 2GB 64Bit GDDR3 Graphic Card Video Card GPU DirectX 11 PCI Express 2.1 16X DVI-D/VGA/HDMI,Corn Electronics,3.7,3.0,64.33,0,https://c1.neweggimages.com/ProductImageCompressAll300/A4RES2208090H58N650.jpg,"[[' 625 MHz', ' 1920*1080*60Hz', ' 1 x DVI', ' 1 x HDMI', 'DZ-XK-009', '9SIA4RE78Y1299']]"
9SIAVWRJW78662,MLLSE AMD Radeon RX 6700 10GB Gaming Graphics Card GDDR6 160-Bit PCI Express 4.0 ×16 8+8Pin HDMI×1 DP×3 Desktop Game Video Card,Mllse,,,259.0,0,https://c1.neweggimages.com/ProductImageCompressAll300/AVWRS2305290HV806C2.jpg,"[[' 2174 MHz', ' 3 x DisplayPort', ' 1 x HDMI', ' AMD', 'AMD RX 6700XL 10GB']]"
9SIBKMGJYG1063,ZOTAC GAMING GeForce RTX 3080 Trinity OC White Edition LHR 10GB GDDR6X PCI Express 4.0 ATX Video Card ZT-A30800K-10PLHR,ZOTAC,5,2.0,1529.99,0,https://c1.neweggimages.com/ProductImageCompressAll300/14-500-535-V09.jpg,"[[' 7680 x 4320', ' 3 x DisplayPort 1.4a', ' 1 x HDMI 2.1', ' 12.50"" x 4.80""', 'ZT-A30800K-10PLHR']]"
9SIAYE8JRH2219,MSI G103024PC NVIDIA GeForce GT 1030 2GD4 LP OC 2GB DDR4 HDMI & DisplayPort Low Profile PCI-Express Video Card,MSI,,,128.38,0,https://c1.neweggimages.com/ProductImageCompressAll300/V06W_1_201808011399891377.jpg,"[[' 1 x DisplayPort', ' 1 x HDMI', ' NVIDIA', ' 1430 MHz', 'G103024PC']]"
9SIBK8UJNM6870,BR RTX 3060 12GB GDDR6 Graphics cards PCI express x16 video cards Desktop computer PC video gaming graphics card VGA GPU For Gaming PC,,,,317.9,0,https://c1.neweggimages.com/ProductImageCompressAll300/BK8US2304230L0X1NB0.jpg,"[[' 1320 MHz', ' 4096 x 2160', ' DirectX 12', ' NVIDIA', 'Geforce RTX 3060 12GB GDDR6', '9SIBK8UJNM6870']]"
9SIBGFDJN65296,"GIGABYTE Radeon RX 6800 GAMING OC 16G Graphics Card, WINDFORCE 3X Cooling System, 16GB 256-bit GDDR6, GV-R68GAMING OC-16GD Video Card, Powered by AMD RDNA 2, HDMI 2.1",GIGABYTE,4.4,55.0,593.0,$46.00 Shipping,https://c1.neweggimages.com/ProductImageCompressAll300/14-932-382-S01.jpg,"[[' 7680 x 4320', ' 2 x DisplayPort 1.4a', ' 2 x HDMI 2.1', ' 11.26"" x 4.41""', 'GV-R68GAMING OC-16GD']]"
9SIBGVAJEA8810,GALAX New GeForce RTX 3060 Ti 8GB OC FG GDDR6 Gaming GPU Video Card RTX 3060TI Graphics Card,,,,409.0,0,https://c1.neweggimages.com/ProductImageCompressAll300/BGVAS2212080DRKQ77E.jpg,"[[' 7680 x 4320', ' 3 x DisplayPort 1.4a', ' 1 x HDMI 2.1', ' 11.6X4.5', '4895147143552']]"
9SIAD07JT27101,Lenovo Tesla M10 Graphic Card - 32 GB,Lenovo,,,1290.0,0,https://c1.neweggimages.com/ProductImageCompressAll300/AE8DS200207clclu.jpg,"[[' NVIDIA', '7C57A02891']]"
9SIBJXUJNA3764,"SRhonyra 4 Monitor Video Card Geforce GT 730 2GB DDR3 64-Bit 4 HDMI Graphics Card, for splicing large screen/ stock trading/ CCTV Survalance / projector fusion Support U3D",SRhonyra,,,104.0,0,https://c1.neweggimages.com/ProductImageCompressAll300/BJXUS23040707DYLQ84.jpg,"[[' 902 MHz', ' 1920x1080@60Hz single screen \n3840x2160@60Hz splicing screen', ' 4 x HDMI', ' 6.61x2.71x1.41 inches', 'SR734H21', '9SIBJXUJNA3764']]"
9SIBMYNJX01340,"EVGA GeForce GTX 1650 SC ULTRA GAMING GDDR6, 04G-P4-1257-KR, 4GB GDDR6, Dual Fan, Metal Backplate",EVGA,4.5,16.0,397.95,0,https://c1.neweggimages.com/ProductImageCompressAll300/14-487-496-V01.jpg,"[[' 7680 x 4320', ' 2 x DisplayPort 1.4', ' 1 x HDMI 2.0b', ' 7.96"" x 4.38""', '04G-P4-1257-KR']]"
9SIAGKC9V57606,MAXSUN GeForce GTX 1050 Ti DirectX 12 GTX 1050 Ti TF4GM4 4GB 128-Bit GDDR5 PCI Express 3.0 x16 Standard ATX Video Card Gaming Graphics Card GTX 1050TI  GPU,MAXSUN,4.3,3.0,299.99,0,https://c1.neweggimages.com/ProductImageCompressAll300/AGKC_1_201908141183204420.jpg,"[[' 1291 MHz', ' 4096 x 2160', ' 1 x DVI', ' 1 x HDMI', 'VGAMXS1050TiTF4GM4']]"
9SIACA5JU34511,Gigabyte GeForce RTX 4070 Ti EAGLE Graphics Card,GIGABYTE,,,1001.99,0,https://c1.neweggimages.com/ProductImageCompressAll300/ACA5D23032517BQBJ67.jpg,"[[' 3 Years', 'GV-N407TEAGLE OC-12GD', '9SIACA5JU34511']]"
9SIAKNUDFH0619,"ASUS GT710-SL-1GD5-BRK - Graphics card - GF GT 710 - 1 GB GDDR5 - PCIe 2.0 low profile - DVI, D-Sub, HDMI - fanless",ASUS,,,59.59,0,https://c1.neweggimages.com/ProductImageCompressAll300/AD7H_1_201811151585723436.jpg,"[[' 25W', '90YV0AL2-M0NA00']]"
9SIAYTVJTN6204,"PNY GeForce RTX 4070 Ti 12GB  Verto White Limited Edition Graphics Card DLSS 3, Triple Fan, 12GB GDDR6X , White Video Card","PNY Technologies, Inc.",,,1199.99,$49.99 Shipping,https://c1.neweggimages.com/ProductImageCompressAll300/AYTVS2304280DOFSY87.jpg,"[[' 3 x DisplayPort 1.4', ' 1 x HDMI 2.1', ' 2610 MHz', ' 7680 Cores', 'PNY RTX 4070 Ti 12GB VERTO WHITE']]"
9SIAUNCK0V9874,"ASUS TUF GAMING AMD Radeon RX 6950 XT OC Edition Graphics Card (AMD RDNA 2, PCIe 4.0, 16GB GDDR6, HDMI 2.1, DisplayPort 1.4a, Dual Ball Fan Bearings, Aluminum Shroud, Reinforced Frame, GPU Tweak)",ASUS,,,999.99,$49.99 Shipping,https://c1.neweggimages.com/ProductImageCompressAll300/14-126-576-V01.jpg,"[[' 7680 x 4320', ' 3 x DisplayPort 1.4a', ' 1 x HDMI 2.1', ' 13.00"" x 5.52""', 'TUF-RX6950XT-O16G-GAMING']]"
9SIBGVAJEA8680,GALAX New GeForce RTX 3050 Senior General OC 8GB GDDR6 Video Card Gaming NVIDIA 8Pin 128 Bit,,,,259.0,0,https://c1.neweggimages.com/ProductImageCompressAll300/BGVAS2212080CPCBO05.jpg,"[[' 7680 x 4320', ' 3 x DisplayPort 1.4a', ' 1 x HDMI 2.1', ' 12x4.5', '4895147143576']]"
9SIBJXUJM67971,SRhonyra GeForce GTX 1050 ti low profile video card 4G GDDR5 supper compact PCI Express 3.0 x16 Single Slot Powered by PCI bus HDMI DP port low profile gpu lp gpu,SRhonyra,,,188.0,0,https://c1.neweggimages.com/ProductImageCompressAll300/BJXUS23033006PJGG28.jpg,"[[' 1291 MHz', ' 7680x4320@60Hz(DisplayPort);3840*2160@60(HDMI)', ' 1 x DisplayPort 1.4a', ' 1 x HDMI 2.0b', 'SR105TD5LP4G1', '9SIBJXUJM67971']]"
9SIBJXUJNN7834,SRhonyra 6 Monitor Video Card AMD Radeon R7 350  6VGA Graphics Card 128 bits GDDR5 2G Multi-Display Video Adapter GPU PCIe 3.0 16X 2GB,SRhonyra,,,125.0,$8.34 Shipping,https://c1.neweggimages.com/ProductImageCompressAll300/BJXUS2304070MEM0L9F.jpg,"[[' 800 MHz', ' 1920x1080 @60Hz Single Screen\n5760x2160@60Hz Splicing screen', ' 168x110x36mm', ' DirectX 12', 'SR356V21-1', '9SIBJXUJNN7834']]"
9SIAYE8JSS2408,MSI Gaming GeForce RTX 3070 Ti 8GB GDDR6X PCI Express 4.0 Video Card RTX 3070 Ti Gaming X Trio 8G,MSI,,,1165.85,0,https://c1.neweggimages.com/ProductImageCompressAll300/AXYVS2202130X8EP47C.jpg,"[[' 7680 x 4320', ' 3 x DisplayPort 1.4a', ' 1 x HDMI 2.1', ' 12.72"" x 5.51""', 'RTX 3070 Ti Gaming X Trio 8G']]"
9SIBGW6JYB9969,BIOSTAR NEW GeForce RTX 3080 10GB GDDR6X PCI Express 4.0 Graphics Card NVIDIA RTX 3080 10GB Gaming Video Card 8Pin GPU Gamer,Biostar,,,639.0,0,https://c1.neweggimages.com/ProductImageCompressAll300/BGW6S2306070HIZKJB5.jpg,"[[' 1440 MHz', ' 7680 x 4320', ' 3 x DisplayPort 1.4a', ' 1 x HDMI 2.1', '802700509278', '9SIBGW6JYB9969']]"
9SIBJXUJNJ4736,SRhonyra 4VGA multi monitors graphics card  AMD Radeon HD7600  2GB GDDR5 128bits 4 Monitors video card GPU PCIe 2.0x16 Video Adapter 4 VGA Port,SRhonyra,,,95.0,0,https://c1.neweggimages.com/ProductImageCompressAll300/BJXUS2304070KC4E1E9.jpg,"[['SR764V21', '9SIBJXUJNJ4736']]"
9SIAVWRJT90102,MLLSE GeForce RTX 3080 Ti 12G Gaming Graphics Card RGB Lighting GDDR6X PCI Express 4.0 Video Card Triple-fan Edition,Mllse,,,859.0,0,https://c1.neweggimages.com/ProductImageCompressAll300/AVWRS2303030HEO9I8A.jpg,"[[' 1365 MHz', ' 3 x DisplayPort 1.4', ' 1 x HDMI 2.1', ' DirectX 12', 'RTX 3080 Ti 12GB', '9SIAVWRJT90102']]"
9SIARA8JKF1764,PNY NVIDIA RTX A4000 16GB GDDR6 Graphics Card,"PNY Technologies, Inc.",,,941.66,0,https://c1.neweggimages.com/ProductImageCompressAll300/A4YUD2205210A36VJ92.jpg,"[['VCNRTXA4000-SB', '9SIARA8JKF1764']]"
9SIARA8JSP4947,ZOTAC RTX 4090 TianQi OC 24GB 4GB GDDR6X PCI Express 4.0 Video Card,ZOTAC,,,2645.98,0,https://c1.neweggimages.com/ProductImageCompressAll300/A4RES2211170FUAUHB8.jpg,[['RTX 4090 TianQi OC']]
9SIA8UCJXN6737,HP NVIDIA RTX A4000 16GB GDDR6 Graphic Card Model 20X24AA,HP,,,4054.24,$25.99 Shipping,https://c1.neweggimages.com/ProductImageCompressAll300/A1K6S2304261E0RLEE2.jpg,"[['20X24AA', '9SIA8UCJXN6737']]"
9SIAWFGJXV9581,ASUS External GPU for Gaming Laptop ROG XG Mobile Compatible Device ( GV301Q / GV301R / GZ301Z ) GC32L-021,ASUS,,,2699.0,0,https://c1.neweggimages.com/ProductImageCompressAll300/B7RAD23042404H5QG1B.jpg,[['195553306959']]
9SIAVWRJT83256,MLLSE AMD RX 580 8GB 2048SP Gaming Graphics Card GDDR5 256Bit PCI Express 3.0 ×16 8Pin DVI×1 HDMI×1 DP×1 Radeon Video Card,Mllse,5,2.0,77.0,0,https://c1.neweggimages.com/ProductImageCompressAll300/AVWRS23030208H7RC7D.jpg,"[[' 1284 MHz', ' 1 x DisplayPort', ' 1 x DVI', ' 1 x HDMI', 'AMD RX 580 8G 2048SP D5', '9SIAVWRJT83256']]"
9SIAR6YE0F9379,M.2 NGFF to 90/180 Degree PCI-E 3.0 X16 Graphics Card Extender Extension Adapter,,,,28.13,0,https://c1.neweggimages.com/ProductImageCompressAll300/AR6YD210408HHD5C.jpg,"[[' Black', '6901614009240', '9SIAR6YE0F9379']]"
9SIAVWRJVS0667,MLLSE AMD RX 5700 8GB Gaming Graphics Card GDDR6 256Bit 2304SP PCI Express 4.0 ×16 6+8Pin HDMI×1 DP×3 Radeon rx 5700 Desktop Video Card,Mllse,,,149.0,0,https://c1.neweggimages.com/ProductImageCompressAll300/AVWRS2305180NAU665A.jpg,"[[' 1720 MHz', ' 3 x DisplayPort', ' 1 x HDMI', ' AMD', 'RX 5700XL 8GB', '9SIAVWRJVS0667']]"
9SIBKENJU14655,TRYCOO Gaming RTX 3070TI 8G Graphics Card GDDR6X RGB Lighting PCI Express 4.0 Video Card Triple-fan Edition,TRYCOO,,,489.0,0,https://c1.neweggimages.com/ProductImageCompressAll300/BKENS2305040KLQMD76.jpg,"[[' 1365 MHz', ' 3 x DisplayPort 1.4', ' 1 x HDMI', ' DirectX 12', 'RTX 3070 Ti', '9SIBKENJU14655']]"
9SIAVWRJT90718,MLLSE RTX 2060 6GB Gaming Graphics Card GDDR6 192bit PCI Express 3.0 8Pin NVIDIA GeForce Game Video Card HDMI×1 DP×3 Dual-fan,Mllse,5,1.0,239.0,0,https://c1.neweggimages.com/ProductImageCompressAll300/AVWRS2303030JYUWO32.jpg,"[[' 3 x DisplayPort', ' 1 x HDMI', ' NVIDIA', ' NVIDIA GeForce RTX 20 Series', 'RTX 2060 6GB', '9SIAVWRJT90718']]"
9SIBGW6JK12089,ZOTAC GeForce RTX 3060 Ti 8GB AMP White Edition GOC Video Card RTX 3060Ti GDDR6 PCI Express 4.0 Graphics Card,ZOTAC,,,499.0,$8.60 Shipping,https://c1.neweggimages.com/ProductImageCompressAll300/BGVAS2211230JXOM93D.jpg,"[[' 7680 x 4320', ' 3 x DisplayPort 1.4a', ' 1 x HDMI 2.1', ' 14.1X4.2', '6974601290792']]"
9SIAVWRJVP5809,MLLSE AMD RX 5600XT 6G Gaming Graphic Card GDDR6 6GB 192Bit 2304SP Radeon Computer GPU PCI Express 4.0 Desktop Video Card,Mllse,,,139.0,0,https://c1.neweggimages.com/ProductImageCompressAll300/AVWRS2305160OBJTMF9.jpg,"[[' 1560 MHz', ' 3 x DisplayPort', ' 1 x HDMI', ' AMD', 'RX 5600XT 6GB', '9SIAVWRJVP5809']]"
9SIBJKNJS91042,"ELSA AMD Radeon RX 580 Graphics Card, 2048SP, Real 8GB, GDDR5, 256 Bit, Pc Gaming Radeon Video Card, 2xHDMI, DP, PCI Express 3.0 with Freeze Fan Stop for Desktop Computer Gaming Gpu",ELSA,,,149.0,0,https://c1.neweggimages.com/ProductImageCompressAll300/BJKNS2307060EQGTX57.jpg,"[[' 1 x DisplayPort', ' 2 x HDMI', ' AMD', ' 256-Bit', '6974298180239', '9SIBJKNJS91042']]"
9SIB11NJ710029,"ASUS ROG STRIX Radeon RX 6700 XT OC Edition Gaming Graphics Card (AMD RDNA 2, PCIe 4.0, 12GB GDDR6, HDMI 2.1, DisplayPort 1.4a, Axial-tech Fan Design, 2.9-slot) - ROG-STRIX-RX6700XT-O12G-GAMING",ASUS,,,699.99,$10.00 Shipping,https://c1.neweggimages.com/ProductImageCompressAll300/APBUD2104059K8IN.jpg,[['WBHAMD-3']]
9SIAYTVHXB4787,"ZOTAC GeForce RTX 3060 X-GAMING Gaming Graphics Card,(PCIe 4.0, 12GB GDDR6,HDMI 2.1, DisplayPort 1.4a),RTX 3060-12GD6 X-GAMING LHR Video Card,Pink/Blue GPU",ZOTAC,,,449.99,$49.99 Shipping,https://c1.neweggimages.com/ProductImageCompressAll300/AYTVS2205310HKH9U32.jpg,[['B-ZOTAC RTX3060-12GD6 X-GAMING']]
9SIAM4SJMB4252,"VisionTek Radeon 7750 2GB GDDR5 6 4k Monitor Graphics Card, 6 Mini DisplayPorts, AMD Eyefinity 2.0, PCI Express 3.0 Video Card, 7.1 Surround Sound (900614)",VisionTek,,,429.1,0,https://c1.neweggimages.com/ProductImageCompressAll300/A7U1_1_2020021569943428.jpg,"[['FB00C7EPSVS', '9SIAM4SJMB4252']]"
9SIB7RAJT71988,ASUS Desktop PC M3400WU (AMD Ryzen7 16GB SSD 256GB + HDD 1TB 23.8 inch Full HD Wireless Keyboard & Mouse Included WPS Office 2 Standard Edition (Common license for 3 products)) M3400WU-R75700EC White,ASUS,,,965.62,$54.00 Shipping,https://c1.neweggimages.com/ProductImageCompressAll300/B7RAD23042404H5OU79.jpg,"[['195553600118', '9SIB7RAJT71988']]"
9SIA4REJX30471,GEFORCE RTX 4090 OC White 24GB GDDR6X Gaming Graphics Card,Corn Electronics,,,2599.99,0,https://c1.neweggimages.com/ProductImageCompressAll300/A4RES23062006NOJ76C.jpg,"[[' Triple Fans', 'RTX 4090 XingYao OC', '9SIA4REJX30471']]"
9SIB11NJ712818,"ASUS GeForce RTX 2060 Advanced Overclocked 6G GDDR6 Dual-Fan EVO Edition VR Ready HDMI DisplayPort DVI Graphics Card (DUAL-RTX2060-A6G-EVO) Bulk Pack, No Retail Box",ASUS,5,2.0,366.07,$7.99 Shipping,https://c1.neweggimages.com/ProductImageCompressAll300/AGKCS21021965Dw0.jpg,[['DUAL-RTX2060-A6G-EV']]
9SIAD6HJGD2612,"ZOTAC GAMING GeForce RTX 4080 16GB Trinity DLSS 3 16GB GDDR6X 256-bit 22.4 Gbps PCIE 4.0 Gaming Graphics Card, IceStorm 2.0 Advanced Cooling, SPECTRA 2.0 RGB Lighting, ZT-D40810D-10P",ZOTAC,4.4,5.0,1988.99,0,https://c1.neweggimages.com/ProductImageCompressAll300/14-500-542-03.jpg,"[[' 7680 x 4320', ' 3 x DisplayPort 1.4a', ' 1 x HDMI 2.1', ' DirectX 12 Ultimate', 'ZT-D40810D-10P', '9SIAD6HJGD2612']]"
9SIBJXUJMF6258,SRhonyra GeForce GTX 1650 2HDMI Multi-Monitors Video Card 4GB GDDR5 128Bit  Low Profile Graphics Card lp GPU PCI Express 3.0 16X,SRhonyra,,,205.0,0,https://c1.neweggimages.com/ProductImageCompressAll300/BJXUS2304030KC8FO13.jpg,"[[' 1665 MHz', ' 7680x4320@60Hz(DisplayPort);3840*2160@60Hz(HDMI)\n', ' 2 x HDMI 2.0b', ' 145x69x16mm', 'SR16552H41', '9SIBJXUJMF6258']]"
9SIAVWRJTE9831,MLLSE RTX 3070 8G Gaming Graphics Card GDDR6 256Bit HDMI*1 DP*3 PCI Express 4.0 RGB Lighting 12Pin Video Card Triple-fan Edition,Mllse,,,439.0,0,https://c1.neweggimages.com/ProductImageCompressAll300/AVWRS2303090KVFK38A.jpg,"[[' 3 x DisplayPort', ' 1 x HDMI', ' NVIDIA', ' NVIDIA GeForce RTX 30 Series', 'RTX 3070 8GB', '9SIAVWRJTE9831']]"
9SIAVWRJTE9805,MLLSE RTX 3060 12G Gaming Graphics Card GDDR6 HDMI*1 DP*3 PCI Express 4.0 Video Card 8Pin Dual-fan Edition,Mllse,,,329.0,0,https://c1.neweggimages.com/ProductImageCompressAll300/AVWRS2303090JT7LMF1.jpg,"[[' 3 x DisplayPort', ' 1 x HDMI', ' DirectX 12', ' NVIDIA', 'RTX 3060 12G', '9SIAVWRJTE9805']]"
9SIAVWRJUC7481,MLLSE RTX 3060 Ti 8G Gaming Graphics Card GDDR6 HDMI*1 DP*3 PCI Express 4.0 Video Card 8Pin Dual-fan Edition,Mllse,,,369.0,0,https://c1.neweggimages.com/ProductImageCompressAll300/AVWRS2304010F5TB419.jpg,"[[' 3 x DisplayPort', ' 1 x HDMI', ' DirectX 12', ' NVIDIA', 'RTX 3060 Ti 8GB', '9SIAVWRJUC7481']]"
9SIBGW6JNC1725,Inno3D AX Gaming New Graphic Card GEFORCE RTX 3050 X2W 8GB GDDR6 128Bit 8Pin 8NM 1777MHz Gaming GPU Video Cards,Inno3D,,,269.0,0,https://c1.neweggimages.com/ProductImageCompressAll300/BGW6S2303180GEH1Y5A.jpg,"[[' 1777 MHz', ' 7680 x 4320', ' 3 x DisplayPort 1.4a', ' 1 x HDMI 2.1a', '835168000063', '9SIBGW6JNC1725']]"
9SIBBN9JZ36291,MSI Gaming Radeon RX 6900 XT 16GB GDDR6 PCI Express 4.0 Video Card RX 6900 XT GAMING Z TRIO 16G,MSI,4.5,18.0,1499.71,0,https://c1.neweggimages.com/ProductImageCompressAll300/14-137-654-01.jpg,"[[' 7680 x 4320', ' 3 x DisplayPort 1.4', ' 1 x HDMI 2.1', ' 12.76"" x 5.55""', 'RX 6900XTGAMINGZTRIO']]"
9SIBF3CJDR1097,Peladn Gaming GTX 1660Ti 6G Graphics Card GDDR6 PCI Express 3.0 Video Card Dual-fan Edition,Peladn,4.4,7.0,169.0,0,https://c1.neweggimages.com/ProductImageCompressAll300/BF3CS2212030J8GSIA2.jpg,"[[' 1500 MHz', ' 1 x DisplayPort', ' 1 x DVI', ' 1 x HDMI', '6972410023150', '9SIBF3CJDR1097']]"
9SIBF3CJ3S2631,Peladn Gaming GeForce RTX 2060 6G Graphics Card GDDR6 PCI Express 3.0 Video Card Dual-fan Edition HDMI DP 1.4,Peladn,3.6,7.0,219.0,0,https://c1.neweggimages.com/ProductImageCompressAll300/BF3CS2208030HSIF33F.jpg,"[[' NVIDIA', ' NVIDIA GeForce RTX 20 Series', ' 192-Bit', ' Double Fans', '6972410022467', '9SIBF3CJ3S2631']]"
9SIBF3CJHC3636,PELADN AMD Radeon RX6650XT 8GB GDDR6 PCI Express 4.0 Video Card,Peladn,,,279.0,0,https://c1.neweggimages.com/ProductImageCompressAll300/BF3CS2301110JAIO00C.jpg,"[[' 2410 MHz', ' 3 x DisplayPort', ' 1 x HDMI', ' 231*119MM', '6972410023419', '9SIBF3CJHC3636']]"
9SIBGW6JK08465,BIOSTAR NEW GeForce RTX 3070 8GB GDDR6 PCI Express 4.0 Graphics Card NVIDIA RTX 3070 8GB Gaming Video Card 8Pin GPU Gamer,Biostar,5,1.0,419.0,0,https://c1.neweggimages.com/ProductImageCompressAll300/BGVAS221202090Q62B6.jpg,"[[' 7680 x 4320', ' 3 x DisplayPort 1.4', ' 1 x HDMI 2.1', ' DirectX 12', '4712960686632']]"
9SIBGW6J9X0154,Inno3D AX Gaming New GeForce RTX 4090 X3W 24G Video Card GDDR6X NVIDIA GPU 4NM 24GB 384Bit 12Pin 16384 CUDA Gamer Video Card,AX Gaming,5,1.0,1956.0,0,https://c1.neweggimages.com/ProductImageCompressAll300/BGW6S2210280NE3BT33.jpg,"[[' 2550MHz', ' 7680 x 4320', ' 3 x DisplayPort 1.4a', ' 1 x HDMI 2.1', '835168002876', '9SIBGW6J9X0154']]"
9SIBGW6J9Y3807,Inno3D AX New White RTX 3060 X2W 12GB Graphics Card GDDR6 192bit 8Pin 8NM NVIDIA GPU Video Cards,AX Gaming,5,4.0,325.0,0,https://c1.neweggimages.com/ProductImageCompressAll300/BGW6S2210290MUBUWBA.jpg,"[[' 1777 MHz', ' 7680 x 4320', ' 3 x DisplayPort 1.4a', ' 1 x HDMI 2.1a', '835168002241', '9SIBGW6J9Y3807']]"
9SIBJKNJUE8301,"ELSA AMD Radeon RX 5700 XT 8GB GDDR6 256-Bit PCI Express 4.0 x 16 Video Card 1 x HDMI,3 x DP,Desktop Computer PC Video Gaming Graphics Card",ELSA,5,1.0,249.99,0,https://c1.neweggimages.com/ProductImageCompressAll300/BJKNS2307060FBABX6B.jpg,"[[' 3 x DisplayPort', ' 1 x HDMI', ' AMD', ' AMD Radeon RX 5700 Series', '6974298180321', '9SIBJKNJUE8301']]"
9SIBGW6JK10939,GALAX New Graphics Card GeForce RTX 3060 Metal Master MAX OC FG GDDR6 8Pin 192 Bit RTX 3060 12G Gaming GPU Video Card,,,,344.0,0,https://c1.neweggimages.com/ProductImageCompressAll300/BGVAS2212080EY8MF1D.jpg,"[[' 7680 x 4320', ' 3 x DisplayPort 1.4a', ' 1 x HDMI 2.1', ' 11.3x4.85', '4895147150819']]"
9SIBMWJJX97921,MSI GeForce GTX 1060 6GB GDDR5 PCI Express 3.0 x16 ATX Video Card GeForce GTX 1060 GAMING 6G,MSI,4.5,56.0,268.08,$49.99 Shipping,https://c1.neweggimages.com/ProductImageCompressAll300/14-137-018-S99.jpg,"[[' 1531 MHz (OC Mode)\n1518 MHz (Gaming Mode)\n1506 MHz (Silent Mode)', ' 7680 x 4320', ' 3 x DisplayPort 1.4', ' 1 x DL-DVI-D', 'GeForce GTX 1060 GAM']]"
9SIBJP7JYK4776,ENvinda Gaming GTX 1660Super 6G Graphics Card GDDR6 PCI Express 3.0 Video Card Dual-fan Edition,ENvinda,,,149.0,0,https://c1.neweggimages.com/ProductImageCompressAll300/BJP7S23061608U9PC98.jpg,"[[' Double Fans', '20200609', '9SIBJP7JYK4776']]"
9SIAVWRJV15710,MLLSE RX 5500XT 8G D6 Gaming Graphics Card with 8G/128bit/GDDR6 Memory 16GHz Memory Frequency DirectX12 3D Feature,Mllse,,,117.0,0,https://c1.neweggimages.com/ProductImageCompressAll300/AVWRS2304260O1JYG8D.jpg,"[[' 1717 MHz', ' 3 x DisplayPort', ' 1 x HDMI', ' AMD', 'RX 5500XT 8GB', '9SIAVWRJV15710']]"
9SIBJP7JN63992,ENvinda Gaming GeForce RTX 3070 8GB GDDR6X 256-bit 19 Gbps PCIE 4.0 Gaming Graphics Card Advanced Cooling RGB Lighting Video Card,ENvinda,,,474.99,0,https://c1.neweggimages.com/ProductImageCompressAll300/BJP7S23031505IXFE50.jpg,"[[' 1500 MHz', ' 3 x DisplayPort', ' 1 x HDMI', ' NVIDIA', '20210315', '9SIBJP7JN63992']]"
9SIAGKC9V57591,MAXSUN GeForce GT 710 DirectX 12 GT 710 HH2GM3 2GB 64-Bit DDR3 PCI Express 2.0 x16  Low Profile Video Card HDMI+DVI+VGA,MAXSUN,1,1.0,149.99,$10.00 Shipping,https://c1.neweggimages.com/ProductImageCompressAll300/AGKC_1_20190814892844775.jpg,"[[' 954 MHz', ' 3840 x 2160', ' 1 x DVI', ' 1 x HDMI', 'VGAMXS710HH2GM3', '9SIAGKC9V57591']]"
9SIB7RAJPC9005,HP INC. - NSB OPTIONS Z9H51AA NVIDIA GEFORCE GT 730 DP 2GB,HP,,,111.27,$19.00 Shipping,https://c1.neweggimages.com/ProductImageCompressAll300/A4M5_1_201812081979460743.jpg,[['Z9H51AA']]
9SIB11NJEU0796,GIGABYTE Eagle OC GeForce RTX 3060 Ti 8GB GDDR6 PCI Express 4.0 ATX Video Card GV-N306TEAGLE OC-8GD (rev. 2.0) (LHR),GIGABYTE,,,469.99,$45.00 Shipping,https://c1.neweggimages.com/ProductImageCompressAll300/AWMSS211115U3GHn.jpg,"[[' 1695 MHz', ' 7680 x 4320', ' 2 x DisplayPort 1.4a', ' 2 x HDMI 2.1', 'GV N306TEAGLE']]"
9SIAM4SGV44138,Nvidia Tesla K10 8GB GDDR5 GK104 Kepler Dual GPU Graphics Processing Unit,NVIDIA,,,410.0,0,https://c1.neweggimages.com/ProductImageCompressAll300/AWFGD210824C1M4X.jpg,"[['shoudong125', '9SIAM4SGV44138']]"
9SIAA0TJRJ3542,THINKSTATOIN NVIDIA P1000 HP,Lenovo,,,168.9,0,https://c1.neweggimages.com/ProductImageCompressAll300/AF0Y_1_20190209135144793.jpg,"[[' NVIDIA', ' 47W', ' 145 mm', '4X60N86661', '9SIAA0TJRJ3542']]"
9SIAYTVFCK4097,"Colorful iGame GeForce RTX 3070 Advanced OC 8G 1725-1815Mhz GDDR6 256bit Video Gaming Computer Graphics Card Support PCI-E 4.0, DirectX 12 Ultimate/OpenGL4.6, Display Ports HDMI/DP",Colorful,,,906.83,$49.99 Shipping,https://c1.neweggimages.com/ProductImageCompressAll300/AZ7RS210609nrt7t.jpg,"[['GeForce RTX 3070 Advanced OC 8G', '9SIAYTVFCK4097']]"
9SIB7RAJNZ1346,"PowerColor Red Devil AMD Radeon RX 6900 XT Gaming Graphics Card with 16GB GDDR6 Memory, Powered by AMD RDNA 2, Raytracing, PCI Express 4.0, HDMI 2.1, AMD Infinity Cache, AXRX 6900XT 16GBD6-3DHE/OC",PowerColor,4.4,36.0,2590.98,$21.00 Shipping,https://c1.neweggimages.com/ProductImageCompressAll300/14-131-776-V01.jpg,"[[' 7680 x 4320', ' 3 x DisplayPort 1.4', ' 1 x HDMI 2.1', ' 12.60"" x 5.31""', '6900XT 16GBD6-3DHE/O']]"
9SIAXZZJT94011,"MAXSUN GeForce RTX 4080 OC 16GB iCraft Anime GPU Graphics Card GDDR6X, PCI Express 4.0 X16, 256-bit, 3x DisplayPort 1.4a, HDMI 2.1a Video Card",MAXSUN,,,1329.99,0,https://c1.neweggimages.com/ProductImageCompressAll300/AXZZS2303240M893B8E.jpg,"[[' 2210 MHz', ' 7680 x 4320', ' 3 x DisplayPort 1.4a', ' 1 x HDMI 2.1a', 'MS-RTX4080 iCraft OC 16G iCraft Limited', '9SIAXZZJT94011']]"
9SIB11NJ710008,"ASUS ROG STRIX Radeon RX 6700 XT OC Edition Gaming Graphics Card (AMD RDNA 2, PCIe 4.0, 12GB GDDR6, HDMI 2.1, DisplayPort 1.4a, Axial-tech Fan Design, 2.9-slot) - ROG-STRIX-RX6700XT-O12G-GAMING",ASUS,,,699.99,$10.00 Shipping,https://c1.neweggimages.com/ProductImageCompressAll300/APBUD2104059K8IN.jpg,[['WBHAMD1-3']]
9SIB11NJ708115,ASUS TUF Gaming GeForce GTX 1660 SUPER Overclocked 6GB Edition HDMI DP DVI Gaming Graphics Card (TUF-GTX1660S-O6G-GAMING),ASUS,,,349.99,$10.00 Shipping,https://c1.neweggimages.com/ProductImageCompressAll300/APBUD201025HLBER.jpg,[['xianka-22']]
9SIA4REJSX7418,"GALAXY GeForce RTX 4090 HOF OC Plus 24G Graphics Card,24G 384-Bit GDDR6X,PCI Express 4.0,Display Interfaces 1*HDMI,3*DP",,,,2599.99,0,https://c1.neweggimages.com/ProductImageCompressAll300/A4RES2302170HW1PVCD.jpg,"[[' 3.7 Slot', 'RTX 4090 HOF OC Plus 24G']]"
9SIBJXUJNM5630,SRhonyra GeForce GTX 1650 2 monitors video card  4G GDDR5 128bit PCI Express 3.0 x16 low profile vIdeo card  low profile gpu lp gpu 2HDMI Port single slot supper compact,SRhonyra,,,205.0,0,https://c1.neweggimages.com/ProductImageCompressAll300/BJXUS2304070LN684AF.jpg,"[[' 1485 MHz', ' 7680x4320@60Hz(DisplayPort);3840*2160@60Hz(HDMI)', ' 1 x DisplayPort 1.4a', ' 1 x HDMI 2.0b', 'SR16552H41-1', '9SIBJXUJNM5630']]"
9SIBFVPJVB3026,GIGABYTE GeForce GT 710 DirectX 12 GV-N710D3-2GL 2GB 64-Bit DDR3 PCI Express 2.0 x 8 Low Profile Video Card,GIGABYTE,,,67.92,0,https://c1.neweggimages.com/ProductImageCompressAll300/AD7H_1_20170601570074357.jpg,"[[' 954 MHz', ' 1 x Dual-Link DVI-D', ' 1 x HDMI', ' 5.70"" x 2.71""', 'GV-N710D3-2GL']]"
9SIBJXUJM67969,"SRhonyra GeForce GTX1050 low profile Graphics Card 4G GDDR5 128Bit PCI Express 3.0 16X
 low profile gpu HDMI DP port low profile video card supper compact card lp gpu",SRhonyra,,,178.0,0,https://c1.neweggimages.com/ProductImageCompressAll300/BJXUS2303300MR1DC5C.jpg,"[[' 1470 MHz', ' 7680x4320@60Hz(DisplayPort);3840*2160@60Hz(HDMI)', ' 1 x DisplayPort 1.4a', ' 1 x HDMI 2.0b', 'SR105D5LP4G1', '9SIBJXUJM67969']]"
9SIAYE8JSR3064,MSI Gaming GeForce RTX 3050 8GB GDRR6 128-Bit HDMI/DP PCIe 4 Torx Twin Fans Ampere OC Graphics Card (RTX 3050 Ventus 2X 8G OC),MSI,,,299.73,0,https://c1.neweggimages.com/ProductImageCompressAll300/A73MS2204180KB9S5D7.jpg,"[[' NVIDIA', ' NVIDIA GeForce RTX 30 Series', '(RTX 3050 Ventus 2X 8G OC)']]"
9SIBJP7JSY2167,ENvinda GeForce RTX 3080 10GB GDDR6X PCI Express 4.0 x16 ATX Video Card,ENvinda,,,700.0,0,https://c1.neweggimages.com/ProductImageCompressAll300/BJP7S2306160CSWQ47F.jpg,"[[' Triple Fans', '20210420', '9SIBJP7JSY2167']]"
9SIBJP7JN64028,ENvinda GeForce RTX2060 Super 8GB GDDR6 PCIE16 Video card RTX2060S 8g for Computer Office Components Graphics Cards gaming,ENvinda,,,211.0,0,https://c1.neweggimages.com/ProductImageCompressAll300/BJP7S2306190KBJNH40.jpg,"[[' 1470 MHz', ' 3 x DisplayPort', ' 1 x HDMI', ' NVIDIA', '20210313', '9SIBJP7JN64028']]"
9SIBGW6JNC1153,Inno3D AX New White RTX 3060 X2W 12GB Graphics Card GDDR6 192bit 8Pin 8NM NVIDIA GPU Video Cards,Inno3D,,,325.0,0,https://c1.neweggimages.com/ProductImageCompressAll300/BGW6S2303180FHVAG01.jpg,"[[' 1777 MHz', ' 7680 x 4320', ' 3 x DisplayPort 1.4a', ' 1 x HDMI 2.1a', '835168000049', '9SIBGW6JNC1153']]"
9SIAVWRJT94369,MLLSE AMD RX 550 4GB Video Graphics Card GPU For Computer PC Gaming GDDR5 128-Bit PCI Express 3.0 Radeon Video Card Single fan,Mllse,4.5,2.0,66.0,0,https://c1.neweggimages.com/ProductImageCompressAll300/AVWRS2306120MNDJQ0D.jpg,"[[' 1183 MHz', ' 1 x DisplayPort', ' 1 x DVI', ' 1 x HDMI', 'RX 550 4GB', '9SIAVWRJT94369']]"
9SIBGW6J9Y0429,Inno3D AX Gaming New Graphic Card GEFORCE RTX 3050 X2W 8GB GDDR6 128Bit 8Pin 8NM 1777MHz Gaming GPU Video Cards,AX Gaming,,,269.0,0,https://c1.neweggimages.com/ProductImageCompressAll300/BGW6S2210250N9EN904.jpg,"[[' 1777 MHz', ' 7680 x 4320', ' 3 x DisplayPort 1.4a', ' 1 x HDMI 2.1a', '835168002647', '9SIBGW6J9Y0429']]"
9SIBGW6JNC0872,Inno3D AX New RTX 4070 Ti X3W 12GB Graphics Card GDDR6X 192bit NVIDIA GPU Video Cards,Inno3D,5,1.0,929.0,0,https://c1.neweggimages.com/ProductImageCompressAll300/BGW6S2303180EK22BAB.jpg,"[[' 2640 MHz', ' 7680 x 4320', ' 3 x DisplayPort 1.4a', ' 1 x HDMI 2.1', '835168000032']]"
9SIBGW6JK10811,GALAX GeForce RTX 4070 Ti Metal Master OC 12GB Graphics Card GDDR6X Gaming GPU RTX 4070Ti Video Card,,,,989.0,0,https://c1.neweggimages.com/ProductImageCompressAll300/BGVAS2301050FW4T0E1.jpg,"[[' 7680 x 4320', ' 3 x DisplayPort 1.4a', ' 1 x HDMI 2.1', ' 14x6.3', '4895147150260']]"
9SIBJP7JNN7312,ENvinda AMD Radeon RX 580 DirectX 12 RX580 8G 256-Bit GDDR5 PCI Express 3.0 x16 HDCP Gaming Video Card Mining GPU,ENvinda,3,1.0,81.0,0,https://c1.neweggimages.com/ProductImageCompressAll300/BJP7S2306160CU3LB63.jpg,"[[' 1 x DisplayPort', ' 1 x DVI', ' 1 x HDMI', ' DirectX 12', '20210327', '9SIBJP7JNN7312']]"
9SIBGW6JK10741,GALAX GeForce RTX 4070 Ti OC 12GB Graphics Card GDDR6X 12G Gaming GPU RTX 4070Ti Video Card,,,,979.0,0,https://c1.neweggimages.com/ProductImageCompressAll300/BGVAS2301160LZJHQ28.jpg,"[[' 7680 x 4320', ' 3 x DisplayPort 1.4a', ' 1 x HDMI 2.1', ' 14x6.2', '4895147151434']]"
9SIBJKNJUE8075,"ELSA AMD Radeon RX 5700 8GB GDDR6 256-Bit PCI Express 4.0 x 16 Video Card 1 x HDMI,3 x DP, Desktop Computer PC Video Gaming Graphics Card",ELSA,,,265.0,0,https://c1.neweggimages.com/ProductImageCompressAll300/BJKNS2307060F7OV2F5.jpg,"[[' 3 x DisplayPort', ' 1 x HDMI', ' AMD', ' AMD Radeon RX 5700 Series', '6974298180338', '9SIBJKNJUE8075']]"
9SIBJKNJMF4680,"ELSA AMD Radeon RX 550 4GB GDDR5 128-Bit PCI Express 3.0 x 8 Video Card 1 x HDMI,1 x DP,1 x DVI-D,Desktop Computer PC Video Gaming Graphics Card",ELSA,,,139.0,0,https://c1.neweggimages.com/ProductImageCompressAll300/BJKNS2307060DM3P02E.jpg,"[[' 1195 MHz', ' 1 x DisplayPort', ' 1 x DVI', ' 1 x HDMI', '6974298180185', '9SIBJKNJMF4680']]"
9SIBJXUJM74113,SRhonyra GeForce GTX 1650 low profile vIdeo card  4G GDDR5 128bit PCI Express 3.0 x16 Single slot Powered by PCI bus  low profile gpu lp gpu HDMI DP port,SRhonyra,,,198.0,0,https://c1.neweggimages.com/ProductImageCompressAll300/BJXUS2303310JTT8H28.jpg,"[[' 1485 MHz', ' 7680x4320@60Hz(DisplayPort);3840*2160@60Hz(HDMI)', ' 1 x DisplayPort 1.4a', ' 1 x HDMI 2.0b', 'SR165D5LP4G1DH', '9SIBJXUJM74113']]"
9SIBJXUJMJ9626,SRhonyra Radeon R7 350 HD7750 4GB  GDDR5 6HDMI  Video Card 6 Monitors  Graphics Card GPU PCI-Express 3.0 16X 128-Bit,SRhonyra,,,175.0,0,https://c1.neweggimages.com/ProductImageCompressAll300/BJXUS2303290MVHRY41.jpg,"[[' 800 MHz', ' 3840x2160 @30Hz Single Screen\n11520x4320@30Hz Splicing screen', ' 6 X HDMI', ' 168x110x36mm', 'SR356H41', '9SIBJXUJMJ9626']]"
9SIBKENJU14649,TRYCOO  Gaming RTX 3060 12G Graphics Card GDDR6 PCI Express 4.0 Video Card Dual-fan Edition,TRYCOO,,,289.0,0,https://c1.neweggimages.com/ProductImageCompressAll300/BKENS2305040J33X99A.jpg,"[[' 1365 MHz', ' 3 x DisplayPort 1.4', ' 1 x HDMI', ' DirectX 12', 'RTX3060-12G', '9SIBKENJU14649']]"
9SIAYTVJZB9468,"MAXSUN GeForce RTX 4080 MGG OC 16GB Video Gaming Card GDDR6X, 256-bit, 3x DisplayPort, HDMI 2.1, PCI Express 4.0 X16 Graphics Cards",MAXSUN,,,1609.99,$49.99 Shipping,https://c1.neweggimages.com/ProductImageCompressAll300/AXZZS2303220HKSW178.jpg,"[[' 2210 MHz', ' 7680 x 4320', ' 3 x DisplayPort', ' 1 x HDMI 2.1', 'MS-RTX4080 MGG OC16G']]"
9SIB11NJ710016,ASUS TUF Gaming GeForce GTX 1660 SUPER Overclocked 6GB Edition HDMI DP DVI Gaming Graphics Card (TUF-GTX1660S-O6G-GAMING),ASUS,,,349.99,$10.00 Shipping,https://c1.neweggimages.com/ProductImageCompressAll300/ARUXS210929BC6B0.jpg,"[[' 1530 MHz', ' 1 x DisplayPort 1.4', ' 1 x DVI-D', ' 1 x HDMI 2.0b', 'ASUS TUF-GTX1660S-O6G-GAMING']]"
9SIB11NJ709869,ASUS TUF Gaming GeForce GTX 1660 SUPER Overclocked 6GB Edition HDMI DP DVI Gaming Graphics Card (TUF-GTX1660S-O6G-GAMING),ASUS,,,349.99,$10.00 Shipping,https://c1.neweggimages.com/ProductImageCompressAll300/APBUD201025HLBER.jpg,[['ZXHD-4']]
9SIBBCDK093903,HP Quadro P400 Graphic Card,HP,,,200.0,0,https://c1.neweggimages.com/ProductImageCompressAll300/V0VB_1_202003141601493183.jpg,[['1ME43AA']]
9SIAUNCJD49427,"AMD RADEON RX 6700 XT Graphics Card, 7nm AMD RDNA2 12GB GDDR6 192-bit AMD Reference Card, PCIE 4.0 HDMI DP 1.4a Video Card",AMD,,,599.99,$49.99 Shipping,https://c1.neweggimages.com/ProductImageCompressAll300/APBUS2208170KMSJ8C7.jpg,"[[' 2321 MHz', ' \t3 x DisplayPort 1.4', ' 1 x HDMI 2.1', ' DirectX 12 Ultimate', 'AMD RX 6700 XT']]"
9SIAXZZJUC7264,MAXSUN GeForce RTX 3060 12G GDDR6 Computer Video Gaming Graphics Cards ITX Design PCI Express 4.0 x16 HDMI 2.1 GPU,MAXSUN,,,329.99,0,https://c1.neweggimages.com/ProductImageCompressAll300/AXZZS210826DVUzC.jpg,[['MS-GEFORCERTX3060BIGMAC12GT1H']]
9SIBGW6JNC1424,Inno3D AX Gaming New RTX 3070 Ti X3W 8GB Graphics Card 19Gbps 8+8PIN 8NM 256bit GDDR6 NVIDIA GPU Video Card Gamer,Inno3D,,,569.0,0,https://c1.neweggimages.com/ProductImageCompressAll300/BGW6S2303180FWJZZEC.jpg,"[[' 1770 MHz', ' 7680 x 4320', ' 3 x DisplayPort 1.4a', ' 1 x HDMI 2.1a', '835168000056', '9SIBGW6JNC1424']]"
9SIBFUMJM05732,MSI GT 710 2GD3 LP GeForce GT 710 Graphic Card 2GB DDR3 SDRAM Low-profile,MSI,,,133.0,0,https://c1.neweggimages.com/ProductImageCompressAll300/A1K6_132142703948051085V70mRqlKUY.jpg,"[['MS#GT 710 2GD3 LP', '9SIBFUMJM05732']]"
9SIBJXUJNJ4544,"SRhonyra 6VGA multi monitors Video Card AMD Radeon HD7600 128bits GDDR5 2G PCIe 2.0x16 
 6 Monitors Graphics Adapter GPU for stock trading splicing large screen CCTV surveillence etc",SRhonyra,,,99.0,0,https://c1.neweggimages.com/ProductImageCompressAll300/BJXUS2304070IFXKZ85.jpg,"[['SR766V21', '9SIBJXUJNJ4544']]"
9SIBJP7JN63972,ENvinda RX6600M 8GB Graphics Card GPU GDDR6 128-Bit 14 Gbps RX 6600M 8GB 7NM Video Card Support Desktop CPU Game Graphics,ENvinda,,,189.99,0,https://c1.neweggimages.com/ProductImageCompressAll300/BJP7S2306160D2Q94D2.jpg,"[[' Double Fans', '20210314', '9SIBJP7JN63972']]"
9SIBFVPJUD4115,MSI Mech Radeon RX 6600 8GB GDDR6 PCI Express 4.0 Video Card RX 6600 MECH 2X 8G,MSI,4.5,210.0,365.59,0,https://c1.neweggimages.com/ProductImageCompressAll300/14-137-690-V01.jpg,"[[' 7680 x 4320', ' 3 x DisplayPort 1.4', ' 1 x HDMI 2.1', ' DirectX 12 Ultimate', 'RX 6600 MECH 2X 8G']]"
9SIAVWRJT91281,MLLSE RTX 2060 Super 8GB Gaming Graphics Card GDDR6 256bit PCI Express 3.0 8Pin NVIDIA GeForce Game Video Card HDMI×1 DP×3 Dual-fan,Mllse,5,1.0,259.0,0,https://c1.neweggimages.com/ProductImageCompressAll300/AVWRS2303030KTAW78E.jpg,"[[' 1470 MHz', ' 3 x DisplayPort', ' 1 x HDMI', ' NVIDIA', 'RTX 2060 SUPER 8GB', '9SIAVWRJT91281']]"
9SIBFVPJUD4161,MSI Mech Radeon RX 6600 XT 8GB GDDR6 PCI Express 4.0 ATX Video Card RX 6600 XT MECH 2X 8G OC,MSI,4.5,77.0,383.99,0,https://c1.neweggimages.com/ProductImageCompressAll300/14-137-682-13.jpg,"[[' 7680 x 4320', ' 3 x DisplayPort 1.4', ' 1 x HDMI (Supports 4K@120Hz / 8K@60Hz and VRR as specified in HDMI 2.1)', ' 9.25"" x 4.92""', 'RX6600XT MECH2X 8GOC']]"
9SIAVWRJTE9632,MLLSE RTX 2060 Super 8GB Graphics Card GDDR6 256Bit PCI-E 3.0×16 8Pin  NVIDIA GeForce Game Video Card HDMI×1 DP×3,Mllse,,,212.0,0,https://c1.neweggimages.com/ProductImageCompressAll300/AVWRS2303270JYSID18.jpg,"[[' 1470 MHz', ' 3 x DisplayPort', ' 1 x HDMI', ' NVIDIA', 'RTX 2060Super 8GB', '9SIAVWRJTE9632']]"
9SIAVWRJW78370,MLLSE GTX 1080 8G Gaming Graphics Card 256-Bit GDDR5X PCI Express 3.0 Video Card Dual-fan Edition,Mllse,4,1.0,155.0,0,https://c1.neweggimages.com/ProductImageCompressAll300/AVWRS2305290GXQ5NC0.jpg,"[[' 1671 MHz', ' 2 x DisplayPort', ' 2 x HDMI', ' DirectX 12', 'GTX 1080 8G', '9SIAVWRJW78370']]"
9SIAVWRJT91981,MLLSE AMD RX 6600M 8GB Gaming Graphics Card GDDR6 128Bit 7nm PCI Express 4.0 8Pin Radeon Game Video Card HDMI×1 DP×3 Dual-fan,Mllse,5,1.0,179.0,0,https://c1.neweggimages.com/ProductImageCompressAll300/AVWRS2307100EMUOHF3.jpg,"[[' Double Fans', 'RX 6600M 8GB', '9SIAVWRJT91981']]"
9SIBJXUJMK3893,SRhonyra AMD Radeon R7 350 6 Monitor Video Card   6VGA Graphics Card 128 bits GDDR5 4G Multi-Display Video Adapter GPU PCIe 3.0 16X,SRhonyra,,,155.0,0,https://c1.neweggimages.com/ProductImageCompressAll300/BJXUS2304060I16Q99F.jpg,"[['SR356V41', '9SIBJXUJMK3893']]"
9SIBJXUJM67973,"SRhonyra GeForce GT 1030 2G GDDR5 low profile video card  HDMI DP port low profile gpu lp gpu, PCIE 3.0 4X, compatible with 8x 16x, supper compact video card",SRhonyra,,,99.0,0,https://c1.neweggimages.com/ProductImageCompressAll300/BJXUS2304250FCFEH78.jpg,"[[' 1228 MHz', ' 7680x4320@60Hz(DisplayPort);3840*2160@60(HDMI)', ' 1 x DisplayPort 1.4a', ' 1 x HDMI 2.0b', 'SR103D5LP2G1', '9SIBJXUJM67973']]"
9SIBJXUJU14087,SRhonyra Radeon AMD R7 350 HD 7750 6 Monitors Video Card 2GB GDDR5 GPU 6HDMI Graphics card,SRhonyra,,,135.0,0,https://c1.neweggimages.com/ProductImageCompressAll300/BJXUS2305040JMVOX41.jpg,"[['SR356H22', '9SIBJXUJU14087']]"
9SIBMWJJXM9648,"Sapphire Radeon NITRO+ RX 580 8GB GDDR5 PCI-E Dual HDMI / DVI-D / Dual DP w/ Backplate (UEFI), 100411NT+8GL",Sapphire Tech,3.9,115.0,315.58,$49.99 Shipping,https://c1.neweggimages.com/ProductImageCompressAll300/14-202-280-V01.jpg,"[[' 5120 x 2880', ' 2 x DisplayPort 1.4', ' 1 x DVI-D', ' 2 x HDMI', '11265-01-20G']]"
9SIBJXUJNA1119,SRhonyra Rx 580 4GB 6 monitors Graphics Card 6HDMI video card 6-Screen Projection Fusion Stock trading Splicing Large Screen 4GB,SRhonyra,,,299.0,0,https://c1.neweggimages.com/ProductImageCompressAll300/BJXUS2304040JHF8U3F.jpg,"[[' 1244 MHz', ' 3840x2160 @30Hz Single Screen\n11520x4320@30Hz Splicing screen', ' 6 x HDMI', ' 174x111x36mm', 'SR586H41', '9SIBJXUJNA1119']]"
9SIBJXUJPF5770,SRhonyra GeForce GTX 1050Ti 4 monitors Video Card 4HDMI Multi-Monitors Graphics Card 4GB GDDR5 128bit  for splicing large screen/ stock trading/ CCTV Survalance / projector fusion  gtx1050ti,SRhonyra,,,249.0,0,https://c1.neweggimages.com/ProductImageCompressAll300/BJXUS23051208A2IO35.jpg,"[[' 1354 MHz', ' 3840x2160@Hz/7680x4320@60Hz Single Screen/ Splicing Screen', ' 4 x HDMI', ' 174*111*36mm', 'SR105T4H42', '9SIBJXUJPF5770']]"
9SIAYTVH6A3706,NVIDIA GeForce RTX 3060 Ti Founders Edition 8GB,NVIDIA,,,549.99,$49.99 Shipping,https://c1.neweggimages.com/ProductImageCompressAll300/AWFGD21111407JQ4P47.jpg,[['shoudong11']]
9SIA25VJS38726,PNY NVIDIA RTX A6000 48GB GDDR6 Graphics Card,"PNY Technologies, Inc.",,,5168.57,0,https://c1.neweggimages.com/ProductImageCompressAll300/A4YUD23021408Y8R61B.jpg,"[['VCNRTXA6000-SB', '9SIA25VJS38726']]"
9SIAXZZJNM7933,"MAXSUN GEFORCE GTX 1630 4GB GDDR6 Computer Video Gaming Graphics Card GPU for Mini ITX Gaming PC, DisplayPort, HDMI, DVI-D, Single Fan Cooling System",MAXSUN,,,169.99,0,https://c1.neweggimages.com/ProductImageCompressAll300/AXZZS2210250DGEL025.jpg,"[[' 1740 MHz', ' 7680 x 4320', ' 1 x DisplayPort', ' 1 x DVI', 'MS-GeForce GTX1630 Transformer 4G V0']]"
9SIAUNCK0V9799,GIGABYTE AORUS Radeon RX 6750 XT 12GB GDDR6 PCI Express 4.0 ATX Video Card GV-R675XTAORUS E-12GD,GIGABYTE,4.7,13.0,599.99,$49.99 Shipping,https://c1.neweggimages.com/ProductImageCompressAll300/14-932-518-12.jpg,"[[' 7680 x 4320', ' 2 x DisplayPort 1.4a', ' 2 x HDMI 2.1', ' 11.65"" x 4.61""', 'GV-R675XTAORUS E-12GD']]"
9SIAPBUJ4P9017,"AMD RADEON RX 6950 XT Gaming Graphics Card, 7nm AMD RDNA2 16GB GDDR6 256-bit AMD Reference Card, PCIE 4.0 HDMI*1 DP 1.4a*2 Type-C*1 Video Card, AMD Reference Edition Graphics Card",AMD,,,1469.99,$39.99 Shipping,https://c1.neweggimages.com/ProductImageCompressAll300/APBUS220818052RYD39.jpg,[['AMD RX 6950 XT']]
9SIB11NFTK4148,PNY Quadro RTX A5000 VCNRTXA5000-PB 24 GB GDDR6 ECC PCI Express 4.0 x16 4x DisplayPort 1.4a 1x 8-pin Power,"PNY Technologies, Inc.",,,2099.99,$10.00 Shipping,https://c1.neweggimages.com/ProductImageCompressAll300/AKEXS210706R2qyO.jpg,[['PNY-VCNRTXA5000-PB']]
9SIAVWRJT89600,MLLSE GTX 1660Super 6G Gaming Graphics Card GDDR6 PCI Express 3.0 Video Card Dual-fan Edition,Mllse,,,145.0,0,https://c1.neweggimages.com/ProductImageCompressAll300/AVWRS2303030FN4RNDA.jpg,"[[' 1530 MHz', ' 1 x DisplayPort', ' 1 x DVI', ' 1 x HDMI', 'GTX 1660 Super 6GB', '9SIAVWRJT89600']]"
9SIBBN9JEC4869,MSI Mech Radeon RX 6700 XT 12GB GDDR6 PCI Express 4.0 x16 Video Card RX 6700 XT MECH 2X 12G OC,MSI,,,599.93,0,https://c1.neweggimages.com/ProductImageCompressAll300/APBUD210607VUYVL.jpg,"[[' 2321 MHz', ' 3 x DisplayPort 1.4a', ' 1 x HDMI 2.1', ' 2 Slots', 'WBHAMD-8']]"
9SIBH04JU40589,MSI GeForce GT 710 1GB DDR3 PCI Express 2.0 x8 Low Profile Video Card GT 710 1GD3H LPV1,MSI,4.4,18.0,87.93,0,https://c1.neweggimages.com/ProductImageCompressAll300/14-127-930-01.jpg,"[[' 954 MHz', ' 4096 x 2160', ' 1 x DL-DVI-D', ' 1 x HDMI', 'GT 710 1GD3H LPV1']]"
14-487-434,"EVGA GeForce RTX 2060 SC GAMING, 06G-P4-2062-KR, 6GB GDDR6, HDB Fan",EVGA,4.7,19.0,359.99,0,https://c1.neweggimages.com/ProductImageCompressAll300/14-487-434-V06.jpg,"[[' 7680 x 4320', ' 1 x DisplayPort 1.4', ' 1 x Dual-Link DVI-D', ' 1 x HDMI 2.0b', '06G-P4-2062-KR', 'N82E16814487434']]"
9SIBGW6JNC0651,Inno3D AX New RTX 4080 X3W 16GB Graphics Card GDDR6X 256bit   NVIDIA GPU Video Cards,Inno3D,,,1198.0,0,https://c1.neweggimages.com/ProductImageCompressAll300/BGW6S2303180CD0OJ43.jpg,"[[' 2505Mhz', ' 7680 x 4320', ' 3 x DisplayPort 1.4', ' 1 x HDMI 2.1', '835168000025', '9SIBGW6JNC0651']]"
9SIBBN9JF28168,MSI Gaming GeForce RTX 3060 12GB 15 Gbps GDRR6 192-Bit HDMI/DP PCIe 4 Twin-Frozr Torx Fan Ampere RGB OC Graphics Card (RTX 3060 Gaming X 12G),MSI,5,1.0,529.95,0,https://c1.neweggimages.com/ProductImageCompressAll300/AKEXS21070686JdN.jpg,"[[' 1320 MHz', ' 3 x DisplayPort 1.4a', ' 1 x HDMI 2.1', ' 2 Slots', 'MSI-RTX-3060-Gaming-X-12G', '9SIBBN9JF28168']]"
9SIBJXUJMG8491,SRhonyra Gefore GTX 750 4 Monitors Video Card 2G GDDR5 128bit  4HDMI Multi-Monitors Dedicated Graphics Card PCI Express 3.0 16X,SRhonyra,,,129.0,0,https://c1.neweggimages.com/ProductImageCompressAll300/BJXUS2304040HI5BH38.jpg,"[[' 1020 MHz', ' 7680x4320@30Hz(Splicing screen);3840*2160@60Hz(single screen)', ' 4 x HDMI', ' 168x69x36mm', 'SR754H21', '9SIBJXUJMG8491']]"
9SIBJKNJMF2670,"ELSA GeForce GTX 1660 Super 6GB GDDR6 192-Bit PCI Express 3.0 x 16 NVIDIA Video Card 1 x HDMI,1 x DP,1 x DVI-D,Desktop Computer PC Video Gaming Graphics Card",ELSA,,,219.0,0,https://c1.neweggimages.com/ProductImageCompressAll300/BJKNS2307060GT0U98E.jpg,"[[' 1860 MHz', ' 1 x DisplayPort', ' 1 x DVI', ' 1 x HDMI', '6974298180208', '9SIBJKNJMF2670']]"
9SIBGW6JTC7356,"AX Gaming GeForce RTX 4070 X3W OC 12GB GDDR6X HDMI 2.1a,DP 1.4a 8Pin 192Bit Graphics Card Gaming GPU",AX Gaming,,,798.0,0,https://c1.neweggimages.com/ProductImageCompressAll300/BGW6S2304260BQIE171.jpg,"[[' 1920 MHz', ' 7680 x 4320', ' 3 x DisplayPort 1.4a', ' 1 x HDMI 2.1', '835168003187', '9SIBGW6JTC7356']]"
9SIAXK8JPY7555,"MAXSUN NVIDIA GEFORCE GT 1030 2GB ITX Graphics Card GPU GDDR5 Mini ITX Design, HDMI, DVI-D, Single Fan Cooling System",MAXSUN,5,1.0,108.97,0,https://c1.neweggimages.com/ProductImageCompressAll300/AXZZS21042707VWI.jpg,"[[' 1227 MHz', ' 4096 x 2160', ' 1 x DVI', ' 1 x HDMI', 'MS-GT1030TRANSFORMER2G']]"
9SIAUNCK0V9863,GIGABYTE Gaming OC Radeon RX 6950 XT 16GB GDDR6 PCI Express 4.0 ATX Video Card GV-R695XTGAMING OC-16GD,GIGABYTE,4.3,10.0,1049.99,$49.99 Shipping,https://c1.neweggimages.com/ProductImageCompressAll300/14-932-517-01.jpg,"[[' 2 x DisplayPort', ' 2 x HDMI', ' 13.07"" x 5.63""', ' 3 Slots', 'GV-R695XTGAMING OC-16GD']]"
9SIA4MRJSF7320,HP Tesla K40 Graphic Card - 12 GB,HP,,,1194.0,$10.00 Shipping,https://c1.neweggimages.com/ProductImageCompressAll300/AD7H_1_201706061973678129.jpg,"[[' NVIDIA', 'F1R08A', '9SIA4MRJSF7320']]"
9SIAUNCK0V9065,MSI Ventus GeForce RTX 4080 16GB GDDR6X PCI Express 4.0 Video Card RTX 4080 16GB VENTUS 3X OC,MSI,,,1425.9,$49.99 Shipping,https://c1.neweggimages.com/ProductImageCompressAll300/A4RES22111706SNTX45.jpg,"[[' Triple Fans', 'MSI RTX 4080 16GB VENTUS 3X OC']]"
9SIB68EGTS3115,"EVGA GeForce GT 1030 SC, 02G-P4-6333-KR, 2GB GDDR5, Low Profile",EVGA,4.5,21.0,126.0,0,https://c1.neweggimages.com/ProductImageCompressAll300/14-487-347-S09.jpg,"[[' 1290 MHz', ' 3840 x 2160', ' 1 x SL-DVI-D', ' 1 x HDMI 2.0b', '02G-P4-6333-KR']]"
9SIA4UB5JC6130,ETopSell ATI Rage XL 8MB/8 MB PCI 3D VGA Video Graphics Card,,5,2.0,15.46,$4.06 Shipping,https://c1.neweggimages.com/ProductImageCompressAll300/A4UB_131369968664466775RMhS2KyKEb.jpg,"[[' AMD', '12090192567', '9SIA4UB5JC6130']]"
9SIAUNCK0V8818,Peladn RX 550 4GB GDDR5 video card 1183MHz 512processors PCIExpress 3.0 graphics card of Desktop,Peladn,,,129.99,0,https://c1.neweggimages.com/ProductImageCompressAll300/BF3CS220824061IBA14.jpg,"[[' Double Fans', '6972410022320']]"
9SIBJP7JXS3510,ENVINDA AMD RX 580 8GB Video Cards Hashrate 28-30mh/S 256bit 2048Sp For GDDR5 GPU Performance RX580 Graphics Cards,ENvinda,,,79.0,0,https://c1.neweggimages.com/ProductImageCompressAll300/BJP7S2307030PDA1ZAA.jpg,"[[' Double Fans', '20220602', '9SIBJP7JXS3510']]"
9SIBJXUJU11734,SRhonyra Geforce GTX 750 Ti Multi-Monitor Dedicated Graphics Card GTX 750ti 4G GDDR5 4HDMI Video Card 4 Monitors GPU For stock trading splicing screen cctv monitoring etc PCI Express 3.0 16X,SRhonyra,,,169.0,0,https://c1.neweggimages.com/ProductImageCompressAll300/BJXUS2305040HKSLP84.jpg,"[[' 1020 MHz', ' 7680x4320@30Hz(Splicing screen);3840*2160@60Hz(single screen)', ' 168x69x36mm', ' 512 Cores', 'SR75T4H41-1', '9SIBJXUJU11734']]"
9SIAVWRJTE9871,MLLSE RTX 3080 10G Gaming Graphics Card GDDR6X 320Bit HDMI*1 DP*3 PCI Express 4.0 RGB Lighting Video Card Triple-fan Edition,Mllse,,,679.0,0,https://c1.neweggimages.com/ProductImageCompressAll300/AVWRS2303090LN6KH8A.jpg,"[[' 3 x DisplayPort', ' 1 x HDMI', ' NVIDIA', ' NVIDIA GeForce RTX 30 Series', 'RTX 3080 10GB', '9SIAVWRJTE9871']]"
9SIAVWRJVH3413,MLLSE GeForece RTX 2070 Super 8GB Graphics Card GDDR6 256Bit 6+8Pin PCI Express 3.0 Gaming Video Card For NVIDIA,Mllse,,,275.0,0,https://c1.neweggimages.com/ProductImageCompressAll300/AVWRS2307070KIGGK94.jpg,"[[' 1605 MHz', ' 3 x DisplayPort', ' 1 x HDMI', ' NVIDIA', 'RTX 2070S 8GB', '9SIAVWRJVH3413']]"
9SIBGW6JBS1352,Inno3D AX New RTX 4080 X3W 16GB Graphics Card GDDR6X 256bit   NVIDIA GPU Video Cards,AX Gaming,4,4.0,1159.0,0,https://c1.neweggimages.com/ProductImageCompressAll300/BGW6S2211160NIG0V74.jpg,"[[' 2505Mhz', ' 7680 x 4320', ' 3 x DisplayPort 1.4', ' 1 x HDMI 2.1', '835168002944', '9SIBGW6JBS1352']]"
9SIBJXUJM67972,"SRhonyra Radeon AMD RX550 low profile video card 4G GDDR5 128bit low profile gpu lp gpu HDMI DP port low profile graphics card PCIE 3.0 8X ,compatiable 16X",SRhonyra,,,108.0,0,https://c1.neweggimages.com/ProductImageCompressAll300/BJXUS2304200CDW4O68.jpg,"[[' 1071 MHz', ' 7680x4320@60Hz(DisplayPort);3840*2160@60(HDMI)', ' 1 x DisplayPort 1.4a', ' 1 x HDMI 2.0b', 'SR55D5LP4G1', '9SIBJXUJM67972']]"
9SIBGW6J9Y0559,Inno3D AX Gaming New RTX 3070 Ti X3W 8GB Graphics Card 19Gbps 8+8PIN 8NM 256bit GDDR6 NVIDIA GPU Video Card Gamer,AX Gaming,,,569.0,0,https://c1.neweggimages.com/ProductImageCompressAll300/BGW6S2210290LI6CTBC.jpg,"[[' 1770 MHz', ' 7680 x 4320', ' 3 x DisplayPort 1.4a', ' 1 x HDMI 2.1a', '835168002166', '9SIBGW6J9Y0559']]"
9SIBJP7JYK4803,ENvinda RX 5700 8GB Graphics Card GPU GDDR6 256-bit 7nm Video Card Support Desktop CPU,ENvinda,,,128.0,0,https://c1.neweggimages.com/ProductImageCompressAll300/BJP7S230616094PKEBD.jpg,"[[' Double Fans', '20220605', '9SIBJP7JYK4803']]"
9SIBBN9JEB3693,"EVGA GeForce GTX 1660 SC ULTRA GAMING, 06G-P4-1067-KR, 6GB GDDR5, Dual Fan, Metal Backplate",EVGA,4.5,87.0,349.43,0,https://c1.neweggimages.com/ProductImageCompressAll300/14-487-448-02.jpg,"[[' 7680 x 4320', ' 1 x DisplayPort 1.4', ' 1 x Dual-Link DVI-D', ' 1 x HDMI 2.0b', '06G-P4-1067-KR']]"
9SIBBN9JJX1697,"PowerColor Hellhound AMD Radeon RX 6700 XT Gaming Graphics Card with 12GB GDDR6 Memory, Powered by AMD RDNA 2, HDMI 2.1 (AXRX 6700XT 12GBD6-3DHL)",PowerColor,4.8,13.0,719.49,0,https://c1.neweggimages.com/ProductImageCompressAll300/14-131-782-V01.jpg,"[[' 3 x DisplayPort 1.4', ' 1 x HDMI 2.1', ' 12.01"" x 5.20""', ' 2.5 Slot', '6700XT 12GBD6-3DHL']]"
9SIBJXUJMG8490,"SRhonyra Radeon RX 550 2 Monitors Video Card 2HDMI Port Low Profile Graphics Card Single Slot 4G GDDR5 PCIE 3.0 8X ,16X Compatiable  low profile gpu lp gpu",SRhonyra,,,129.0,0,https://c1.neweggimages.com/ProductImageCompressAll300/BJXUS2305100DGULJ68.jpg,"[[' 1071 MHz', ' 7680x4320@60Hz(DisplayPort);3840*2160@60(HDMI)', ' 1 x DisplayPort 1.4a', ' 1 x HDMI 2.0b', 'SR552H41', '9SIBJXUJMG8490']]"
9SIBKENJU19556,TRYCOO Gaming GeForce GTX 1650 4G Graphics Card PCI Express 3.0 Video Card Dual-fan Edition HDMI DP 1.4,TRYCOO,,,169.0,0,https://c1.neweggimages.com/ProductImageCompressAll300/BKENS2305040TDZSFAD.jpg,"[[' 1530 MHz', ' 1 x DisplayPort', ' 1 x DVI', ' 1 x HDMI', 'GTX 1650 4G', '9SIBKENJU19556']]"
9SIA8UCJXV1687,MSI GeForce RTX 3060 AERO ITX 12G OC NVIDIA 12GB GDDR6 Graphic Card,MSI,,,506.35,$37.99 Shipping,https://c1.neweggimages.com/ProductImageCompressAll300/A4YUD2203010E98AB25.jpg,[['V809-3689R']]
9SIAXZZEJA6237,"MAXSUN NVIDIA GEFORCE GT 710 1GB Video Graphics Card GPU, Support DirectX 12 OpenGl 4.5, Low Profile, Low Consumption, VGA, DVI-D, HDMI, HDCP, Silent",MAXSUN,,,49.99,0,https://c1.neweggimages.com/ProductImageCompressAll300/AXZZS210510sOCdI.jpg,"[[' 954 MHz', ' 1 x DVI', ' 1 x HDMI', ' 145x69mm/5.7x2.71in', 'MS-GT710HAMMERII1G']]"
9SIBMWJJW81742,MSI Suprim GeForce RTX 3070 8GB GDDR6 PCI Express 4.0 Video Card RTX 3070 SUPRIM 8G,MSI,4.8,22.0,573.0,$49.99 Shipping,https://c1.neweggimages.com/ProductImageCompressAll300/14-137-623-V01.jpg,"[[' 7680 x 4320', ' 3 x DisplayPort 1.4a', ' 1 x HDMI 2.1', ' 13.19"" x 5.51""', 'RTX 3070 SUPRIM 8G']]"
9SIAXZZJUY8552,"MAXSUN NVIDIA GEFORCE GT 710 2G DDR3 Graphics Card 954MHz, Low Profile, Low Consumption, VGA, DVI-D, HDMI, HTPC, Silent Passive Fanless Cooling System",MAXSUN,,,58.99,0,https://c1.neweggimages.com/ProductImageCompressAll300/AXZZS2304230ESKS96F.jpg,"[[' 954 MHz', ' 1 x DVI', ' 1 x HDMI', ' Single Slot', 'MS-GT710HAMMER 2G', '9SIAXZZJUY8552']]"
9SIA8UCJWJ5003,Asus Dual GeForce RTX 3060 V2 OC Edition NVIDIA 12GB GDDR6 Graphics Card,ASUS,,,570.64,$37.99 Shipping,https://c1.neweggimages.com/ProductImageCompressAll300/A4YUD2202190E226QB5.jpg,[['90YV0GB2-M0NA10']]
9SIAUNCK0W0640,MSI Gaming GeForce RTX 3070 8GB GDDR6 PCI Express 4.0 Video Card RTX 3070 GAMING TRIO PLUS 8G LHR,MSI,5,1.0,649.99,$49.99 Shipping,https://c1.neweggimages.com/ProductImageCompressAll300/14-137-700-S01.jpg,"[[' 7680 x 4320', ' 3 x DisplayPort 1.4a', ' 1 x HDMI 2.1', ' 12.72"" x 5.51""', 'RTX 3070 GAMING TRIO PLUS 8G LHR']]"
9SIAYE8JSZ6389,"GIGABYTE GeForce RTX 3060 VISION OC 12G Graphics Card, 3 x WINDFORCE Fans, 12GB 192-bit GDDR6, GV-N3060VISION OC-12GD Video Card(NOT LHR)",GIGABYTE,,,480.77,0,https://c1.neweggimages.com/ProductImageCompressAll300/AYTVS2112070GVGHE7A.jpg,"[[' 7680 x 4320', ' 2 x DisplayPort 1.4a', ' 2 x HDMI 2.1', ' 11.02"" x 4.57""', 'BUSUO-GIGABYTE GV-N3060VISION OC-12GD']]"
9SIBJKNJUN6461,"ELSA AMD Radeon RX 550 8GB GDDR5 128-Bit PCI Express 3.0 x 8 Video Card 1 x HDMI,1 x DP,1 x DVI-D,Desktop Computer PC Video Gaming Graphics Card",ELSA,,,126.66,0,https://c1.neweggimages.com/ProductImageCompressAll300/BJKNS2307060E6NNLB0.jpg,"[[' 1 x DisplayPort', ' 1 x DVI', ' 1 x HDMI', ' AMD Radeon RX 500 Series', '6974298180277', '9SIBJKNJUN6461']]"
9SIAVWRJVR9936,MLLSE AMD RX 5700XT 8G Gaming Graphic Card GDDR6 8GB 256-Bit 2560SP Radeon GPU PCI Express 4.0 Desktop Computer Video Card,Mllse,,,185.0,0,https://c1.neweggimages.com/ProductImageCompressAll300/AVWRS2305180KRC7Q97.jpg,"[[' 1755MHz', ' 3 x DisplayPort', ' 1 x HDMI', ' AMD', 'RX 5700XT 8GB', '9SIAVWRJVR9936']]"
9SIAXZZJGZ9947,"MAXSUN GeForce RTX 3080 iCraft OC 10GB GDDR6X 320-Bit Computer Video Gaming Graphics Card GPU RGB LED, Metal Back Plate, PCI Express 4.0 x16 HDMI 2.1",MAXSUN,4.3,24.0,749.99,0,https://c1.neweggimages.com/ProductImageCompressAll300/AXZZS2207270LVWBK92.jpg,"[[' 1440 MHz', ' 7680 x 4320', ' 3 x DisplayPort 1.4a', ' 1 x HDMI 2.1', 'MS-GeForce RTX3080 iCraft OC 10G']]"
9SIATMXJEB3335,"GPVHOSO GeForce GT 730 4GB DDR3 128 Bit PCI Express 2.0 X 8 (DVI VGA HDMI) Low Profile Graphics Card, PC Video Card with Bracket",GPVHOSO,,,79.98,0,https://c1.neweggimages.com/ProductImageCompressAll300/ATMXS2212090KD7OU5A.jpg,"[[' 700 MHz', ' 2048 x 1536', ' 1 x DVI', ' 1 x HDMI', 'GT 730 4G', '9SIATMXJEB3335']]"
9SIAA4TJSZ5848,PNY T400 nVIDIA VCNT4004GB-SB 4GB 64-bit GDDR6 PCI E 3.0 x16 Low Profile SFF,"PNY Technologies, Inc.",,,309.0,$11.00 Shipping,https://c1.neweggimages.com/ProductImageCompressAll300/AA4TS2302201CFUNK7A.jpg,"[['VCNT4004GB-SB', '9SIAA4TJSZ5848']]"
9SIAUNCK0W0651,Gigabyte NVIDIA GeForce RTX 2060 D6 (ver 2.0) 6GB GDDR6 Graphics Card,GIGABYTE,,,339.99,$49.99 Shipping,https://c1.neweggimages.com/ProductImageCompressAll300/A4YUD22012813V2USFF.jpg,[['GV-N2060D6-6GD 2.0']]
9SIBBN9JMU9180,ASUS TUF Gaming GeForce RTX 3060 Ti OC 8GB GDDR6X 256-bit PCI Express 4.0 Video Card TUF-RTX3060TI-O8GD6X-GAMING,ASUS,,,519.91,0,https://c1.neweggimages.com/ProductImageCompressAll300/AYTVS2212050F7VY0F8.jpg,"[[' 4864 Cores', 'TUF-RTX3060TI-O8GD6X-GAMING']]"
9SIAYE8JSZ6390,"GIGABYTE GeForce RTX 3060 VISION OC 12G Graphics Card, 3 x WINDFORCE Fans, 12GB 192-bit GDDR6, GV-N3060VISION OC-12GD Video Card",GIGABYTE,,,480.77,0,https://c1.neweggimages.com/ProductImageCompressAll300/AVT8D210414V2FQ4.jpg,[['Computer Graphic Card22']]
9SIAYE8JSK9747,GIGABYTE Gaming OC GeForce RTX 3070 8GB GDDR6 PCI Express 4.0 ATX Video Card GV-N3070GAMING OC-8GD (rev. 2.0) (LHR),GIGABYTE,,,688.99,0,https://c1.neweggimages.com/ProductImageCompressAll300/AM3US2111170WCK4Q5A.jpg,[['N3070GAMING OC-8GD']]
9SIBMWJJWP5477,"GIGABYTE Geforce RTX 2060 Gaming OC 6G Graphics Card, 3 x WINDFORCE Fans, 6GB 192-Bit GDDR6, GV-N2060GAMING OC-6GD Video Card",GIGABYTE,4.3,27.0,309.02,$49.99 Shipping,https://c1.neweggimages.com/ProductImageCompressAll300/14-932-120-V06.jpg,"[[' 1830 MHz', ' 7680 x 4320 @ 60 Hz', ' 3 x DisplayPort 1.4', ' 1 x HDMI 2.0b', 'GV-N2060GAMINGOC6G']]"
9SIAYE8JRZ7065,MSI GT 710 1GD3H LP GeForce GT 710 Graphic Card - 954 MHz Core - 1 GB DDR3 SDRAM - Low-profile,MSI,,,69.85,0,https://c1.neweggimages.com/ProductImageCompressAll300/A98Y_1_2018052124798533.jpg,"[[' 954 MHz', ' Yes', ' Yes', ' NVIDIA', 'G7101D3HP', '9SIAYE8JRZ7065']]"
9SIBBN9JKC4332,GIGABYTE GeForce GTX 1650 4GB GDDR5 PCI Express 3.0 x16 Low Profile Video Card GV-N1650OC-4GL,GIGABYTE,,,289.67,0,https://c1.neweggimages.com/ProductImageCompressAll300/AXMKS220609128Z8I65.jpg,"[['GV-N1650OC-4GL--', '9SIBBN9JKC4332']]"
9SIBMWJJWP5523,GIGABYTE GeForce RTX 2060 SUPER 8GB GDDR6 PCI Express 3.0 x16 ATX Video Card GV-N206SWF2-8GD,GIGABYTE,3,2.0,368.79,$49.99 Shipping,https://c1.neweggimages.com/ProductImageCompressAll300/14-932-335-V04.jpg,"[[' 1650 MHz', ' 7680 x 4320 @ 60 Hz', ' 3 x DisplayPort 1.4', ' 1 x HDMI 2.0b', 'GV-N206SWF2-8GD']]"
9SIBJKNJMF4733,"ELSA AMD Radeon RX 560 XT 8GB GDDR5 256-Bit PCI Express 3.0 x 16 Video Card 1 x HDMI,1 x DP,1 x DVI-D,Desktop Computer PC Video Gaming Graphics Card",ELSA,,,125.55,0,https://c1.neweggimages.com/ProductImageCompressAll300/BJKNS2307060EEP6B24.jpg,"[[' 1199 MHz', ' 1 x DisplayPort', ' 1 x DVI', ' 1 x HDMI', '6974298180192', '9SIBJKNJMF4733']]"
9SIBGSKJS35246,OBEYA GeForce GTX 1660 SUPER 6GB 192Bit GDDR6 PCI Express 3.0 x16 Video Card GTX 1660 SUPER GAMING,,,,198.0,0,https://c1.neweggimages.com/ProductImageCompressAll300/BGSKS2304130HQ8Y382.jpg,"[[' 1530MHz', ' 7680 x 4320', ' 1 x DisplayPort', ' 1 x DVI', 'GTX1660S', '9SIBGSKJS35246']]"
9SIBGW6JCC2382,Inno3D RTX3060Ti  Heijin Supreme OC LHR 8GB GDDR6 desktop/E-sports/game graphics card,Inno3D,,,559.0,0,https://c1.neweggimages.com/ProductImageCompressAll300/BGW6S2211240MEDDO5F.jpg,"[[' 7680 x 4320', ' 3 x DisplayPort 1.4a', ' 1 x HDMI 2.1', ' 12x.3.8', '835168002098', '9SIBGW6JCC2382']]"
9SIBGW6JCC2384,Inno3D RTX3060  Heijin Supreme  12GB GDDR6 desktop/E-sports/game graphics card,Inno3D,,,425.0,0,https://c1.neweggimages.com/ProductImageCompressAll300/BGW6S2211240MGKZWB1.jpg,"[[' 7680 x 4320', ' 3 x DisplayPort 1.4', ' 1 x HDMI 2.1', ' 12x3.8', '835168002111', '9SIBGW6JCC2384']]"
9SIBGSKJB47738,Gaming GeForce GTX 1050Ti 4GB GDDR5 PCI Express 3.0 x16 Video Card GAMING 4G,,,,189.0,0,https://c1.neweggimages.com/ProductImageCompressAll300/BGSKS221109055WB4A1.jpg,"[[' 1342 MHz', ' 7680 x 4320@60Hz', ' 1 x DisplayPort', ' 1 x DVI', '6T20', '9SIBGSKJB47738']]"
9SIB5EFJT74204,ASUS ROG GeForce GTX 1070 Ti 8GB GDDR5 PCI Express 3.0 SLI Support Video Card ROG-STRIX-GTX1070TI-A8G-GAMING,ASUS,4.4,38.0,,0,https://c1.neweggimages.com/ProductImageCompressAll300/14-126-225-Z01.jpg,"[[' OC Mode: 1683 MHz\nGaming Mode (Default): 1607 MHz', ' 7680 x 4320', ' 2 x DisplayPort', ' 1 x DVI-D', 'GTX1070TI-A8G-GAMING']]"
9SIBMWJJWP5522,"GIGABYTE GeForce RTX 2060 WINDFORCE OC 6G Graphics Card, 2 x WINDFORCE Fans, 6GB 192-Bit GDDR6, GV-N2060WF2OC-6GD Video Card",GIGABYTE,3.8,6.0,261.78,$49.99 Shipping,https://c1.neweggimages.com/ProductImageCompressAll300/14-932-114-V07.jpg,"[[' 1770 MHz', ' 7680 x 4320 @ 60 Hz', ' 3 x DisplayPort 1.4', ' 1 x HDMI 2.0b', 'GV-N2060WF2OC-6GD']]"
9SIBGFDJEM2063,MSI Gaming GeForce RTX 3070 8GB GDDR6 PCI Express 4.0 Video Card 3070 GAMING Z TRIO 8G LHR,MSI,,,,$53.00 Shipping,https://c1.neweggimages.com/ProductImageCompressAll300/APMXS21121711NDDHDC.jpg,[['3070 GAMING Z TRIO 8G']]
9SIBJP7JZ36768,ENvinda GeForce RTX 2060 6GB GDDR6 PCIE16 Graphics Cards RTX2060 6G for Computer office Components video Cards gaming,ENvinda,,,204.99,0,https://c1.neweggimages.com/ProductImageCompressAll300/BJP7S23061608ZQM7EC.jpg,"[[' Double Fans', '20210318', '9SIBJP7JZ36768']]"
9SIBJXUJN83574,SRhonyra AMD RX550 Gaming  Graphics Card GPU 4G GDDR5 128 Bit  6000MHz DP DVI HDMI Output Video Card For PC,SRhonyra,,,119.9,$8.34 Shipping,https://c1.neweggimages.com/ProductImageCompressAll300/BJXUS2305160MMDA2D9.jpg,"[[' 1071 MHz', ' 1 x DisplayPort 1.4a', ' 1 x DVI', ' 1 x HDMI 2.0b', 'SR55D5M4G1', '9SIBJXUJN83574']]"
9SIBFVPJU63318,MSI GeForce GTX 1660 SUPER DirectX 12 GeForce GTX 1660 SUPER VENTUS XS OC 6GB 192-Bit GDDR6 PCI Express 3.0 x16 HDCP Ready Video Card,MSI,,,324.79,0,https://c1.neweggimages.com/ProductImageCompressAll300/14-137-561-S01.jpg,"[[' 7680 x 4320', ' 3 x DisplayPort 1.4', ' 1 x HDMI 2.0b', ' 8.03"" x 5.04""', 'GeForce GTX 1660 SUP']]"
9SIBGSKJYK5001,OBEYA New Graphics Card RTX3060 12GB 192Bit 15 Gbps GDRR6 PCI Express 4.0 x16 rtx 3060 12gb game Video card,,,,375.0,0,https://c1.neweggimages.com/ProductImageCompressAll300/BGSKS2306100GMHUJD8.jpg,"[[' 1320 MHz', ' 7680 x 4320', ' 3x DisplayPort 1.4a', ' 1 x HDMI 2.1', 'RTX3060', '9SIBGSKJYK5001']]"
9SIBFUMJHC1943,ASUS GeForce® GT 1030 2GB GDDR5 low profile graphics card for silent HTPC build (with I/O port brackets) GT1030-SL-2G-BRK,ASUS,,,162.0,0,https://c1.neweggimages.com/ProductImageCompressAll300/APMXS210316gnFCK.jpg,[['GT1030-SL-2G-BRK-A']]
9SIBFVPJTJ1482,Msi Gtx 1050 Ti Gaming X 4G Geforce Gtx 1050 Ti Graphic Card - 4 Gb Gddr5,MSI,,,306.72,0,https://c1.neweggimages.com/ProductImageCompressAll300/AAYY_1_201806121447983150.jpg,[['GTX 1050 TIGAMINGX4G']]
9SIBKENJU14656,TRYCOO Gaming RTX 3080 10G Graphics Card RGB Lighting GDDR6X PCI Express 4.0 Video Card Triple-fans,TRYCOO,,,659.0,0,https://c1.neweggimages.com/ProductImageCompressAll300/BKENS2305040KYJRQ76.jpg,"[[' 1365 MHz', ' 3 x DisplayPort 1.4', ' 1 x HDMI', ' DirectX 12', 'RTX3080 10G', '9SIBKENJU14656']]"
9SIBKENJU14654,TRYCOO Gaming RTX 3060Ti 8G Graphics Card GDDR6 PCI Express 4.0 Video Card Double-fan Edition,TRYCOO,,,349.0,0,https://c1.neweggimages.com/ProductImageCompressAll300/BKENS2305040KV8PC9A.jpg,"[[' 1365 MHz', ' 3 x DisplayPort 1.4', ' 1 x HDMI', ' DirectX 12', 'RTX3060Ti-8G', '9SIBKENJU14654']]"
9SIBKENJU14657,TRYCOO Gaming RTX 3070 8G Graphics Card GDDR6X RGB Lighting PCI Express 4.0 Video Card Triple-fan Edition,TRYCOO,,,439.0,0,https://c1.neweggimages.com/ProductImageCompressAll300/BKENS2305040KPMXS76.jpg,"[[' 1365 MHz', ' 3 x DisplayPort 1.4', ' 1 x HDMI', ' DirectX 12', 'RTX3070-8G', '9SIBKENJU14657']]"
9SIBBN9JMF5147,MSI RTX 3070 Ventus 2X 8G OC LHR NVIDIA GeForce RTX 3070 8GB GDDR6 Graphics Card,MSI,,,599.61,0,https://c1.neweggimages.com/ProductImageCompressAll300/A4YUD22012813IAVDFA.jpg,[['V390-280R']]
9SIAYE8JST4789,"MSI GeForce RTX 3060 VENTUS 3X 12G OC  (LHR) Video Card,12GB 192-bit GDDR6 PCI Express 4.0 x16,1807MHz Core Frequency,1×HDMI interface, 3×DisplayPort interface",MSI,,,399.73,0,https://c1.neweggimages.com/ProductImageCompressAll300/A4RES2111220KEY9AF9.jpg,"[[' 7680 x 4320', ' 3 x DisplayPort 1.4a', ' 1 x HDMI 2.1', ' 12.44"" x 4.72""', 'MSI RTX 3060 VENTUS 3X 12G OC LHR']]"
9SIBMWJJWP5476,"GIGABYTE GeForce RTX 2060 WINDFORCE 6G Graphics Card, 2 x WINDFORCE Fans, 6GB 192-Bit GDDR6, GV-N2060WF2-6GD Video Card",GIGABYTE,5,1.0,289.5,$49.99 Shipping,https://c1.neweggimages.com/ProductImageCompressAll300/14-932-159-Z01.jpg,"[[' 1680 MHz', ' 7680 x 4320 @ 60 Hz', ' 3 x DisplayPort 1.4', ' 1 x HDMI 2.0b', 'GV-N2060WF2-6GD']]"
9SIBJ34JM51104,"GIGABYTE GeForce RTX 2060 WINDFORCE OC 12G Graphics Card, 2 x WINDFORCE Fans, 12GB 192-Bit GDDR6, GV-N2060WF2OC-12GD Video Card",GIGABYTE,,,719.98,$29.99 Shipping,https://c1.neweggimages.com/ProductImageCompressAll300/APMXS220213nRmPS.jpg,[['XRL-101']]
9SIBJ34JM51205,"GIGABYTE GeForce RTX 2060 WINDFORCE OC 12G Graphics Card, 2 x WINDFORCE Fans, 12GB 192-Bit GDDR6, GV-N2060WF2OC-12GD Video Card",GIGABYTE,,,664.99,$29.99 Shipping,https://c1.neweggimages.com/ProductImageCompressAll300/BBB1S22051816TYCF63.jpg,[['GV-N2060WF2OC-12GD Video Card-']]
9SIBMWJJX97912,ASUS ROG GeForce GTX 1060 6GB GDDR5 PCI Express 3.0 Video Card STRIX-GTX1060-6G-GAMING,ASUS,4.6,32.0,284.5,$49.99 Shipping,https://c1.neweggimages.com/ProductImageCompressAll300/14-126-114-S99.jpg,"[[' OC Mode: 1531 MHz\nGaming Mode (Default): 1506 MHz', ' 7680 x 4320', ' 2 x Native DisplayPort 1.4', ' 1 x Native DVI-D', 'STRIX-GTX1060-6G-GAM']]"
9SIBJKNJUE8073,"ELSA GeForce RTX 2060 Super 8GB GDDR6 256-Bit PCI Express 3.0 x 16 NVIDIA Video Card 1 x HDMI,1 x DP,1 x DVI-D,Desktop Computer PC Video Gaming Graphics Card",ELSA,,,289.99,0,https://c1.neweggimages.com/ProductImageCompressAll300/BJKNS2307060GU6Y833.jpg,"[[' 1 x DisplayPort', ' 1 x DVI', ' 1 x HDMI', ' NVIDIA', '6974298180314', '9SIBJKNJUE8073']]"
9SIBBN9JEC3867,MSI Ventus GeForce RTX 3060 12GB GDDR6 PCI Express 4.0 Video Card RTX 3060 Ventus 2X 12G OC LHR,MSI,,,379.47,0,https://c1.neweggimages.com/ProductImageCompressAll300/APMXS210913541C5.jpg,"[[' 1320 MHz', ' 3 x DisplayPort 1.4a', ' 1 x HDMI 2.1', ' 2 Slots', 'XLR-48']]"
9SIBMWJJX67446,"GIGABYTE GeForce RTX 2070 GAMING 8G Graphics Card, 3 x WINDFORCE Fans, 8GB 256-Bit GDDR6, GV-N2070GAMING-8GC Video Card",GIGABYTE,2.9,9.0,437.08,$49.99 Shipping,https://c1.neweggimages.com/ProductImageCompressAll300/14-932-094-V20.jpg,"[[' 1620 MHz', ' 7680 x 4320 @ 60 Hz', ' 3 x DisplayPort 1.4', ' 1 x HDMI 2.0b', 'GV-N2070GAMING-8GC']]"
9SIAYE8JSM3225,MSI Ventus GeForce GTX 1660 SUPER 6GB GDDR6 PCI Express 3.0 x16 Video Card GTX 1660 SUPER VENTUS XS OC,MSI,,,328.75,0,https://c1.neweggimages.com/ProductImageCompressAll300/AS68S210707wS8HA.jpg,[['MSI 1660 SUPER VENTUS XS OC']]
9SIAYE8JRH2224,MSI Ventus GeForce RTX 2060 12GB GDDR6 RTX 2060 VENTUS GP 12G OC PCI Express 3.0 x16 ATX Video Card RTX 2060 VENTUS GP 12G OC,MSI,,,399.73,0,https://c1.neweggimages.com/ProductImageCompressAll300/AG7RS2204180EL75B82.jpg,"[[' Double Fans', 'MSI RTX 2060 VENTUS GP 12G OC']]"
9SIBBN9JJX3172,MSI GeForce GTX 1050 Ti DirectX 12 GTX 1050 Ti GAMING X 4G 4GB 128-Bit GDDR5 PCI Express 3.0 x16 HDCP Ready ATX Video Card,MSI,,,299.13,0,https://c1.neweggimages.com/ProductImageCompressAll300/A73M_131802663180929090L3iEwx3PQm.jpg,"[[' 1379 MHz (OC) 1354 MHz (Gaming) 1290 MHz (Silent)', ' 7680 x 4320', ' 1 x DisplayPort 1.4', ' 1 x DL-DVI-D', 'MSIGTX 1050', '9SIBBN9JJX3172']]"
9SIBBN9JGM9651,MSI Gaming GeForce RTX 3060 Ti LHR 8GB GDRR6 256-Bit HDMI/DP Nvlink Torx Fan 3 Ampere Architecture OC Graphics Card (RTX 3060 Ti Ventus 2X 8G OCV1 LHR),MSI,,,479.67,0,https://c1.neweggimages.com/ProductImageCompressAll300/A73MS2204180JNJPP8C.jpg,"[[' NVIDIA', ' NVIDIA GeForce RTX 30 Series', '(RTX 3060 Ti Ventus 2X 8G OCV1 LHR)']]"
9SIBJXUJMH1677,SRhonyra Rx 580 8GB 6 monitors Graphics Card 6HDMI video card 6-Screen Projection Fusion Stock trading Splicing Large Screen,SRhonyra,,,405.0,0,https://c1.neweggimages.com/ProductImageCompressAll300/BJXUS2304040ISQOX3F.jpg,"[[' 1244 MHz', ' 3840x2160 @30Hz Single Screen\n11520x4320@30Hz Splicing screen', ' 174x111x36mm', ' DirectX 12', 'SR586H81sr', '9SIBJXUJMH1677']]"
9SIBJ34JM51162,"GIGABYTE GeForce RTX 2060 WINDFORCE OC 12G Graphics Card, 2 x WINDFORCE Fans, 12GB 192-Bit GDDR6, GV-N2060WF2OC-12GD Video Card",GIGABYTE,,,748.22,$29.99 Shipping,https://c1.neweggimages.com/ProductImageCompressAll300/AYTVS2201240L123488.jpg,[['B-GIGABYTE GV-N2060WF2OC-12GD']]
9SIBBN9JJX3197,GIGABYTE GeForce GT 1030 Low Profile D4 2G DirectX 12 GV-N1030D4-2GL Video Card,GIGABYTE,,,99.41,0,https://c1.neweggimages.com/ProductImageCompressAll300/APNMD210604KKZHO.jpg,[['GV-N1030D4-2GL-003']]
9SIBKYAJSY5582,Reisuo RTX 2060 Super 8GB Graphics Card GDDR6 256Bit PCI-E 3.0×16 8Pin NVIDIA GeForce Game Video Card HDMI×1 DP×3,,,,260.0,0,https://c1.neweggimages.com/ProductImageCompressAll300/BKYAS2304200IAFQZ79.jpg,"[[' Double Fans', '6975868331129', '9SIBKYAJSY5582']]"
9SIBMWJJX97908,ASUS ROG GeForce GTX 1060 6GB GDDR5 PCI Express 3.0 Video Card STRIX-GTX1060-O6G-GAMING,ASUS,4.4,54.0,291.3,$49.99 Shipping,https://c1.neweggimages.com/ProductImageCompressAll300/14-126-113-S99.jpg,"[[' OC mode: 1645 MHz\nGaming mode (Default): 1620 MHz', ' 7680 x 4320', ' 2 x DisplayPort 1.4', ' 1 x DVI-D', 'STRIX-GTX1060-O6G-Ga']]"
9SIBMWJJWP4602,ASUS GeForce RTX 2060 SUPER Overclocked 8G EVO GDDR6 Dual-Fan Edition VR Ready HDMI DisplayPort DVI Graphics Card (DUAL-RTX2060S-O8G-EVO),ASUS,5,2.0,384.04,$49.99 Shipping,https://c1.neweggimages.com/ProductImageCompressAll300/14-126-334-V02.jpg,"[[' OC mode: 1500 MHz\nGaming mode: 1470 MHz', ' 7680 x 4320', ' 2 x DisplayPort 1.4', ' 1 x DL-DVI-D', 'DUAL-RTX2060S-O8GEVO']]"
9SIBKYAJSY2199,Reisuo GeForce RTX 3060 Ti 8GB GDDR6 PCI Express 4.0 Video Card RTX 3060 Ti 3X 8G,,,,405.0,0,https://c1.neweggimages.com/ProductImageCompressAll300/BKYAS2304200DEVYJ5B.jpg,"[[' 1410 MHz', ' 3 x DisplayPort', ' 1 x HDMI', ' 2.8 Slots', '6975868331600', '9SIBKYAJSY2199']]"
9SIBMWJJWP5655,GIGABYTE GeForce RTX 2060 6GB GDDR6 PCI Express 3.0 x16 ATX Video Card GV-N2060WF2OC-6GD R2,GIGABYTE,3.8,30.0,272.7,$49.99 Shipping,https://c1.neweggimages.com/ProductImageCompressAll300/14-932-157-01.jpg,"[[' 7680 x 4320 @ 60 Hz', ' 3 x DisplayPort 1.4', ' 1 x HDMI 2.0b', ' 10.43"" x 4.75""', 'GV-N2060WF2OC-6GD R2']]"
9SIAYE8JRH5736,MSI Ventus GeForce RTX 3060 Ti 8GB GDDR6 PCI Express 4.0 x16 Video Card RTX 3060 Ti VENTUS 3X 8G OC LHR,MSI,5,2.0,465.91,0,https://c1.neweggimages.com/ProductImageCompressAll300/A9H5S210805JA0T1.jpg,"[[' 7680 x 4320', ' 3 x DisplayPort 1.4a', ' 1 x HDMI 2.1', ' 12.44"" x 4.72""', 'RX3060TI VENTUS 3X 8G OC LHR', '9SIAYE8JRH5736']]"
9SIBHEUJYR8934,SOYO RX6600XT 8GB Graphics Card GPU 128Bit GDDR6 14 Gbps 7nm Video Card Supports PC Desktop Video Office Game,SOYO,,,,0,https://c1.neweggimages.com/ProductImageCompressAll300/BHEUS2306120OS2YUEB.jpg,"[[' Double Fans', '6940709644287', '9SIBHEUJYR8934']]"
9SIAYE8JSM3074,"MSI GeForce GTX 1660 SUPER GAMING X Video Card,6GB 192-bit GDDR6 PCI Express 3.0,1830MHz Core Frequency,1×HDMI Interface, 3×DisplayPort Interface",MSI,,,379.75,0,https://c1.neweggimages.com/ProductImageCompressAll300/A4RES220119xvOj4.jpg,"[[' 7680 x 4320', ' 3 x DisplayPort 1.4', ' 1 x HDMI 2.0b', ' 247×127mm', 'MSI GTX 1660 SUPER GAMING X']]"
9SIBBN9JHR6961,MSI GeForce RTX 2060 DirectX 12 RTX 2060 VENTUS GP OC 6GB 192-Bit GDDR6 PCI Express 3.0 x16 HDCP Ready Video Card,MSI,5,2.0,499.77,0,https://c1.neweggimages.com/ProductImageCompressAll300/APMXS210407ona6a.jpg,"[[' NVIDIA', ' Air Cooler', '2060 VENTUS GP OC']]"
9SIBJCJJZG7432,"MINGZHOU Desktop I5 13400F 3.6GHz 13th Gen,NVIDIA GeForce RTX 3070,Gaming PC ,16GB DDR4 3200MHz, NVME M.2 1000G, RGB Fans,Windows 11 Ready to use, Gamer Desktop Computer",MINGZHOU,,,1169.0,0,https://c1.neweggimages.com/ProductImageCompressAll300/BJCJS2306270B8X056A.jpg,"[[' Air Cooler', '00860010579145', '9SIBJCJJZG7432']]"
9SIBGFDJG16153,MSI Gaming GeForce RTX 3080 10GB GDDR6X PCI Express 4.0 ATX Video Card RTX 3080 GAMING Z TRIO 10G LHR,MSI,,,,$53.00 Shipping,https://c1.neweggimages.com/ProductImageCompressAll300/B1AHS2201210DVOLFE0.jpg,[['msi 3080 GAMING Z TRIO 10G LHR zz']]
9SIBJ34JKT1143,ASUS TUF Gaming GeForce GTX 1650 O4GB GDDR6 graphics card becomes your ticket to enter the PC gaming world 128-Bit GDDR6 PCI Express 3.0 HDCP Ready Video Card (TUF-GTX1650-O4GD6-P-GAMING),ASUS,,,348.99,$29.99 Shipping,https://c1.neweggimages.com/ProductImageCompressAll300/APVRS210113UlKYV.jpg,"[[' 1410 MHz', ' 7680 x 4320', ' 1 x DisplayPort 1.4', ' 1 x DVI-D', 'ASUS TUF-GTX1650 O4G']]"
9SIBMWJJWP6753,ASUS GeForce GTX 1660 Overclocked 6GB Phoenix Fan Edition HDMI DP DVI Graphics Card (PH-GTX1660-O6G),ASUS,4.1,11.0,268.89,$49.99 Shipping,https://c1.neweggimages.com/ProductImageCompressAll300/14-126-306-V50.jpg,"[[' OC Mode: 1530 MHz \nGaming Mode: 1500 MHz', ' 7680 x 4320', ' 1 x DisplayPort 1.4', ' 1 x DVI-D', 'PH-GTX1660-O6G']]"
9SIBMWJJWP6754,ASUS TUF Gaming GeForce GTX 1660 Overclocked 6GB Dual-fan Edition HDMI DP DVI Gaming Graphics Card (TUF-GTX1660-O6G-GAMING),ASUS,4.3,17.0,210.46,$49.99 Shipping,https://c1.neweggimages.com/ProductImageCompressAll300/14-126-305-V02.jpg,"[[' OC Mode: 1530 MHz \nGaming Mode: 1500 MHz', ' 7680 x 4320', ' 1 x DisplayPort 1.4', ' 1 x DL-DVI-D', 'TUF-GTX1660-O6G-GAMI']]"
9SIBMWJJWP6738,ASUS TUF Gaming GeForce GTX 1660 6GB Dual-fan Edition HDMI DP DVI Gaming Graphics Card (TUF-GTX1660-6G-GAMING),ASUS,5,1.0,210.0,$49.99 Shipping,https://c1.neweggimages.com/ProductImageCompressAll300/14-126-307-V03.jpg,"[[' OC Mode: 1560 MHz \nGaming Mode: 1530 MHz', ' 7680 x 4320', ' 1 x DisplayPort 1.4', ' 1 x DL-DVI-D', 'TUF-GTX1660-6G-GAMIN']]"
9SIBBN9JM74527,MSI Gaming Radeon RX 6700 XT 192-bit 12GB GDDR6 DP/HDMI Dual Torx 3.0 Fans FreeSync DirectX 12 VR Ready Graphics Card (RX 6700 XT MECH 2X 12G),MSI,,,669.97,0,https://c1.neweggimages.com/ProductImageCompressAll300/A73MS2206030J1APL18.jpg,"[[' AMD', '(RX 6700 XT MECH 2X 12G)', '9SIBBN9JM74527']]"
9SIBKYAJSY5268,Reisuo GTX 1660Ti 6G Gaming Graphics Card GDDR6 PCI Express 3.0 Video Card Dual-fan Edition,,,,175.0,0,https://c1.neweggimages.com/ProductImageCompressAll300/BKYAS2304200HTIH879.jpg,"[[' Double Fans', '6975868330818', '9SIBKYAJSY5268']]"
9SIBGFDJJY0299,"MSI GeForce RTX 3070 Ti SUPRIM X 8G  (LHR) Video Card,8GB 256-bit GDDR6X PCI Express 4.0 x16,1860MHz Core Frequency,1×HDMI2.1 interface, 3×DisplayPort1.4a interface",MSI,,,787.99,$53.00 Shipping,https://c1.neweggimages.com/ProductImageCompressAll300/A4RES211214sYIXF.jpg,"[[' 7680 x 4320', ' 3 x DisplayPort 1.4a', ' 1 x HDMI 2.1', ' 13.19"" x 5.51""', 'MSI RTX 3070 Ti SUPRIM X 8G LHR']]"
9SIBMWJJX13422,MSI GeForce GTX 1650 4GB GDDR5 PCI Express 3.0 x16 Video Card GTX 1650 AERO ITX 4G OC,MSI,,,219.99,$49.99 Shipping,https://c1.neweggimages.com/ProductImageCompressAll300/14-137-416-Z01.jpg,"[[' 7680 x 4320', ' 1 x DisplayPort 1.4', ' 1 x DL-DVI-D', ' 1 x HDMI 2.0b', 'GTX1650AERO ITX4G OC']]"
9SIBBN9JEC4935,MSI Ventus 3X Gaming GeForce RTX 3060 Ti LHR OC Graphics Card 8GB GDRR6 256-Bit PCI Express 4.0 Torx Fan 3 Ampere Architecture 1x HDMI 2.1 3x DisplayPort 1.4a w/ HDMI Cable,MSI,,,479.67,0,https://c1.neweggimages.com/ProductImageCompressAll300/A6V6S22030410OYEYA5.jpg,"[[' 1410 MHz', ' 3 x DisplayPort 1.4a', ' 1 x HDMI 2.1', ' 2 Slots', 'RTX 3060 Ti VENTUS 3X 8G OC-LHR', '9SIBBN9JEC4935']]"
9SIAYE8JSJ3883,MSI Gaming AMD Radeon RX 6600 128-bit 8GB GDDR6 DP/HDMI Dual Torx Fans FreeSync DirectX 12 VR Ready Graphics Card (RX 6600 MECH 2X 8G),MSI,,,480.95,0,https://c1.neweggimages.com/ProductImageCompressAll300/AG7RS2204160GD6XB62.jpg,"[['MSI RX 6600 MECH 2X 8G', '9SIAYE8JSJ3883']]"
9SIBGW6JNB9965,Inno3D AX Gaming New GeForce RTX 4090 X3W 24G Video Card GDDR6X NVIDIA GPU 4NM 24GB 384Bit 12Pin 16384 CUDA Gamer Video Card,Inno3D,,,1959.0,0,https://c1.neweggimages.com/ProductImageCompressAll300/BGW6S2303180BLO3Z37.jpg,"[[' 2550MHz', ' 7680 x 4320', ' 3 x DisplayPort 1.4a', ' 1 x HDMI 2.1', '835168000018']]"
9SIBBN9JM74951,MSI Ventus GeForce RTX 3060 12GB GDDR6 PCI Express 4.0 Video Card RTX 3060 Ventus 3X 12G OC LHR,MSI,5,1.0,429.79,0,https://c1.neweggimages.com/ProductImageCompressAll300/APBUD210706VVI8M.jpg,[['zxsj-24']]
9SIBGW6JER7018,Inno3D GeForce RTX 4090 X3 OC 24G  GDDR6X desktop/E-sports/game graphics card,Inno3D,,,2079.0,0,https://c1.neweggimages.com/ProductImageCompressAll300/BGW6S2302220HPW4M93.jpg,"[[' 7680 x 4320', ' 3 x DisplayPort 1.4a', ' 1 x HDMI 2.1', ' 14.5X6', '4895223102800']]"
9SIAYE8JSM3072,MSI Gaming GeForce GTX 1660 Super 192-bit HDMI/DP 6GB GDRR6 HDCP Support DirectX 12 Dual Fan VR Ready OC Graphics Card (GTX 1660 Super Gaming X),MSI,,,379.75,0,https://c1.neweggimages.com/ProductImageCompressAll300/A73MS2204190IU7N264.jpg,"[[' NVIDIA', ' 14 Gbps', '(GTX 1660 Super Gaming X)', '9SIAYE8JSM3072']]"
9SIBGSKJYK6390,OBEYA GeForce RTX 3090 24GB 320bit GDDR6X PCI Express 4.0 Turbo Video Graphic Card GAMING,,,,1422.0,0,https://c1.neweggimages.com/ProductImageCompressAll300/BGSKS2306100K49E938.jpg,"[[' 1395MHz', ' 7680 x 4320', ' 3x DisplayPort', ' 1 x HDMI', 'RTX3090', '9SIBGSKJYK6390']]"
9SIBMWJJWP5703,"GIGABYTE GeForce RTX 2060 GAMING OC PRO 6G Graphics Card, 3 x WINDFORCE Fans, 6GB 192-Bit GDDR6, GV-N2060GAMINGOC PRO-6GD Video Card",GIGABYTE,4.7,9.0,298.08,$49.99 Shipping,https://c1.neweggimages.com/ProductImageCompressAll300/14-932-119-V06.jpg,"[[' 1830 MHz', ' 7680 x 4320 @ 60 Hz', ' 3 x DisplayPort 1.4', ' 1 x HDMI 2.0b', '2060GAMINGOCPRO6G']]"
9SIAYE8JRH2262,MSI RTX 3070 GAMING Z TRIO 8G LHR Gaming 8GB 256-Bit GDRR6 OC Graphics Card,MSI,,,1068.91,0,https://c1.neweggimages.com/ProductImageCompressAll300/AS68S21090881CD2.jpg,[['AIO-MSI RTX 3070 GAMING Z TRIO-carina']]
9SIBBN9JKS8865,SAPPHIRE Nitro+ Radeon RX 6600 XT 8GB GDDR6 PCI Express 4.0 ATX Video Card 11309-01-20G,Sapphire Tech,,,459.49,0,https://c1.neweggimages.com/ProductImageCompressAll300/AYTVD210823KHWIV.jpg,[['6600XT-5']]
9SIBBN9JJX1752,Sapphire 11306-02-20G Pulse AMD Radeon RX 6700 XT Gaming Graphics Card 12GB GDDR6 PCI Express 4.0 1x HDMI 3x DisplayPort,Sapphire Tech,,,499.99,0,https://c1.neweggimages.com/ProductImageCompressAll300/AKEXS211021D6C50.jpg,[['Sapphire 11306-02-20G']]
9SIBMWJJWP4606,ASUS GeForce RTX 2060 SUPER 8G EVO GDDR6 Dual-Fan Edition VR Ready HDMI DisplayPort DVI-D Graphics Card (DUAL-RTX2060S-8G-EVO),ASUS,4.5,4.0,374.18,$49.99 Shipping,https://c1.neweggimages.com/ProductImageCompressAll300/14-126-338-V01.jpg,"[[' OC mode: 1500 MHz\nGaming mode: 1470 MHz', ' 7680 x 4320', ' 2 x DisplayPort 1.4', ' 1 x DL-DVI-D', 'DUAL-RTX2060S-8G-EVO']]"
9SIBGW6JMM7867,Inno3D GeForce RTX 4090 X3 24G GDDR6X desktop/E-sports/game graphics card,Inno3D,,,1989.0,0,https://c1.neweggimages.com/ProductImageCompressAll300/BGW6S2303040M3QWI4C.jpg,"[[' 7680 x 4320', ' 3 x DisplayPort 1.4a', ' 1 x HDMI 2.1', ' 14.5x6', '4895223102817', '9SIBGW6JMM7867']]"
9SIBGFDJG65563,GIGABYTE Vision GeForce RTX 3060 Ti 8GB GDDR6 PCI Express 4.0 x16 ATX Video Card GV-N306TVISION OC-8GD (REV 2.0),GIGABYTE,,,519.99,$40.00 Shipping,https://c1.neweggimages.com/ProductImageCompressAll300/APMXS210719dTJMS.jpg,"[[' 7680 x 4320', ' 2 x DisplayPort', ' 2 x HDMI', ' 11.06*4.52', 'GV-N306TVISION OC-8GD REV2']]"
9SIBMWJJWP6756,ASUS TUF Gaming GeForce GTX 1660 Ti 6GB GDDR6 PCI Express 3.0 Video Card TUF-GTX1660TI-O6G-GAMING,ASUS,2.3,6.0,213.1,$49.99 Shipping,https://c1.neweggimages.com/ProductImageCompressAll300/14-126-312-V02.jpg,"[[' OC Mode: 1530 MHz\nGaming Mode (Default): 1500 MHz', ' 7680 x 4320', ' 1 x DisplayPort 1.4', ' 1 x DL-DVI-D', 'GTX1660TI-O6G-GAMING']]"
9SIBMWJJX13503,GIGABYTE GeForce GTX 1650 SUPER 4GB GDDR6 PCI Express 3.0 x16 Video Card GV-N165SOC-4GD,GIGABYTE,4.1,15.0,220.8,$49.99 Shipping,https://c1.neweggimages.com/ProductImageCompressAll300/14-932-232-V02.jpg,"[[' 1740 MHz', ' 7680 x 4320 @ 60 Hz', ' 1 x DisplayPort 1.4', ' 1 x DVI-D', 'GV-N165SOC-4GD']]"
9SIBMWJJWP6759,ASUS TUF Gaming X3 GeForce GTX 1660 SUPER TUF 3-GTX1660S-O6G-GAMING 6GB 192-Bit GDDR6 PCI Express 3.0 HDCP Ready Video Card,ASUS,4,4.0,260.33,$49.99 Shipping,https://c1.neweggimages.com/ProductImageCompressAll300/14-126-400-S01.jpg,"[[' 1530 MHz', ' 7680 x 4320', ' 1 x DisplayPort 1.4', ' 1 x DVI-D', 'TUF 3-GTX1660S-O6G-G']]"
9SIBMWJJWP4605,ASUS ROG STRIX GeForce RTX 2060 SUPER 8GB GDDR6 PCI Express 3.0 Video Card ROG-STRIX-RTX2060S-O8G-EVO-V2-GAMING,ASUS,3.7,3.0,383.27,$49.99 Shipping,https://c1.neweggimages.com/ProductImageCompressAll300/14-126-447-V01.jpg,"[[' 1470 MHz', ' 7680 x 4320', ' 2 x DisplayPort 1.4', ' 2 x HDMI 2.0b', 'RTX2060S-O8G-EVO-V2G']]"
9SIBFVPJUX7657,ZOTAC GeForce GT 710 1GB DDR3 PCI Express 2.0 x8 Video Card ZT-71301-20L,ZOTAC,4.1,9.0,99.99,0,https://c1.neweggimages.com/ProductImageCompressAll300/14-500-392-03.jpg,"[[' 954 MHz', ' 1 x Dual Link DVI', ' 1 x HDMI', ' 5.70"" x 4.50""', 'ZT-71301-20L', '9SIBFVPJUX7657']]"
9SIBJP7JYK4700,ENvnida AMD Radeon RX 5500XT 8GB GDDR6 PCI Express 4.0 Video Card,ENvinda,,,114.99,0,https://c1.neweggimages.com/ProductImageCompressAll300/BJP7S23061608XDVQF8.jpg,"[[' Double Fans', '20220610', '9SIBJP7JYK4700']]"
9SIBKMGJWW4956,MSI GeForce GTX 1080 Ti FE 11GB GDDR5X PCI Express 3.0 x16 SLI Support Video Card GTX 1080 Ti Founders Edition,MSI,4.2,21.0,864.99,0,https://c1.neweggimages.com/ProductImageCompressAll300/14-137-104-S99.jpg,"[[' 1480 MHz', ' 7680 x 4320', ' 3 x DisplayPort 1.4', ' 1 x HDMI 2.0', 'GTX1080Ti FE Edition']]"
9SIBBN9JEC4867,MSI Mech Radeon RX 6600 XT 8GB GDDR6 PCI Express 4.0 ATX Video Card RX 6600 XT MECH 2X 8G OC,MSI,,,389.97,0,https://c1.neweggimages.com/ProductImageCompressAll300/AXMKS210816cV9uk.jpg,"[[' 2033 MHz', ' 2 x DisplayPort 1.4a', ' 1 x HDMI 2.1', ' 2 Slots', 'MSI6600xtMECH', '9SIBBN9JEC4867']]"
9SIAYE8JSK9688,GIGABYTE Gaming GeForce RTX 3060 12GB GDDR6 PCI Express 4.0 x16 ATX Video Card GV-N3060GAMING OC-12GD (REV 2.0),GIGABYTE,,,412.93,0,https://c1.neweggimages.com/ProductImageCompressAll300/APMXS210719XbKc9.jpg,[['GV-N3060GAMING OC-12GD REV2']]
9SIAYE8JSS2402,MSI GTX 1650 VENTUS XS 4G OC GEFORCE GTX 1650 VENTUS XS 4G OC 4GB,MSI,,,330.91,0,https://c1.neweggimages.com/ProductImageCompressAll300/A25V_1_201909161978738941.jpg,"[['MSI#GTX1650VENTUSXS4', '9SIAYE8JSS2402']]"
9SIBGFDJJX4768,MSI Ventus GeForce RTX 3070 Ti 8GB GDDR6X PCI Express 4.0 Video Card RTX 3070 Ti Ventus 3X 8G OC,MSI,,,693.99,$46.00 Shipping,https://c1.neweggimages.com/ProductImageCompressAll300/AYTVD21062842Z7D.jpg,[['RTX 3070 TIVENTUSOC1']]
9SIBBN9JJX3146,MSI Gaming GeForce GT 710 2GB GDRR3 64-bit HDCP Support DirectX 12 OpenGL 4.5 Single Fan Low Profile Graphics Card (GT 710 2GD3 LP),MSI,,,83.87,0,https://c1.neweggimages.com/ProductImageCompressAll300/AG7R_131994469862155016aRH6Yeksnr.jpg,"[[' 954 MHz', ' 1 x DL-DVI-D', ' 1 x HDMI', ' 5.75"" x 2.72""', 'M*2GD3 LP', '9SIBBN9JJX3146']]"
9SIBJXUJN84134,SRhonyra AMD RX550 Gaming  Graphics Card GPU 2G GDDR5 128 Bit  6000MHz DP DVI HDMI Output Video Card For PC 2GB,SRhonyra,,,79.9,0,https://c1.neweggimages.com/ProductImageCompressAll300/BJXUS2303160KF74I72.jpg,"[[' 1071 MHz', ' 1 x DisplayPort 1.4a', ' 1 x DVI', ' 1 x HDMI 2.0b', 'SR55D5M2G1', '9SIBJXUJN84134']]"
9SIAYE8JSR2983,"ZOTAC GAMING GeForce GTX 1660 6GB GDDR5 192-bit Gaming Graphics Card, Super Compact, ZT-T16600K-10M",ZOTAC,,,309.73,0,https://c1.neweggimages.com/ProductImageCompressAll300/AG7RS210809QxEUT.jpg,"[[' DisplayPort 1.4: up to 7680x4320 @ 60Hz HDMI 2.0b: up to 3840x2160 @ 60Hz', ' 3 x DisplayPort 1.4', ' 1 x HDMI 2.0b', ' 8.50"" x 4.38""', 'ZZT-T16600K-10M']]"
9SIBMWJJXN0521,ASUS AMD Radeon RX 5500 XT Overclocked O8G GDDR6 Dual Fan EVO Edition HDMI DisplayPort Gaming Graphics Card (DUAL-RX5500XT-O8G-EVO),ASUS,4.1,31.0,344.58,$49.99 Shipping,https://c1.neweggimages.com/ProductImageCompressAll300/14-126-361-V07.jpg,"[[' 7680 x 4320', ' 3 x DisplayPort 1.4', ' 1 x HDMI 2.0b', ' 9.50"" x 5.10""', 'DUAL-RX5500XT-O8G-EV']]"
9SIAYE8JSR3053,"ZOTAC Gaming GeForce GTX 1660 Super 6GB GDDR6 192-bit Gaming Graphics Card, Super Compact, ZT-T16620F-10L",ZOTAC,,,315.73,0,https://c1.neweggimages.com/ProductImageCompressAll300/A73MS210729PrsTL.jpg,"[[' DisplayPort 1.4: 8K @ 60 Hz HDMI 2.0b: 4K @ 60 Hz', ' 3 x DisplayPort 1.4', ' 1 x HDMI 2.0', ' 6.83"" x 4.38""', 'ZZT-T16620F-10L']]"
9SIBBN9JKS8886,"Sapphire Technology 11314-01-20G Pulse AMD Radeon RX 6500 XT Gaming OC Graphics Card with 4GB GDDR6, AMD RDNA 2",Sapphire Tech,,,239.95,0,https://c1.neweggimages.com/ProductImageCompressAll300/AG7RS2204160IM0Z9A1.jpg,"[['SAPPHIRE TECH 11314-01-20G', '9SIBBN9JKS8886']]"
9SIBBN9JJ95848,ZOTAC GAMING GeForce RTX 3070 Twin Edge OC White Edition LHR ZT-A30700J-10PLHR 8GB GDDR6X 384 Bit 1755 MHz 14 Gbps 3DP HDMI Graphic Card,ZOTAC,4.8,4.0,1049.87,0,https://c1.neweggimages.com/ProductImageCompressAll300/ADGES210928B8B71.jpg,"[[' 7680 x 4320', ' 3 x DisplayPort 1.4a', ' 1 x HDMI', ' 2 Slots', 'ZT-A30700J-10PLHR', '9SIBBN9JJ95848']]"
9SIBBN9JKS9166,"SAPPHIRE PULSE AMD Radeon RX 6800 XT Gaming Graphics Card with 16GB GDDR6, AMD RDNA 2 (SKU#11304-03-20G)",Sapphire Tech,,,849.67,0,https://c1.neweggimages.com/ProductImageCompressAll300/APR6S2012181cplg.jpg,"[[' 7680 x 4320', ' 3 x DisplayPort 1.4', ' 1 x HDMI 2.1', ' 12.32"" x 5.31""', '11304-03-20G DUP', '9SIBBN9JKS9166']]"
9SIBJP7JN64043,ENvinda RTX 3060TI 8GB GDDR6 NVIDIA GPU 192bit DP*3 PCI Express X16 4.0 Gaming Video Graphics Card Desktop Computer Card,ENvinda,,,409.99,0,https://c1.neweggimages.com/ProductImageCompressAll300/BJP7S2306160G4BU93A.jpg,"[[' 1410 MHz', ' 3 x DisplayPort 1.4', ' 1 x HDMI 2.1', ' NVIDIA', '20210317', '9SIBJP7JN64043']]"
9SIBDCAJT97886,MSI GeForce RTX 3060 Ti SUPER 3X 8G GDDR6X OC game graphics card  Video Card,MSI,,,819.0,0,https://c1.neweggimages.com/ProductImageCompressAll300/BDCAS2304250HGMDHDA.jpg,"[['RTX 3060 Ti', '9SIBDCAJT97886']]"
9SIBJ34JMA7674,"ASUS Dual GeForce RTX 2060 Advanced OC EVO Graphics Card 6GB 192-Bit GDDR6 PCIe 3.0 x16 DirectX 12 HDCP Ready Auto-Extreme Technology 1x DVI-D 2X HDMI 2.0b 1x DisplayPort 1.4,(DUAL-RTX2060-O6G-EVO)",ASUS,,,397.35,$29.99 Shipping,https://c1.neweggimages.com/ProductImageCompressAll300/APBUS210111vLGSK.jpg,"[[' NVIDIA GeForce RTX 20 Series', ' Double Fans', 'ASUS DUAL-RTX2060-O6']]"
9SIB5EFJT76271,ASUS Radeon RX 550 2GB GDDR5 PCI Express 3.0 CrossFireX Support Video Card AREZ-PH-RX550-2G,ASUS,,,,0,https://c1.neweggimages.com/ProductImageCompressAll300/14-126-246-V01.jpg,"[[' 1071 MHz', ' 5120 x 2880', ' 1 x DisplayPort 1.4', ' 1 x DVI-D', 'AREZ-PH-RX550-2G']]"
9SIBJR8JPG9826,MSI GeForce GTX 1660 SUPER 6GB VENTUS XS C OC 192-Bit GDDR5 PCI Express 3.0 x16 Video Card,MSI,,,235.0,0,https://c1.neweggimages.com/ProductImageCompressAll300/BJR8S2305120LGBEU71.jpg,"[[' 1815 MHz', ' 7680 x 4320', ' 1 x DisplayPort', ' 1 x DVI', '912-V809-3265', '9SIBJR8JPG9826']]"
9SIBBN9JEB4758,ZOTAC RTX 3060 Twin Edge OC 12GB GDDR6 Gaming Graphics Card ZT-A30600H-10M,ZOTAC,,,389.89,0,https://c1.neweggimages.com/ProductImageCompressAll300/ARUXS2201180GHGDCD7.jpg,"[[' 1320 MHz', ' 3 x DisplayPort 1.4a', ' 1 x HDMI 2.1', ' DirectX 12 Ultimate', 'ZOTAC RTX 3060 Twin Edge', '9SIBBN9JEB4758']]"
9SIBKUMK046705,MSI GT 1030 AERO ITX 2GD4 OC GeForce GT 1030 2GB GDDR4 Graphics Card,MSI,,,163.99,Special Shipping,https://c1.neweggimages.com/ProductImageCompressAll300/BKUMD23070116GNMZEC.jpg,"[['958154614744', '9SIBKUMK046705']]"
9SIBBN9JJR0196,EVGA 06G-P4-2068-KR Video Card GeForce RTX 2060 KO ULTRA GAMING 6GB GDDR6 192B,EVGA,5,1.0,459.77,0,https://c1.neweggimages.com/ProductImageCompressAll300/AKEYS200427f3Vg1.jpg,"[['EVGA-06G-P4-2068-KR', '9SIBBN9JJR0196']]"
9SIBJ34JM52634,ASUS Dual GeForce RTX 3060 12GB GDDR6 PCI Express 4.0 x16 Video Card DUAL-RTX3060-O12G-V2,ASUS,,,1219.99,$29.99 Shipping,https://c1.neweggimages.com/ProductImageCompressAll300/APMXS210727JjKeL.jpg,[['ASUS DUAL-RTX3060-O12G-V2']]
9SIAXK8JNM9054,GIGABYTE GeForce GT 730 DirectX 12 GV-N730D5-2GL 2GB 64-Bit GDDR5 PCI Express 2.0 x8 Video Card,GIGABYTE,5,1.0,85.98,0,https://c1.neweggimages.com/ProductImageCompressAll300/APNMS2204110H4XJXC7.jpg,"[['GV-N730D5-2GL-kjj', '9SIAXK8JNM9054']]"
9SIBJP7JYK4760,ENVINDA GTX1660 TI 6GB Gaming Video Card Graphics Cards GPU Desktop Computer Gaming 1660Ti 6G,ENvinda,,,149.99,0,https://c1.neweggimages.com/ProductImageCompressAll300/BJP7S2306160GES5SAE.jpg,"[[' Single Fan', '20220608', '9SIBJP7JYK4760']]"
9SIAXK8JNH8423,MSI GeForce GT 710 1GB DirectX 12 GT 710 1GD3H LPV1 64-Bit DDR3 PCI Express 2.0 x8 HDCP Ready Low Profile Video Graphics Card,MSI,,,59.99,0,https://c1.neweggimages.com/ProductImageCompressAll300/A73M_131661685617674247UrjWUtYF57.jpg,"[[' 954 MHz', ' 4096 x 2160', ' 1 x DL-DVI-D', ' 1 x HDMI', 'dfgdsh78579']]"
9SIBBN9JJX3241,EVGA GeForce GT 730 DirectX 12 2GB 64-Bit GDDR5 PCI Express 2.0 Low Profile Ready 02G-P3-3733-KR  Video Graphics Card,EVGA,,,69.87,0,https://c1.neweggimages.com/ProductImageCompressAll300/A73M_131345845478146293ra8knVTcdW.jpg,"[[' 902 MHz', ' 4096 x 2160', ' 1 x DVI', ' 1 x HDMI', 'JTIUJ05', '9SIBBN9JJX3241']]"
9SIAXK8JNH8414,MSI GeForce GT 710 DirectX 12 GT 710 1GD3H LPV1 1GB 64-Bit DDR3 PCI Express 2.0 x8 HDCP Ready Low Profile Video Card,MSI,,,59.99,0,https://c1.neweggimages.com/ProductImageCompressAll300/A73M_131971141264318745TEVLiUFfhB.jpg,"[[' 954 MHz', ' 4096 x 2160', ' 1 x DL-DVI-D', ' 1 x HDMI', 'CGT 710 1GD3H LPV1', '9SIAXK8JNH8414']]"
9SIBMWJJXN0632,GIGABYTE Radeon RX 5500 XT 8GB GDDR6 PCI Express 4.0 x16 ATX Video Card GV-R55XTGAMING OC-8GD,GIGABYTE,3.9,15.0,370.58,$49.99 Shipping,https://c1.neweggimages.com/ProductImageCompressAll300/14-932-236-V01.jpg,"[[' 1685 MHz', ' 7680 x 4320 @ 60 Hz', ' 3 x DisplayPort 1.4', ' 1 x HDMI 2.0b', 'GV-R55XTGAMINGOC-8GD']]"
9SIBBN9JF29130,"ASUS Dual GeForce® GTX 1650 MINI OC edition 4GB GDDR6 mini graphics card is equipped with two powerful axial fans, designed for Intel® NUC 9 Extreme kit, Intel® NUC 9 Pro kit, and other small chassis!",ASUS,,,309.89,0,https://c1.neweggimages.com/ProductImageCompressAll300/APVRS210113pffxA.jpg,"[[' 1410 MHz', ' 7680 x 4320', ' 1 x DisplayPort 1.4', ' 1 x DVI-D', 'ASUS GTX1650 MINI-X']]"
9SIAYE8JSS7728,EVGA GeForce GT 730 2GB GDDR5 64bit DVI/HDMI/VGA Low Profile Graphics Card 02G-P3-3733-KR,EVGA,,,69.91,0,https://c1.neweggimages.com/ProductImageCompressAll300/AE7U_1_201709301697462722.jpg,"[['00L5GZG5C', '9SIAYE8JSS7728']]"
9SIBMWJJWP6767,GIGABYTE GeForce GTX 1660 SUPER 6GB GDDR6 PCI Express 3.0 x16 ATX Video Card GV-N166SGAMING-6GD,GIGABYTE,4.7,151.0,269.0,$49.99 Shipping,https://c1.neweggimages.com/ProductImageCompressAll300/14-932-295-V01.jpg,"[[' 1785 MHz', ' 7680 x 4320 @ 60 Hz', ' 3 x DisplayPort 1.4', ' 1 x HDMI 2.0b', 'GV-N166SGAMING-6GD']]"
9SIAXK8JNH8425,MSI GeForce GT 710 DirectX 12 GT 710 1GD3H LP 1GB 64-Bit DDR3 PCI Express 2.0 x16 HDCP Ready Low Profile Video Card,MSI,,,58.99,0,https://c1.neweggimages.com/ProductImageCompressAll300/AGKHS210319gJvp4.jpg,[['64-Bit DDR3-56156']]
9SIBBN9JKS9206,Sapphire 11305-02-20G Pulse AMD Radeon RX 6800 PCIe 4.0 Gaming Graphics Card with 16GB GDDR6,Sapphire Tech,,,599.97,0,https://c1.neweggimages.com/ProductImageCompressAll300/AG7RS2205230EPWUE93.jpg,"[[' AMD', ' AMD Radeon RX 6000 Series', ' 2170 MHz', ' 3840 Stream Processors', 'SAPPHIRE TECH 11305-02-20G', '9SIBBN9JKS9206']]"
9SIBBN9JKS8894,"Sapphire 11319-03-20G Pulse AMD Radeon RX 6650 XT Gaming Graphics Card with 8GB GDDR6, AMD RDNA 2",Sapphire Tech,,,339.97,0,https://c1.neweggimages.com/ProductImageCompressAll300/AG7RS2205230EJEDLF3.jpg,"[[' AMD', ' AMD Radeon RX 6000 Series', ' RDNA 2', ' 2048 Stream Processors', 'SAPPHIRE PULSE Radeon RX 6650 XT 8GB', '9SIBBN9JKS8894']]"
9SIBM6CJXK0269,MSI GeForce GT 730 Kepler DDR3 2GB OC Low Profile DirectX 12 (N730K-2GD3H/LP),MSI,,,207.99,Special Shipping,https://c1.neweggimages.com/ProductImageCompressAll300/BM6CD2305310XEVZHDB.jpg,"[['922387443488', '9SIBM6CJXK0269']]"
9SIAYE8JSM3621,"EVGA GeForce GTX 1650 SC Ultra Gaming, 04G-P4-1057-KR, 4GB GDDR5, Dual Fan, Metal Backplate",EVGA,,,412.71,0,https://c1.neweggimages.com/ProductImageCompressAll300/AKXC_1_202003122018135395.jpg,"[['9901239028569', '9SIAYE8JSM3621']]"
9SIAYE8JS45501,"EVGA GeForce GTX 1650 SC Ultra Gaming, 04G-P4-1057-KR, 4GB GDDR5, Dual Fan, Metal Backplate",EVGA,,,412.71,0,https://c1.neweggimages.com/ProductImageCompressAll300/AFJ6D2007170B6Q6.jpg,[['32728039489639']]
9SIAXK8JNF4811,MSI GeForce GT 730 2G DDR3 PCI Express 2.0 x16 Video Card N730K-2GD3/OCV5,MSI,,,118.99,0,https://c1.neweggimages.com/ProductImageCompressAll300/AKEXS210707QLFQg.jpg,[['MSI-N730K-2GD3/OCV5-5456']]
9SIBBN9JRX4099,MSI Gaming X Trio NVIDIA GeForce RTX 4080 16GB GDDR6X Graphics Card,MSI,,,1649.97,0,https://c1.neweggimages.com/ProductImageCompressAll300/A4YUD2212020Z13V3F2.jpg,"[['GEFORCE RTX 4080 16GB GAMING X TRIO', '9SIBBN9JRX4099']]"
9SIAYE8JSJ9113,"EVGA 06G-P4-1068-KR GeForce GTX 1660 Super Sc Ultra Gaming, 6GB GDDR6, Dual Fan, Metal Backplate",EVGA,,,344.96,0,https://c1.neweggimages.com/ProductImageCompressAll300/A73MS210727Ce5qG.jpg,"[['E06G-P4-1068-KR', '9SIAYE8JSJ9113']]"
9SIAXK8JNH8420,MSI Gaming GeForce GT 710 1GB GDRR3 64-bit HDCP Support DirectX 12 OpenGL 4.5 Heat Sink Low Profile Graphics Card (GT 710 1GD3H LPV1),MSI,,,65.28,0,https://c1.neweggimages.com/ProductImageCompressAll300/AG7R_131983001669314531RYTFnXbyWI.jpg,"[[' 954 MHz', ' 4096 x 2160', ' 1 x DL-DVI-D', ' 1 x HDMI', 'm*1GD3H LPV1', '9SIAXK8JNH8420']]"
9SIBKENJU11423,TRYCOO Gaming GeForce RTX 3080 Ti 12G Graphics Card RGB Lighting GDDR6X PCI Express 4.0 Video Card Triple-fan Edition,TRYCOO,,,839.0,0,https://c1.neweggimages.com/ProductImageCompressAll300/BKENS2305040HAZQ776.jpg,"[[' 1365 MHz', ' 3 x DisplayPort 1.4', ' 1 x HDMI', ' DirectX 12', '3080TI', '9SIBKENJU11423']]"
9SIBKUMK046799,MSI GeForce GT 730 Fermi DDR3 128-bit 2GB DirectX 12 (N730 2GD3V3),MSI,,,136.99,Special Shipping,https://c1.neweggimages.com/ProductImageCompressAll300/BKUMD23070116UBCDB9.jpg,"[['958154617202', '9SIBKUMK046799']]"
9SIBMWJJWP4521,GIGABYTE GeForce RTX 2060 SUPER 8GB GDDR6 PCI Express 3.0 x16 ATX Video Card GV-N206SGAMING OC-8GD v2.0,GIGABYTE,4.3,38.0,385.28,$49.99 Shipping,https://c1.neweggimages.com/ProductImageCompressAll300/14-932-250-S01.jpg,"[[' 1710 MHz', ' 7680x4320@60Hz', ' 3 x DisplayPort 1.4', ' 1 x HDMI 2.0b', 'GVN206SGAMINGOC8G V2']]"
9SIBBN9JJR0142,"EVGA GeForce RTX 2060 Gaming, 06G-P4-2060-KR, 6GB GDDR6, HDB Fan",EVGA,,,329.49,0,https://c1.neweggimages.com/ProductImageCompressAll300/AKXC_1_20200312263211425.jpg,[['9901239028611']]
9SIBJXUJM67970,"SRhonyra GeForce GTX1050 2G GDDR5 low profile video card  PCI Express 3.0 16X
 HDMI DP port gtx 1050 low profile graphics card lp GPU",SRhonyra,,,166.0,0,https://c1.neweggimages.com/ProductImageCompressAll300/BJXUS2304030KYG0F28.jpg,"[[' 1470 MHz', ' 7680x4320@60Hz(DisplayPort);3840*2160@60Hz(HDMI)', ' 1 x DisplayPort 1.4a', ' 1 x HDMI 2.0b', 'SR105D5LP2G1', '9SIBJXUJM67970']]"
9SIBBN9JEB3682,"EVGA GeForce RTX 3050 XC Gaming, 08G-P5-3553-KR, 8GB GDDR6, Dual-Fan, Metal Backplate",EVGA,,,599.95,0,https://c1.neweggimages.com/ProductImageCompressAll300/A73MS2206080H8NVZD3.jpg,"[[' DirectX 12 Ultimate', ' NVIDIA', ' NVIDIA GeForce RTX 30 Series', ' 1845 MHz', '(08G-P5-3553-KR)', '9SIBBN9JEB3682']]"
9SIAYE8JSK9777,"PowerColor Hellhound AMD Radeon RX 6650 XT Graphics Card, 8GB 128-bit GDDR6,PCI Express 4.0, 1 x HDMI 2.1 , 3 x DisplayPort 1.4",PowerColor,,,450.97,0,https://c1.neweggimages.com/ProductImageCompressAll300/A4RES2205110DRBWG76.jpg,"[[' 2410 MHz', ' 7680 x 4320', ' 3 x DisplayPort 1.4', ' 1 x HDMI 2.1', 'Powercolor Radeon RX 6650 XT Hellhound']]"
9SIBMWJJX82633,GIGABYTE GeForce RTX 2060 6GB GDDR6 PCI Express 3.0 x16 ITX Video Card GV-N2060IXOC-6GD rev. 2.0,GIGABYTE,4.1,20.0,345.99,$49.99 Shipping,https://c1.neweggimages.com/ProductImageCompressAll300/14-932-210-V02.jpg,"[[' 1695 MHz', ' 7680 x 4320 @ 60 Hz', ' 3 x DisplayPort 1.4', ' 1 x HDMI 2.0b', 'GVN2060IXOC-6GD Rev2', '9SIBMWJJX82633']]"
9SIBMWJJXN0631,GIGABYTE Radeon RX 5500 XT 8GB GDDR6 PCI Express 4.0 x8 ATX Video Card GV-R55XTD6-8GD,GIGABYTE,3,4.0,333.94,$49.99 Shipping,https://c1.neweggimages.com/ProductImageCompressAll300/14-932-339-01.jpg,"[[' 7680 x 4320 @ 60 Hz', ' 3 x DisplayPort 1.4', ' 1 x HDMI 2.0b', ' 8.86"" x 4.69""', 'GV-R55XTD6-8GD']]"
9SIBK8UJT76617,BR NEW GeForce RTX 3080 10GB GDDR6X PCI Express 4.0 Graphics Card VGA Gaming Video Card 8Pin GPU Gamer For Gaming PC,,,,791.89,0,https://c1.neweggimages.com/ProductImageCompressAll300/BK8US2304240GYQ0GBA.jpg,"[[' 1440 MHz', ' 4096 x 2160', ' 3 x DisplayPort 1.4a', ' 1 x HDMI 2.1', 'BR RTX 3080 10GB', '9SIBK8UJT76617']]"
9SIBMWJJX13472,GIGABYTE Eagle GeForce GTX 1650 4GB GDDR6 PCI Express 3.0 x16 ATX Video Card GV-N1656EAGLE OC-4GD,GIGABYTE,3.6,5.0,170.08,$49.99 Shipping,https://c1.neweggimages.com/ProductImageCompressAll300/14-932-297-V02.jpg,"[[' 1815 MHz', ' 7680 x 4320 @ 60 Hz', ' 1 x DisplayPort 1.4', ' 1 x DVI-D', 'GV-N1656EAGLE OC-4GD']]"
9SIBGSKJAZ3454,Original Nvidia GeForce GT 740 2GB GDDR5 128bit graphics cards GPU video card Gaming card,,,,92.0,0,https://c1.neweggimages.com/ProductImageCompressAll300/BGSKS2211070DUDRR20.jpg,"[[' 384 Cores', ' With Fan', 'GT740', '9SIBGSKJAZ3454']]"
9SIBMWJJX82635,"GIGABYTE Geforce RTX 2060 MINI ITX OC 6G Graphics Card, Mini ITX Form Factor, 6GB 192-Bit GDDR6, GV-N2060IXOC-6GD Video Card",GIGABYTE,4.4,5.0,344.49,$49.99 Shipping,https://c1.neweggimages.com/ProductImageCompressAll300/14-932-117-V05.jpg,"[[' 1695 MHz', ' 7680 x 4320 @ 60 Hz', ' 3 x DisplayPort 1.4', ' 1 x HDMI 2.0b', 'GV-N2060IXOC-6GD', '9SIBMWJJX82635']]"
9SIBBCDJZ07358,Gigabyte GeForce RTX 3060 Ti EAGLE OC 8G (Rev. 2.0) Nvidia 8GB GDDR6 GPU Graphics Card,GIGABYTE,,,937.0,0,https://c1.neweggimages.com/ProductImageCompressAll300/A4YUD23050907IVQ329.jpg,"[['GV-N306TEAGLE OC-8GD 2.0', '9SIBBCDJZ07358']]"
9SIBK8UJT64705,BR Graphics Card RTX3070 8GB GPU 12Pin GDDR6 256bit HDMI*1 DP*3 PCI-E 4.0 x16 rtx3070 8gb Gaming Video card VGA For PC,,,,525.9,0,https://c1.neweggimages.com/ProductImageCompressAll300/BK8US2304230M3UI9C9.jpg,"[[' 1500 MHz', ' 4096 x 2160', ' 3 x DisplayPort 1.4a', ' 1 x HDMI 2.1', 'BR RTX 3070 8G', '9SIBK8UJT64705']]"
9SIBDCAJU64108,ZOTAC GAMING GeForce RTX 3050 AMP Gaming Graphics Card (ZT-A30500F-10MM),ZOTAC,,,499.99,0,https://c1.neweggimages.com/ProductImageCompressAll300/BDCAS23050609H7Y6F2.jpg,"[['ZT-A30500F-10MM', '9SIBDCAJU64108']]"
9SIBDCAJV31599,MSI Gaming Radeon RX 6950 XT 16GB GDDR6 PCI Express 4.0 Video Card RX 6950 XT GAMING X TRIO 16G,MSI,,,1299.0,0,https://c1.neweggimages.com/ProductImageCompressAll300/BDCAS2305150DLLE2A7.jpg,"[['MSI RX 6950 XT GAMING X TRIO 16G', '9SIBDCAJV31599']]"
9SIBFVPJU05338,PNY GeForce GT 710 2GB DDR3 PCI Express 2.0 x8 Low Profile Video Card VCGGT7102XPB,"PNY Technologies, Inc.",4.1,7.0,79.84,0,https://c1.neweggimages.com/ProductImageCompressAll300/14-133-621-S01.jpg,"[[' 954 MHz', ' 3840 x 2160', ' 1 x Dual-link DVI-D', ' 1 x HDMI', 'VCGGT7102XPB', '9SIBFVPJU05338']]"
9SIBMWJJXN0688,SAPPHIRE PULSE Radeon RX 5500 XT 4GB GDDR6 PCI Express 4.0 ATX Video Card 100418P4GL,Sapphire Tech,4.1,12.0,332.54,$49.99 Shipping,https://c1.neweggimages.com/ProductImageCompressAll300/14-202-361-1.jpg,"[[' HDMI: 4096 x 2160 @ 60 Hz\nDisplayPort1.4: 5120 x 2880 @ 60 Hz', ' 3 x DisplayPort 1.4', ' 1 x HDMI', ' 9.17"" x 4.80""', '100418P4GL']]"
9SIBGSKJB24192,GeForce GT1030 2GB GDDR5 Graphics cards Nvidia pci express 3.0 video cards Included Low Profile Bracket Single slot graphics card Desktop computer PC video gaming graphics card,,,,109.0,0,https://c1.neweggimages.com/ProductImageCompressAll300/BGSKS2211080K83TT33.jpg,"[[' 1266 MHz', ' 1519 MHz', ' 384 Cores', ' 6008 MHz', 'GT1030', '9SIBGSKJB24192']]"
9SIBKUMK043858,"ASUS NVIDIA GeForce GT 710 Graphics Card (PCIe 2.0, 2GB GDDR5 Memory, 4X HDMI Ports, Single-Slot Design, Passive Cooling)",ASUS,,,269.99,Special Shipping,https://c1.neweggimages.com/ProductImageCompressAll300/BKUMD230701114L2BA4.jpg,"[['958154585044', '9SIBKUMK043858']]"
9SIBDCAJUM4299,MSI RTX4090 SUPRIM X CLASSIC 24G GDDR6X game graphics card,MSI,,,2799.0,0,https://c1.neweggimages.com/ProductImageCompressAll300/BDCAS23051109K1H2F2.jpg,"[['MSI RTX4090 SUPRIM X CLASSIC 24G GDDR6X', '9SIBDCAJUM4299']]"
9SIBBN9JKA5408,"PowerColor Hellhound AXRX 6600 8GBD6-3DHL Graphics Card, 8GB 128-bit GDDR6, Support PCI Express 4.0,1×HDMI2.1 Interface, 3×DisplayPort1.4 Interface",PowerColor,,,339.87,0,https://c1.neweggimages.com/ProductImageCompressAll300/A4RES2111150HJQA675.jpg,"[[' 7680 x 4320', ' 3 x DisplayPort 1.4', ' 1 x HDMI 2.1', ' 8.66"" x 5.20""', 'PowerColor Hellhound AXRX 6600 8GB']]"
9SIAPMXJ942495,MSI GeForce RTX 2070 SUPER DirectX 12 RTX 2070 SUPER GAMING X TRIO 8GB 256-Bit GDDR6,MSI,,,390.49,0,https://c1.neweggimages.com/ProductImageCompressAll300/APMXS201103i6Ssy.jpg,"[[' 3 x DisplayPort', ' 1 x HDMI 2.0b', ' DirectX 12', ' NVIDIA', '2070S GAMINING X TRI']]"
9SIAGGGHYV9569,GIGABYTE GeForce RTX 2060 12GB GDDR6 PCI Express 3.0 x16 ATX Video Card GV-N2060WF2OC-12GD,GIGABYTE,,,289.99,$10.00 Shipping,https://c1.neweggimages.com/ProductImageCompressAll300/AXMKS2201110CTL5U66.jpg,[['GIGABYTE2060WF2OC12G']]
9SIAWFGJRU8429,GIGABYTE GeForce GTX 1080 8GB GDDR5X PCI Express 3.0 x16 SLI Support ATX Video Card GV-N1080IX-8GD,GIGABYTE,4.7,13.0,194.75,0,https://c1.neweggimages.com/ProductImageCompressAll300/14-932-009-V01.jpg,"[[' 1632 MHz in OC Mode\n1607 MHz in Gaming Mode', ' 7680 x 4320', ' 3 x DisplayPort', ' 1 x Dual-link DVI-D', 'GV-N1080IX-8GD']]"
9SIAPMXJJV6130,"GIGABYTE AORUS GeForce RTX 2080 Super 8G Graphics Card, WINDFORCE Stack, 8GB 256-Bit GDDR6, GV-N208SAORUS-8GC Video Card",GIGABYTE,4.2,19.0,502.78,0,https://c1.neweggimages.com/ProductImageCompressAll300/14-932-175-V01.jpg,"[[' 1860 MHz', ' 7680 x 4320 @ 60 Hz', ' 3 x DisplayPort 1.4', ' 3 x HDMI 2.0b', 'GV-N208SAORUS-8GC']]"
9SIAPMXJJF5217,MSI Mech Radeon RX 6700 XT 12GB GDDR6 PCI Express 4.0 Video Card RX 6700 XT MECH 2X 12G OC,MSI,4.4,106.0,289.98,0,https://c1.neweggimages.com/ProductImageCompressAll300/14-137-640-01.jpg,"[[' 7680 x 4320', ' 3 x DisplayPort 1.4', ' 1 x HDMI 2.1', ' 9.72"" x 5.16""', 'RX6700XTMECH 2X12GOC']]"
14-930-059,ASRock Challenger D Radeon RX 6700 XT 12GB GDDR6 PCI Express 4.0 Video Card RX6700XT CLD 12GO,ASRock,4.5,104.0,329.99,0,https://c1.neweggimages.com/ProductImageCompressAll300/14-930-059-01.jpg,"[[' 2330 MHz', ' 7680 x 4320', ' 3 x DisplayPort 1.4', ' 1 x HDMI 2.1', 'RX6700XT CLD 12GO', 'N82E16814930059']]"
9SIAPMXJSV1017,"ASRock Radeon RX 6800 Phantom Gaming D Gaming Graphics Card with 16GB GDDR6, AMD RDNA 2 (RX6800 PGD 16GO)",ASRock,4.3,76.0,,0,https://c1.neweggimages.com/ProductImageCompressAll300/14-930-048-02.jpg,"[[' 1850 MHz', ' 7680 x 4320', ' 3 x DisplayPort 1.4 with DSC', ' 1 x HDMI 2.1 VRR', 'RX6800 PGD 16GO']]"
9SIAPMXJYF9226,"SAPPHIRE PULSE AMD Radeon RX 6800 XT Gaming Graphics Card with 16GB GDDR6, AMD RDNA 2 (SKU#11304-03-20G)",Sapphire Tech,4.7,64.0,,0,https://c1.neweggimages.com/ProductImageCompressAll300/14-202-405-S01.jpg,"[[' 7680 x 4320', ' 3 x DisplayPort 1.4', ' 1 x HDMI 2.1', ' 12.32"" x 5.31""', '11304-03-20G']]"
9SIAPMXJSV6329,"EVGA GeForce RTX 3060 Ti XC GAMING Video Card, 08G-P5-3663-KR, 8GB GDDR6, iCX3 Cooling, Metal Backplate",EVGA,4.6,17.0,,0,https://c1.neweggimages.com/ProductImageCompressAll300/14-487-535-V02.jpg,"[[' 7680 x 4320', ' 3 x DisplayPort 1.4a', ' 1 x HDMI 2.1', ' 7.94"" x 4.33""', '08G-P5-3663-KR']]"
9SIBF9VJVT6909,GIGABYTE Radeon RX 6900 XT 16GB GDDR6 PCI Express 4.0 ATX Video Card GV-R69XT-16GC-B,GIGABYTE,4.4,7.0,,$45.00 Shipping,https://c1.neweggimages.com/ProductImageCompressAll300/14-932-384-01.jpg,"[[' 2 x DisplayPort', ' 1 x HDMI', ' 10.51"" x 4.72""', ' 2.5 slot', 'GV-R69XT-16GC-B']]"
9SIAPMXJKW3916,MSI Radeon RX 580 4GB GDDR5 PCI Express x16 CrossFireX Support Video Card RX 580 ARMOR 4G OC,MSI,4.1,26.0,148.68,0,https://c1.neweggimages.com/ProductImageCompressAll300/14-137-120-V01.jpg,"[[' 2 x DisplayPort', ' 1 x DVI-D', ' 2 x HDMI', ' 10.59"" x 4.92""', 'RX 580 ARMOR 4G OC']]"
9SIAPMXJYA9600,"PowerColor Fighter AMD Radeon RX 6700 XT Gaming Graphics Card with 12GB GDDR6 Memory, Powered by AMD RDNA 2, HDMI 2.1 (AXRX 6700XT 12GBD6-3DH)",PowerColor,4.4,13.0,,0,https://c1.neweggimages.com/ProductImageCompressAll300/14-131-783-01.jpg,"[[' 3 x DisplayPort 1.4', ' 1 x HDMI 2.1', ' 8.98"" x 4.29""', ' 2 Slots', 'AXRX 6700XT 12GBD6-3DH']]"
9SIBF9VK043049,ASRock Phantom Gaming Radeon RX 6800 XT 16GB GDDR6 PCI Express 4.0 Video Card RX6800XT PG 16GO,ASRock,4.8,10.0,425.0,$45.00 Shipping,https://c1.neweggimages.com/ProductImageCompressAll300/14-930-087-03.jpg,"[[' 1875 MHz', ' 7680 x 4320', ' 3 x DisplayPort 1.4', ' 1 x HDMI 2.1', 'RX6800XT PG 16GO']]"
9SIAPMXK0E8226,"XFX SPEEDSTER QICK308 RADEON RX 6600 XT BLACK Gaming Graphics Card with 8GB GDDR6 HDMI 3xDP, AMD RDNA 2 (RX-66XT8LBDQ)",XFX,4.6,36.0,289.98,0,https://c1.neweggimages.com/ProductImageCompressAll300/14-150-862-V91.jpg,"[[' Base Clock Up to\t2188 MHz\nGame Clock Up to\t2428 MHz', ' 3 x DisplayPort 1.4', ' 1 x HDMI 2.1', ' 10.79"" x 4.49""', 'RX-66XT8LBDQ']]"
9SIBF9VJBR8908,"EVGA GeForce RTX 3070 XC3 ULTRA GAMING Video Card, 08G-P5-3755-KR, 8GB GDDR6, iCX3 Cooling, ARGB LED, Metal Backplate",EVGA,4.8,109.0,,$45.00 Shipping,https://c1.neweggimages.com/ProductImageCompressAll300/14-487-530-01.jpg,"[[' 7680 x 4320', ' 3 x DisplayPort 1.4a', ' 1 x HDMI 2.1', ' 11.23"" x 4.38""', '08G-P5-3755-KR']]"
9SIAPMXJS29474,PowerColor RED DEVIL Radeon RX 5700 XT 8GB GDDR6 PCI Express 4.0 CrossFireX Support ATX Video Card AXRX 5700 XT 8GBD6-3DHE/OC,PowerColor,4.3,163.0,,0,https://c1.neweggimages.com/ProductImageCompressAll300/14-131-752-V10.jpg,"[[' 1770 MHz', ' 4096 x 2160', ' 3 x DisplayPort', ' 1 x HDMI', '5700XT 8GBD6-3DHE/OC']]"
9SIADFRJRJ4014,"PNY GeForce RTX 3060 Ti 8GB XLR8 Gaming REVEL EPIC-X RGB Dual Fan Edition Video Card, VCG3060T8DFXPPB","PNY Technologies, Inc.",,,,0,https://c1.neweggimages.com/ProductImageCompressAll300/14-133-818-01.jpg,"[[' 1410 MHz', ' 7680 x 4320 @60Hz', ' 3 x DisplayPort 1.4a', ' 1 x HDMI 2.1', 'VCG3060T8DFXPPB']]"
9SIAPMXJC09146,XFX Radeon RX 580 DirectX 12 RX-580P8DFD6 XXX Edition 8GB 256-Bit GDDR5 PCI Express 3.0 CrossFireX Support Video Card,XFX,4.1,87.0,,0,https://c1.neweggimages.com/ProductImageCompressAll300/14-150-803-Z01.jpg,"[[' True: 1366 MHz\nOC+: 1386 MHz', ' 4096 x 2160', ' 3 x DisplayPort 1.4', ' 1 x DL-DVI-D', 'RX-580P8DFD6']]"
9SIA4REJWM1187,XFX Radeon RX 5700 XT 8GB GDDR6 PCI Express 4.0 ATX Video Card RX-57XT83LD8,XFX,4.1,76.0,,0,https://c1.neweggimages.com/ProductImageCompressAll300/14-150-839-V01.jpg,"[[' 1605 MHz', ' 8K resolution at 60 Hz or 5K at 120 Hz', ' 3 x DisplayPort 1.4', ' 1 x HDMI 2.0b', 'RX-57XT83LD8']]"
9SIA4REJWM1025,XFX Radeon RX 5700 XT THICC II RX-57XT826D6 8GB 256-Bit GDDR6 PCI Express 4.0 Video Card,XFX,3.9,18.0,,0,https://c1.neweggimages.com/ProductImageCompressAll300/14-150-824-V05.jpg,"[[' 1605 MHz', ' 7680 x 4320', ' 3 x DisplayPort 1.4', ' 1 x HDMI 2.0b', 'RX-57XT826D6']]"
9SIAPMXJT19183,MAXSUN Nvidia Geforce RTX 3080 Ti iCraft GM OC 12GB GDDR6X Video Graphics Card GPU For Computer Gaming PC HDMI2.1 PCIE 4.0,MAXSUN,5,2.0,,0,https://c1.neweggimages.com/ProductImageCompressAll300/AXZZS2203290J2UYIDD.jpg,"[[' 1365 MHz', ' 7680 x 4320', ' 3 x DisplayPort 1.4a', ' 1 x HDMI 2.1', 'MS-GEFORCERTX3080TIICRAFTOCGM12G']]"
9SIAPMXJBU0949,GIGABYTE Radeon RX 570 8GB GDDR5 PCI Express 3.0 x16 CrossFireX Support ATX Video Card GV-RX570GAMING-8GD Rev 2.0,GIGABYTE,4.5,57.0,,0,https://c1.neweggimages.com/ProductImageCompressAll300/14-932-284-S07.jpg,"[[' OC mode: up to 1255 MHz / Gaming mode: up to 1244 MHz', ' 7680 x 4320', ' 3 x DisplayPort 1.4', ' 1 x HDMI 2.0b', 'GV-RX570GAMING-8GDV2']]"
9SIBF9VK0C6190,GIGABYTE AORUS GeForce RTX 2080 TI DirectX 12 GV-N208TAORUS X-11GC Video Card,GIGABYTE,3.9,48.0,455.99,$45.00 Shipping,https://c1.neweggimages.com/ProductImageCompressAll300/14-932-076-S01.jpg,"[[' 1770 MHz', ' 7680 x 4320 @ 60 Hz', ' 3 x DisplayPort 1.4', ' 3 x HDMI 2.0b', 'GV-N208TAORUS X-11GC']]"
9SIAPMXJCB9730,MSI Radeon R7 250 2GB DDR3 PCI Express 3.0 CrossFireX Support Video Card R7 250 2GD3 OC,MSI,3.7,125.0,100.42,0,https://c1.neweggimages.com/ProductImageCompressAll300/14-127-763-07.jpg,"[[' 1050 MHz', ' 4096 x 2160 @ 24 Hz', ' 1 x SL-DVI-D', ' 1 x HDMI 1.4a', 'R7 250 2GD3 OC']]"
9SIAPMXJWF6469,MAXSUN Nvidia Geforce GTX 1650 Super 4GB GDDR6 128-Bit Dual Fan HDMI/DP/DVI HDCP Support DirectX 12 VR Ready Gaming Video Graphics Card,MAXSUN,4,1.0,153.0,0,https://c1.neweggimages.com/ProductImageCompressAll300/AXZZS210804q2cJw.jpg,"[['MS-GEFORCEGTX1650SUPERTERMINATOR4GV0', '9SIAPMXJWF6469']]"
9SIAPMXJKW4339,MSI GeForce GTX 960 2GB GDDR5 PCI Express 3.0 x16 SLI Support ATX Video Card GTX 960 GAMING 2G,MSI,4.2,42.0,96.98,0,https://c1.neweggimages.com/ProductImageCompressAll300/14-127-843-01.jpg,"[[' 1241 MHz (OC Mode)\n1190 MHz (Gaming Mode)\n1127 MHz (Silent Mode)', ' 4096 x 2160', ' 3 x DisplayPort 1.2', ' 1 x DL-DVI-I', 'GTX 960 GAMING 2G']]"
9SIBF9VJZ91014,"ASRock Radeon RX 6800 XT Taichi Gaming Graphics Card with 16GB GDDR6, AMD RDNA 2 (RX6800XT TCX 16GO)",ASRock,4.1,66.0,,$45.00 Shipping,https://c1.neweggimages.com/ProductImageCompressAll300/14-930-050-02.jpg,"[[' 1925 MHz', ' 7680 x 4320', ' 2 x DisplayPort 1.4 with DSC', ' 1 x HDMI 2.1 VRR', 'RX6800XT TCX 16GO']]"
9SIAT8UJPE7343,ZOTAC AMP White Edition LHR GeForce RTX 3060 Ti 8GB GDDR6 PCI Express 4.0 ATX Video Card ZT-A30610F-10PLHR,ZOTAC,4.6,14.0,359.99,$49.99 Shipping,https://c1.neweggimages.com/ProductImageCompressAll300/ADGES2110191pJA3.jpg,"[[' 7680 x 4320', ' 3 x DisplayPort 1.4a', ' 1 x HDMI 2.1', ' 9.10"" x 5.60""', 'ZT-A30610F-10PLHR', '9SIAT8UJPE7343']]"
9SIAPMXJMC2676,MSI GeForce GTX 1070 8GB GDDR5 PCI Express 3.0 x16 SLI Support ATX Video Card GTX 1070 GAMING 8G,MSI,4.6,164.0,180.01,0,https://c1.neweggimages.com/ProductImageCompressAll300/14-127-955-S99.jpg,"[[' 1531 MHz (OC Mode)\n1518 MHz (Gaming Mode)\n1506 MHz (Silent Mode)', ' 7680 x 4320', ' 3 x DisplayPort 1.4', ' 1 x DL-DVI-D', 'GTX 1070 GAMING 8G']]"
9SIAPMXJJK5762,GIGABYTE GeForce GTX 1060 6GB GDDR5 PCI Express 3.0 x16 ATX Video Card GV-N1060IXOC-6GD,GIGABYTE,4.7,26.0,166.48,0,https://c1.neweggimages.com/ProductImageCompressAll300/14-125-903-S99.jpg,"[[' 1556 MHz in OC Mode\n1531 MHz in Gaming Mode', ' 7680 x 4320', ' 1 x DisplayPort 1.4', ' 2 x Dual-link DVI-D', 'GV-N1060IXOC-6GD']]"
9SIAPMXJME1121,MSI GeForce GTX 1080 8GB GDDR5X PCI Express 3.0 x16 SLI Support ATX Video Card GTX 1080 ARMOR 8G OC,MSI,4.2,42.0,299.0,0,https://c1.neweggimages.com/ProductImageCompressAll300/14-127-945-S99.jpg,"[[' 1657 MHz', ' 7680 x 4320', ' 3 x DisplayPort 1.4', ' 1 x DL-DVI-D', 'GTX 1080 ARMOR 8G OC']]"
9SIAPMXJJH2706,"GIGABYTE Radeon RX 6900 XT GAMING OC Video Card, GV-R69XTGAMING OC-16GD",GIGABYTE,4.3,63.0,749.97,0,https://c1.neweggimages.com/ProductImageCompressAll300/14-932-414-V09.jpg,"[[' 7680 x 4320', ' 2 x DisplayPort 1.4a', ' 2 x HDMI 2.1', ' 11.26"" x 4.65""', 'GV-R69XTGAMINGOC16GD']]"
9SIAPMXJMG1736,MSI GeForce RTX 2080 8GB GDDR6 PCI Express 3.0 x16 SLI Support Video Card RTX 2080 VENTUS 8G,MSI,4.4,47.0,429.44,0,https://c1.neweggimages.com/ProductImageCompressAll300/14-137-375-V06.jpg,"[[' 1515 MHz', ' 7680 x 4320', ' 3 x DisplayPort 1.4', ' 1 x HDMI 2.0b', 'RTX 2080 VENTUS 8G']]"
9SIAPMXJMC1673,MSI GeForce GTX 1060 6GB GDDR5 PCI Express 3.0 x16 ATX Video Card GTX 1060 6G OCV1,MSI,3.7,18.0,189.99,0,https://c1.neweggimages.com/ProductImageCompressAll300/14-137-095-S99.jpg,"[[' 1544 MHz', ' 1 x DisplayPort 1.4', ' 1 x DL-DVI-D', ' 1 x HDMI 2.0', 'GTX 1060 6GOCV1']]"
9SIAPMXJJK9099,GIGABYTE GeForce GTX 1080 8GB GDDR5X PCI Express 3.0 x16 SLI Support ATX Turbo OC Video Card GV-N1080TTOC-8GD,GIGABYTE,3.5,32.0,210.45,0,https://c1.neweggimages.com/ProductImageCompressAll300/14-125-908-S99.jpg,"[[' 1657 MHz (OC Mode)\n1632 MHz (Gaming Mode)', ' 7680 x 4320', ' 3 x DisplayPort 1.4', ' 1 x Dual-Link DVI-D', 'GV-N1080TTOC-8GD']]"
9SIAPMXJJH8227,"GIGABYTE Radeon RX 590 Gaming 8G Graphics Card, 2 x WINDFORCE Fans, 8GB 256-Bit GDDR5, GV-RX590GAMING-8GD Video Card",GIGABYTE,3.9,26.0,,0,https://c1.neweggimages.com/ProductImageCompressAll300/14-932-141-Z01.jpg,"[[' OC mode: 1560 MHz\nGaming mode: 1545 MHz', ' 7680 x 4320', ' 3 x DisplayPort', ' 1 x Dual-link DVI-D', 'GV-RX590GAMING-8GD']]"
9SIAPMXJMC1553,MSI GeForce GTX 1060 6GB GDDR5 PCI Express 3.0 x16 ATX Video Card GTX 1060 6GT OCV1,MSI,3.9,38.0,160.89,0,https://c1.neweggimages.com/ProductImageCompressAll300/14-137-053-S99.jpg,"[[' 1544 MHz', ' 1 x DisplayPort 1.4', ' 1 x DL-DVI-D', ' 1 x HDMI 2.0', 'GTX 1060 6GT OCV1']]"
9SIAPMXJMC0153,MSI GeForce GTX 1060 3GB GDDR5 PCI Express 3.0 x16 ATX Video Card GTX 1060 3GT OC,MSI,4,29.0,126.95,0,https://c1.neweggimages.com/ProductImageCompressAll300/14-137-037-S99.jpg,"[[' 1544 MHz', ' 1 x DisplayPort 1.4', ' 1 x DL-DVI-D', ' 1 x HDMI 2.0', 'GTX 1060 3GT OC']]"
9SIAPMXJJK8405,GIGABYTE GeForce GTX 1080 8GB GDDR5X PCI Express 3.0 x16 SLI Support ATX Video Card GV-N1080WF3OC-8GD,GIGABYTE,4.1,84.0,174.99,0,https://c1.neweggimages.com/ProductImageCompressAll300/14-125-880-S99.jpg,"[[' OC Mode: 1657 MHz\nGaming Mode: 1632 MHz', ' 7680 x 4320', ' 3 x DisplayPort 1.4', ' 1 x Dual-Link DVI-D', 'GV-N1080WF3OC-8GD']]"
9SIAPMXJMC1666,MSI GeForce GTX 1060 6GB GDDR5 PCI Express 3.0 x16 ATX Video Card GTX 1060 ARMOR 6G OC,MSI,4.2,9.0,161.95,0,https://c1.neweggimages.com/ProductImageCompressAll300/14-127-964-S99.jpg,"[[' 1544 MHz', ' 7680 x 4320', ' 3 x DisplayPort 1.4', ' 1 x DL-DVI-D', 'GTX 1060 ARMOR 6G OC']]"
9SIAPMXJCB8997,MSI GeForce GTX 1070 Ti 8GB GDDR5 PCI Express 3.0 x16 SLI Support Video Card GTX 1070 Ti DUKE 8G,MSI,4.7,49.0,192.01,0,https://c1.neweggimages.com/ProductImageCompressAll300/14-137-258-V01.jpg,"[[' 1607 MHz', ' 3 x DisplayPort 1.4', ' 1 x DL-DVI-D', ' 1 x HDMI 2.0', 'GTX 1070 Ti DUKE 8G']]"
9SIAPMXJKW6439,MSI GeForce GTX 980 4GB GDDR5 SLI Support ATX Video Card GTX 980 GAMING 4G LE,MSI,4.2,6.0,157.54,0,https://c1.neweggimages.com/ProductImageCompressAll300/14-127-840-16.jpg,"[[' 1152 MHz', ' 3 x DisplayPort', ' 1 x DL-DVI-I', ' 1 x HDMI', 'GTX 980 GAMING 4G LE']]"
9SIAPMXJME1251,MSI GeForce GTX 1080 8GB GDDR5X PCI Express 3.0 x16 SLI Support Video Card GeForce GTX 1080 DUKE 8G,MSI,4.5,12.0,299.99,0,https://c1.neweggimages.com/ProductImageCompressAll300/14-137-307-V01.jpg,"[[' 1708 MHz', ' 7680 x 4320', ' 3 x DisplayPort 1.4', ' 1 x DL-DVI-D', 'GeForceGTX1080DUKE8G']]"
9SIB1PGJV40565,XFX BLACK Edition Radeon R9 390 8GB GDDR5 PCI Express 3.0 CrossFireX Support Video Card R9-390P-8286,XFX,4.3,52.0,340.0,0,https://c1.neweggimages.com/ProductImageCompressAll300/14-150-728-11.jpg,"[[' 1050 MHz', ' ANALOG: 2048 x 1536\r\nDIGITAL: 2560 x 1600 (DVI); 4096 x 2160 (HDMI; DP)', ' 1 x DisplayPort', ' 2 x DL-DVI-D', 'R9-390P-8286']]"
9SIAPMXJMC2348,MSI GeForce GTX 1070 8GB GDDR5 PCI Express 3.0 x16 SLI Support ATX Video Card GTX 1070 ARMOR 8G OC,MSI,4.6,55.0,163.11,0,https://c1.neweggimages.com/ProductImageCompressAll300/14-127-951-S99.jpg,"[[' 1556 MHz', ' 3 x DisplayPort 1.4', ' 1 x DL-DVI-D', ' 1 x HDMI 2.0', 'GTX 1070 ARMOR 8G OC']]"
9SIAPMXJJH8611,"GIGABYTE GeForce GTX 970 4GB G1 GAMING OC EDITION, GV-N970G1 GAMING-4GD",GIGABYTE,3.8,485.0,162.78,0,https://c1.neweggimages.com/ProductImageCompressAll300/14-125-684-09.jpg,"[[' 1178 MHz in Gaming Mode\n1203 MHz in OC Mode', ' Digital: 4096 x 2160\nAnalog: 2048 x 1536', ' 3 x DisplayPort', ' 1 x Dual-link DVI-I\n1 x Dual-link DVI-D', 'GV-N970G1 GAMING-4GD']]"
9SIAPMXJMG1744,MSI GeForce RTX 2080 8GB GDDR6 PCI Express 3.0 x16 SLI Support Video Card RTX 2080 VENTUS 8G OC,MSI,4.7,31.0,359.39,0,https://c1.neweggimages.com/ProductImageCompressAll300/14-137-350-V07.jpg,"[[' 1515 MHz', ' 7680 x 4320', ' 3 x DisplayPort 1.4', ' 1 x HDMI 2.0b', 'RTX2080 VENTUS 8GOC']]"
9SIAPMXJME0173,MSI GeForce GTX 1080 Ti 11GB GDDR5X PCI Express 3.0 x16 SLI Support Video Card GTX 1080 Ti DUKE 11G OC,MSI,3.9,49.0,355.01,0,https://c1.neweggimages.com/ProductImageCompressAll300/14-137-142-Z01.jpg,"[[' 1531 MHz', ' 2 x DisplayPort', ' 1 x DL-DVI-D', ' 2 x HDMI', 'GTX 1080TiDUKE11G OC']]"
9SIAPMXJMG1989,MSI GeForce RTX 2080 8GB GDDR6 PCI Express 3.0 x16 SLI Support Video Card RTX 2080 AERO 8G,MSI,5,2.0,499.99,0,https://c1.neweggimages.com/ProductImageCompressAll300/14-137-349-V05.jpg,"[[' 1515 MHz', ' 7680 x 4320', ' 3 x DisplayPort 1.4', ' 1 x HDMI 2.0b', 'RTX 2080 AERO 8G']]"
9SIAPMXJJH8501,GIGABYTE GeForce GTX 980 Ti 6GB GDDR5 PCI Express 3.0 ATX Video Card GV-N98TD5-6GD-B,GIGABYTE,4.5,13.0,230.36,0,https://c1.neweggimages.com/ProductImageCompressAll300/14-125-786-04.jpg,"[[' 3 x DisplayPort', ' 1 x Dual-Link DVI-I', ' 1 x HDMI', ' NVIDIA', 'GV-N98TD5-6GD-B']]"
9SIAPMXJJK5548,GIGABYTE GeForce GTX 1060 3GB GDDR5 PCI Express 3.0 x16 ATX Video Card GV-N1060G1 GAMING-3GD 2.0,GIGABYTE,3.7,18.0,179.99,0,https://c1.neweggimages.com/ProductImageCompressAll300/14-125-902-S99.jpg,"[[' 1620 MHz (OC Mode)\n1594 MHz (Gaming Mode)', ' 7680 x 4320', ' 3 x DisplayPort 1.4', ' 1 x Dual-Link DVI-D', 'GV-N1060G1GAMING-3GD']]"
9SIAPMXJJM0408,GIGABYTE AORUS GeForce GTX 1080 Ti 11GB GDDR5X PCI Express 3.0 x16 SLI Support ATX Xtreme Edition Video Card GV-N108TAORUS X-11GD,GIGABYTE,3.7,131.0,340.52,0,https://c1.neweggimages.com/ProductImageCompressAll300/14-125-953-Z01.jpg,"[[' OC Mode: 1632 MHz\nGaming Mode: 1607 MHz', ' 7680 x 4320', ' 3 x DisplayPort 1.4', ' 1 x Dual-Link DVI-D', 'GV-N108TAORUS X-11GD']]"
9SIAPMXJJV5263,GIGABYTE GeForce RTX 2070 SUPER 8GB GDDR6 PCI Express 3.0 x16 SLI Support ATX Video Card GV-N207SWF3-8GD,GIGABYTE,4,8.0,347.27,0,https://c1.neweggimages.com/ProductImageCompressAll300/14-932-325-V01.jpg,"[[' 1770 MHz', ' 7680x4320@60Hz', ' 3 x DisplayPort 1.4', ' 1 x HDMI 2.0b', 'GV-N207SWF3-8GD']]"
9SIBK8UJT87488,BR GTX 1060 6GB 192Bit GDDR5 GPU Video Card VGA For Gefore Games Garphics Computer Desktop Gaming PC,,,,166.9,0,https://c1.neweggimages.com/ProductImageCompressAll300/BK8US23042412BI491B.jpg,"[[' 1506 MHz', ' 1 x DisplayPort', ' 1 x DVI', ' 1 x HDMI', 'BR GTX 1060 6GB', '9SIBK8UJT87488']]"
9SIBGFDJRN5041,"ASUS ATS NVIDIA Strix GeForce RTX3060Ti OC Edition Gaming Graphics Card - PCIe 4.0, 8GB GDDR6X Memory, HDMI 2.1, DisplayPort 1.4a Video Card(ATS-RXT3060TI-08GD6X-GAMING-V2)",ASUS,,,613.99,$46.00 Shipping,https://c1.neweggimages.com/ProductImageCompressAll300/BGFDS2304070WQQZL87.jpg,"[[' Triple Fans', 'ATS-RXT3060TI-08GD6X-GAMING-V2', '9SIBGFDJRN5041']]"
9SIAPMXJJK5451,GIGABYTE GeForce GTX 1060 Mini ITX OC 3GB GV-N1060IXOC-3GD Video Card,GIGABYTE,3.9,23.0,138.97,0,https://c1.neweggimages.com/ProductImageCompressAll300/14-125-905-S99.jpg,"[[' 1556 MHz in OC Mode\n1531 MHz in Gaming Mode', ' 7680 x 4320', ' 1 x DisplayPort', ' 1 x Dual-Link DVI-D + DVI-D (iron case)', 'GV-N1060IXOC-3GD']]"
9SIAPMXJCB9343,ASUS GeForce GTX 1060 3GB Phoenix Fan Edition VR Ready HDMI DP DVI Graphics Card (PH-GTX1060-3G),ASUS,4.4,17.0,410.0,0,https://c1.neweggimages.com/ProductImageCompressAll300/14-126-208-V01.jpg,"[[' 1506 MHz', ' 7680 x 4320', ' 2 x DisplayPort 1.4', ' 1 x DVI-D', 'PH-GTX1060-3G']]"
9SIAPMXJJV2360,"GIGABYTE AORUS GeForce RTX 2060 XTREME 6G Graphics Card, 3 x Stacked WINDFORCE Fans, 6GB 192-Bit GDDR6, GV-N2060AORUS X-6GC REV2.0 Video Card",GIGABYTE,4.3,22.0,292.97,0,https://c1.neweggimages.com/ProductImageCompressAll300/14-932-116-S01.jpg,"[[' 1845 MHz', ' 7680 x 4320 @ 60 Hz', ' 3 x DisplayPort 1.4', ' 1 x HDMI 2.0b', 'GVN2060AORUSX6GCREV2']]"
9SIBF9VJKF7921,MSI GeForce RTX 2080 Ti 11GB GDDR6 PCI Express 3.0 x16 SLI Support ATX Video Card RTX 2080 Ti AERO 11G,MSI,,,310.0,$45.00 Shipping,https://c1.neweggimages.com/ProductImageCompressAll300/AN0MS2008244q8tp.jpg,"[[' 1350 MHz', ' 2 x DisplayPort 1.4', ' 1 x HDMI 2.0b', ' 10.55"" x 4.49""', 'RTX2080Ti AERO 11G-S']]"
9SIAPMXJJM0457,GIGABYTE GeForce GTX 1080 Ti FE 11GB GDDR5X PCI Express 3.0 ATX Video Card GV-N108TD5X-B,GIGABYTE,4.6,18.0,349.99,0,https://c1.neweggimages.com/ProductImageCompressAll300/14-125-950-S99.jpg,"[[' 1480 MHz', ' 3 x DisplayPort', ' 1 x HDMI', ' 10.50"" x 4.38""', 'GV-N108TD5X-B']]"
9SIBDCAJU63580,ZOTAC GAMING GeForce RTX 3050 Solo (ZT-A30500G-10L) Gaming  Graphics Card,ZOTAC,,,449.99,0,https://c1.neweggimages.com/ProductImageCompressAll300/BDCAS23050608985V9D.jpg,"[['ZT-A30500G-10L', '9SIBDCAJU63580']]"
9SIAYE8JRZ7058,MSI GT 1030 2GD4 LP OC Computer Graphics Cards,MSI,,,128.5,0,https://c1.neweggimages.com/ProductImageCompressAll300/A73MS210811SsnzC.jpg,"[[' 1189 MHz', ' 1 x DisplayPort 1.4a', ' 1 x HDMI 2.0b', ' 5.91"" x 2.72""', 'GGT 1030 2GD4 LP OC', '9SIAYE8JRZ7058']]"
9SIBK8UJYH8329,BR GTX 1660 Super 6GB Graphics Card 1660S GDDR6 VGA HDMI VIDEO GPU 192Bit GAMING PC Computer,,,,169.9,0,https://c1.neweggimages.com/ProductImageCompressAll300/BK8US2306090DREH99E.jpg,"[[' 1530 MHz', ' 4096 x 2160', ' 3 x DisplayPort 1.4', ' 1 x HDMI 2.0', 'BR GTX 1660S 6G', '9SIBK8UJYH8329']]"
9SIBK8UJYH8330,BR RTX 2060 Super 8GB VIDEO Graphic Card RTX2060S GDDR6 VGA HDMI GPU 256Bit GAMING PC Computer,,,,219.9,0,https://c1.neweggimages.com/ProductImageCompressAll300/BK8US2306090DU13F17.jpg,"[[' 1366 MHz', ' 4096 x 2160', ' 1 x DisplayPort', ' 1 x DVI', 'BR RTX 2060S 8G', '9SIBK8UJYH8330']]"
9SIBBN9JEB9095,"PNY Geforce RTX 3060 Revel Epic-X 12GB GDDR6 VDCRD,RTX3060,12GB,DUALFAN,XLR8,RGB Video Graphic Card GPU","PNY Technologies, Inc.",,,399.53,0,https://c1.neweggimages.com/ProductImageCompressAll300/ADFRS22102600O6ER9C.jpg,"[[' 1320 MHz', ' 3 x DisplayPort 1.4a', ' 1 x HDMI 2.1', ' DirectX 12 Ultimate', 'VCG306012DFXPPB-R', '9SIBBN9JEB9095']]"
9SIBM6CJXK1340,"SAPLOS Radeon HD 7670 Computer Graphics Card, 2GB, GDDR3, 128 Bit, VGA HDMI DVI-D, Entry Level GPU, Video Card for PC, PCI Express x 16, 60W Low Power, Single Fan Air Cooling, DirectX 11",SAPLOS,,,105.99,0,https://c1.neweggimages.com/ProductImageCompressAll300/BM6CD2305310ZD1RT49.jpg,"[['922387456891', '9SIBM6CJXK1340']]"
9SIBM6CJXD7464,"SAPLOS Radeon HD 6570 Graphics Card, Dual HDMI, 1G GDDR3 64-bit, Video Cards PC, Low Profile, Computer GPU, PCI Express x 16, 60W Low Power, Plug & Play, Single Fan Air Cooling",SAPLOS,,,105.99,Special Shipping,https://c1.neweggimages.com/ProductImageCompressAll300/BM6CD2305300R7SCQ47.jpg,"[['907415607803', '9SIBM6CJXD7464']]"
9SIBDCAJS89757,INNO3D GEFORCE RTX 4070 TWIN X2 12GB/2535MHz/25cm E-sports game graphics card,Inno3D,,,999.0,0,https://c1.neweggimages.com/ProductImageCompressAll300/BDCAS23041305B43UDD.jpg,"[['INNO3D GEFORCE RTX 4070 TWIN X2', '9SIBDCAJS89757']]"
9SIBKUMK047049,SRhonyra GeForce GT 1030 Graphics Card 2G 64Bit GDDR5 PCIE 3.0 4X Compatible 8X16X HDMI DP DirectX 12 GPU Computer Gaming Graphics Card Video Card Desktop GPU Support 4K,SRhonyra,,,173.99,Special Shipping,https://c1.neweggimages.com/ProductImageCompressAll300/BKUMD23070117XFIA53.jpg,"[['958154622206', '9SIBKUMK047049']]"
9SIBKUMK046137,"SAPLOS Radeon RX 550 Low Profile Graphics Card, 4GB, GDDR5, 128-bit, VGA DVI-D HDMI, Video Card for PC Gaming, 4K Display, Computer GPU, for Desktop SFF Small Form Factor, DirectX 12, Low Power",SAPLOS,,,187.99,Special Shipping,https://c1.neweggimages.com/ProductImageCompressAll300/BKUMD2307011401E74C.jpg,"[['958154601317', '9SIBKUMK046137']]"
,"GIGABYTE Gaming OC Radeon RX 6750 XT Video Card GV-R675XTGAMING OC-12GD and MSI G273CQ 27"" QHD 2560 x 1440 (2K) 1ms (MPRT) / 4ms (GTG) 170 Hz FreeSync Premium Curved Gaming Monitor",,,,619.98,,https://c1.neweggimages.com/ProductImageCompressAll300/combo4553672.jpg,[]
9SIAT8UJS51332,ZOTAC GAMING GeForce RTX 3090 AMP Extreme Holo 24GB GDDR6X PCI Express 4.0 SLI Support Video Cards ZT-A30900B-10P,ZOTAC,,,1090.0,Special Shipping,https://c1.neweggimages.com/ProductImageCompressAll300/14-500-536-01.jpg,"[[' 7680 x 4320', ' 3 x DisplayPort 1.4a', ' 1 x HDMI 2.1', ' 14.00"" x 5.70""', 'ZT-A30900B-10P']]"
9SIAPMXJC07288,MSI Radeon RX 5600 XT 6GB GDDR6 PCI Express 4.0 Video Card RX 5600 XT GAMING MX,MSI,4.6,99.0,180.5,0,https://c1.neweggimages.com/ProductImageCompressAll300/14-137-571-V01.jpg,"[[' 1280 MHz', ' 7680 x 4320', ' 3 x DisplayPort 1.4', ' 1 x HDMI 2.0b', 'RX 5600 XT GAMING MX']]"
9SIAPMXJJH8478,"GIGABYTE GeForce GTX 980 4GB G1 GAMING OC EDITION, GV-N980G1 GAMING-4GD",GIGABYTE,4.4,81.0,183.54,0,https://c1.neweggimages.com/ProductImageCompressAll300/14-125-682-11.jpg,"[[' 1253 MHz in OC Mode\n1228 MHz in Gaming Mode', ' 4096 x 2160', ' 3 x DisplayPort', ' 1 x Dual-link DVI-I\n1 x DVI-D', 'GV-N980G1 GAMING-4GD']]"
9SIAPMXJME1258,MSI GAMING GeFroce GTX 1080 Ti 11GB GDRR5X DirectX 12 352-bit VR Ready Graphics Card (GTX 1080 TI GAMING X 11G),MSI,1,1.0,349.99,0,https://c1.neweggimages.com/ProductImageCompressAll300/A73M_131792233311047575OvMxwhXCNc.jpg,"[[' 1569 MHz (OC Mode) 1544 MHz (Gaming Mode) 1480 MHz (Silent Mode)', ' 2 x DisplayPort 1.4', ' 1 x DVI', ' 2 x HDMI 2.0', 'M-GTX 1080 TI GAMING']]"
9SIAPMXJJK5338,"GIGABYTE AORUS GeForce GTX 1060 6G REV 2.0, GV-N1060AORUS-6GD R2",GIGABYTE,4.2,17.0,179.99,0,https://c1.neweggimages.com/ProductImageCompressAll300/14-125-971-Z01.jpg,"[[' 1632 MHz in OC mode\n1607 MHz in Gaming mode', ' 7680 x 4320', ' 3 x DisplayPort 1.4', ' 1 x Dual-link DVI-D', 'GV-N1060AORUS-6GD R2']]"
9SIAPMXJCB7145,XFX Radeon RX 5600 XT RX-56XT6DF46 Video Card THICC II PRO-14GBPS 6GB BOOST UP TO 1620M D6  3xDP HDMI,XFX,4.1,11.0,199.99,0,https://c1.neweggimages.com/ProductImageCompressAll300/14-150-835-S01.jpg,"[[' 7680 x 4320', ' 3 x DisplayPort 1.4', ' 1 x HDMI 2.0b', ' 11.02"" x 5.83""', 'RX-56XT6DF46']]"
9SIAPMXJJW5384,GIGABYTE Vision GeForce RTX 3070 8GB GDDR6 PCI Express 4.0 ATX Video Card GV-N3070VISION OC-8GD (rev. 2.0),GIGABYTE,5,1.0,529.99,0,https://c1.neweggimages.com/ProductImageCompressAll300/AYTVD210902J99MW.jpg,[['LHR-7']]
9SIBDCAJU65003,"ZOTAC GAMING GeForce RTX 3060 Ti GDDR6X Twin Edge White Editio, gaming graphics card",ZOTAC,,,799.99,0,https://c1.neweggimages.com/ProductImageCompressAll300/BDCAS2305060C81FG36.jpg,"[['ZT-A30620J-10P', '9SIBDCAJU65003']]"
9SIBMWJJWP6758,ASUS TUF Gaming X3 GeForce GTX 1660 SUPER 6GB GDDR6 PCI Express 3.0 Video Card TUF 3-GTX1660S-O6G-GAMING,ASUS,4.9,12.0,266.33,$49.99 Shipping,https://c1.neweggimages.com/ProductImageCompressAll300/14-126-384-V09.jpg,"[[' 1530 MHz', ' 7680 x 4320', ' 1 x DisplayPort 1.4', ' 1 x DVI-D', '90YV0DS0-M0NA00']]"
9SIBMWJJXN0281,"Sapphire Radeon NITRO+ RX 590 8GB GDDR5 PCI-E Dual HDMI / DVI-D / Dual DP OC w/ Backplate SPECIAL EDITION (UEFI), 100415NT+8GSEL",Sapphire Tech,4.1,71.0,355.95,$49.99 Shipping,https://c1.neweggimages.com/ProductImageCompressAll300/14-202-327-V05.jpg,"[[' DisplayPort: 5120 x 2880 @ 60 Hz\nHDMI: 4096 x 2160 @ 60 Hz\nDL-DVI-D: 2560 x 1600 @ 60 Hz', ' 2 x DisplayPort 1.4', ' 1 x DL-DVI-D', ' 2 x HDMI 2.0b', '100415NT+8GSEL']]"
9SIBMWJJWB4743,ASUS Dual GeForce RTX 3060 Ti 8GB GDDR6 PCI Express 4.0 Video Card DUAL-RTX3060TI-O8G-MINI,ASUS,,,460.49,$49.99 Shipping,https://c1.neweggimages.com/ProductImageCompressAll300/14-126-505-01.jpg,"[[' 7680 x 4320', ' 3 x DisplayPort 1.4a', ' 1 x HDMI 2.1', ' 7.87"" x 4.84""', 'DUAL-RTX3060TI-O8G-M']]"
9SIBBN9JJ92290,PNY GeForce GTX 1650 DUAL 4GB GDDR6 VCG16504D6DFPPB Video Graphic Card GPU,"PNY Technologies, Inc.",,,199.67,0,https://c1.neweggimages.com/ProductImageCompressAll300/ADFRD22042713N94L28.jpg,"[[' 1 x DisplayPort', ' 1 x HDMI', ' NVIDIA', ' NVIDIA GeForce GTX 16 Series', 'VCG16504D6DFPPB-R', '9SIBBN9JJ92290']]"
9SIBKUMK046476,"ZER-LON GeForce GT 1030 Graphics Card, 4GB 64Bit GDDR4, PCIe 3.0 x4, HDMI/DVI-D, DirectX 12, GPU Boost 3.0, Computer Gaming Video Card, Desktop GPU, Support 4K",,,,187.99,Special Shipping,https://c1.neweggimages.com/ProductImageCompressAll300/BKUMD23070115DGG863.jpg,"[['958154609160', '9SIBKUMK046476']]"
9SIBDCAJTZ3513,Inno3D iChill Geforce RTX 4070 Ti x3 NVIDIA 12GB GDDR6X Graphics Card,Inno3D,,,1199.0,0,https://c1.neweggimages.com/ProductImageCompressAll300/A4YUD2302230Z1AQUA2.jpg,"[['C407T3-126XX-186148H', '9SIBDCAJTZ3513']]"
9SIBGFDJMN4453,Asus Ats-Rtx3070-O8g-Gaming Megalodon Shark Series 61MH hash (MINER),ASUS,,,753.99,$46.00 Shipping,https://c1.neweggimages.com/ProductImageCompressAll300/BGFDS23030505S81KDF.jpg,"[[' Triple Fans', 'ATS-RTX3070-O8G-GAMING']]"
9SIBDCAJGV9765,INNO3D GEFORCE RTX 4070 Ti X3 2610MHz/29.7cm three-fan gaming graphics card,Inno3D,,,1399.0,0,https://c1.neweggimages.com/ProductImageCompressAll300/BDCAS2301050H1NKK28.jpg,"[['INNO3D GEFORCE RTX 4070 Ti X3', '9SIBDCAJGV9765']]"
9SIBKUMK051151,"Vbestlife RX580 Graphics Card, 8G GDDR5 256bit Graphics Card 1244MHz 14000MHz Frequency for RX580 8G, with HDMI DP Interface Dual Fan Graphics Card for PC Computer",,,,201.99,Special Shipping,https://c1.neweggimages.com/ProductImageCompressAll300/BKUMD2307020G4U4961.jpg,"[['958154613747', '9SIBKUMK051151']]"
9SIBMWJJXU6698,"GIGABYTE Radeon RX 5700 XT GAMING OC 8G Graphics Card, PCIe 4.0, 8GB 256-Bit GDDR6, GV-R57XTGAMING OC-8GD Video Card",GIGABYTE,3.4,281.0,464.45,$49.99 Shipping,https://c1.neweggimages.com/ProductImageCompressAll300/14-932-208-V10.jpg,"[[' 1650 MHz', ' 7680 x 4320 @ 60 Hz', ' 3 x DisplayPort 1.4', ' 1 x HDMI 2.0b', 'GV-R57XTGAMINGOC-8GD']]"
,"GIGABYTE Gaming GeForce RTX 4090 Video Card GV-N4090GAMING OC-24GD and GIGABYTE 27"" 170Hz IPS 1440P KVM Gaming Monitor 0.5ms FreeSync Premium 2560 x 1440 SS 92% DCI P3 HDR Ready 1x DisplayPort 1.2 2x HDMI 2.0 2x USB 3.0 1x USB Type-C Height",,,,1983.99,,https://c1.neweggimages.com/ProductImageCompressAll300/combo4553546.jpg,[]
,"GIGABYTE Gaming GeForce RTX 4090 Video Card GV-N4090GAMING OC-24GD and MSI Optix G274QRFW 27"" WQHD 2560 x 1440 (2K) IPS 170Hz HDMI DisplayPort Audio FreeSync Premium G-Sync Compatible Gaming Monitor",,,,1978.99,,https://c1.neweggimages.com/ProductImageCompressAll300/combo4553705.jpg,[]
,Intel Core i7-12700K - Core i7 12th Gen Alder Lake 12-Core (8P+4E) 3.6 GHz LGA 1700 125W Intel UHD Graphics 770 Desktop Processor - BX8071512700K and Intel Arc A750 Limited Edition 8GB PCI Express 4.0 Graphics Card 21P02J00BA,,,,464.98,,https://c1.neweggimages.com/ProductImageCompressAll300/combo4552947.jpg,[]
,"GIGABYTE Gaming GeForce RTX 4090 Video Card GV-N4090GAMING OC-24GD and LG UltraGear 27"" (26.5"" Viewable) 240Hz OLED 2K Gaming Monitor 0.03ms FreeSync Premium G-Sync Compatible QHD 2560 x 1440 Flat Panel 27GR95QE-B",,,,2683.99,,https://c1.neweggimages.com/ProductImageCompressAll300/combo4553547.jpg,[]
9SIAPMXJJH5377,MSI Radeon RX 6700 XT 12GB GDDR6 PCI Express 4.0 Video Card RX 6700 XT 12G,MSI,,,,0,https://c1.neweggimages.com/ProductImageCompressAll300/14-137-643-V01.jpg,"[[' 7680 x 4320', ' 3 x DisplayPort 1.4', ' 1 x HDMI 2.1', ' 10.50"" x 4.34""', 'Radeon RX 6700 XT 12']]"
9SIAPMXJJK7550,"GIGABYTE GeForce GTX 1070 Founders Edition GV-N1070D5-8GD-B, GBT GTX1070 Founders",GIGABYTE,4.6,34.0,232.02,0,https://c1.neweggimages.com/ProductImageCompressAll300/14-125-870-S99.jpg,"[[' 1506 MHz', ' 7680 x 4320', ' 3 x DisplayPort 1.4', ' 1 x Dual-link DVI-D', 'GBT GTX1070 Founders']]"
9SIAPMXJJH8489,"GIGABYTE GeForce GTX 980 4GB WINDFORCE 3X OC EDITION, GV-N980WF3OC-4GD",GIGABYTE,4.1,14.0,206.49,0,https://c1.neweggimages.com/ProductImageCompressAll300/14-125-696-09.jpg,"[[' 1203 MHz in OC Mode\n1178 MHz in Gaming Mode', ' Digital: 4096 x 2160\nAnalog: 2048 x 1536', ' 3 x DisplayPort', ' 1 x Dual-link DVI-I\n1 x Dual-link DVI-D', 'GV-N980WF3OC-4GD']]"
9SIAWFGJT46788,"XFX RX 5700 XT Thicc III 8GB GDDR6 3xDP HDMI PCI-Express 4.0 Graphics Card RX-57XT8TFD8 VR Ready, Ultra HD and Multi-Monitor Support",XFX,4.5,12.0,459.98,0,https://c1.neweggimages.com/ProductImageCompressAll300/AD2CS200317ShrTv.jpg,"[[' 1670 MHz', ' AMD', ' AMD Radeon RX 5700 Series', ' 1925 MHz', 'RX-57XT8TFD8']]"
9SIARA8JY37776,ASUS GeForce GTX 970 4GB GDDR5 PCI Express 3.0 SLI Support Video Card TURBO-GTX970-OC-4GD5,ASUS,3.7,66.0,126.98,0,https://c1.neweggimages.com/ProductImageCompressAll300/14-121-926-08.jpg,"[[' 1088 MHz', ' 4096 x 2160', ' 1 x DisplayPort', ' 1 x DVI-I\n1 x DVI-D', 'TURBO-GTX970-OC-4GD5']]"
9SIAT8UJMF6083,MSI Radeon HD 6870 1GB GDDR5 PCI Express 2.1 x16 CrossFireX Support Video Card with Eyefinity R6870 Twin Frozr II,MSI,4.3,76.0,98.88,0,https://c1.neweggimages.com/ProductImageCompressAll300/14-127-545-02.jpg,"[[' 900 MHz', ' 2560 x 1600', ' 2 x Mini DisplayPort', ' 2 x DVI (1 Single Link, 1 Dual Link)', 'R6870 Twin Frozr II']]"
9SIBM6CJZ04267,ZOTAC GeForce GT 710 2GB DDR3 PCI-E2.0 DL-DVI VGA HDMI Passive Cooled Single Slot Low Profile Graphics Card (ZT-71302-20L),ZOTAC,,,105.99,Special Shipping,https://c1.neweggimages.com/ProductImageCompressAll300/BM6CD2306150HXNXK0F.jpg,"[['948156615672', '9SIBM6CJZ04267']]"
9SIBBN9JKS8884,SAPPHIRE PULSE Radeon RX 6500 XT 4GB GDDR6 Video Card 11314-01-20G,,,,239.95,0,https://c1.neweggimages.com/ProductImageCompressAll300/AKANS2201196Rnig.jpg,"[['11314-01-20G', '9SIBBN9JKS8884']]"
9SIBBN9JRT5695,"PNY GeForce RTX 3060 12GB VERTO Graphics Card DIY Computer Accessories,VCG306012DFBPB1","PNY Technologies, Inc.",,,379.97,0,https://c1.neweggimages.com/ProductImageCompressAll300/BDCAS23011005LDXK47.jpg,[['PNY VCG306012DFBPB1']]
9SIBMWJJXN0279,Sapphire Technology 11289-06-20G Radeon Pulse RX 590 8GB GDDR5 Dual HDMI/ DVI-D/ Dual DP w/ Backplate (UEFI) PCI-E Graphic Cards VIdeo GPU Card,Sapphire Tech,,,346.59,$49.99 Shipping,https://c1.neweggimages.com/ProductImageCompressAll300/A8X5_132043949258647327y5TpSAsdVt.jpg,[['11289-06-20G']]
9SIBGFDJEB1018,MSI Gaming GeForce RTX 3090 Ti 24GB GDDR6X PCI Express 4.0 SLI Support ATX Video Card RTX 3090 TI GAMING X TRIO 24G Graphics Cards,MSI,,,2187.88,$64.00 Shipping,https://c1.neweggimages.com/ProductImageCompressAll300/AVH0S22040917MBDIC4.jpg,[['3090 TI GAMING X TRIO 24G']]
9SIBDCAJNC3660,PNY XLR8 MAKO RGB DDR5 6000MHz 16GB/32GB(16Gx2) desktop computer memory/Desktop Computer Accessories,"PNY Technologies, Inc.",,,229.9,0,https://c1.neweggimages.com/ProductImageCompressAll300/BDCAS2303180JBMPFE9.jpg,"[['PNY XLR8 MAKO RGB DDR5 6000MHz', '9SIBDCAJNC3660']]"
9SIBDCAJN48958,INNO3D GEFORCE RTX 4070 Ti X3 OC 2640MHz/GDDR6X/29.7cm three-fan gaming graphics card,Inno3D,,,1499.0,0,https://c1.neweggimages.com/ProductImageCompressAll300/BDCAS2303140JRZ5I60.jpg,"[['INNO3D GEFORCE RTX 4070 Ti X3 OC', '9SIBDCAJN48958']]"
9SIAXK8JPY7470,"GEFORCE GT 710 2GB Video Graphics Card GPU, Support DirectX 12 OpenGl 4.5, Low Profile, Low Consumption, VGA, DVI-D, HDMI, HDCP, Silent Passive Fanless Cooling System",MAXSUN,,,148.7,0,https://c1.neweggimages.com/ProductImageCompressAll300/AM9MS211206DRbyo.jpg,"[['CA-SHWS269', '9SIAXK8JPY7470']]"
9SIBKMGJZV0153,"ASUS ProArt GeForce RTX 4080 16GB OC overclocked GDDR6X graphics card offers an elegant and minimalist style, providing creators with excellent graphics performance
ASUS ProArt-RTX4080-O16G",ASUS,,,2188.99,0,https://c1.neweggimages.com/ProductImageCompressAll300/BDCAS2306150GVE1F3C.jpg,[['ASUS PROART-RTX4080-O16G']]
9SIBDCAK0A8152,INNO3D GEFORCE RTX 4060 Ti 16GB TWIN X2 game graphics card,Inno3D,,,799.99,0,https://c1.neweggimages.com/ProductImageCompressAll300/BDCAS2307050JU8V93C.jpg,"[['INNO3D GEFORCE RTX 4060 Ti 16GB TWIN X2', '9SIBDCAK0A8152']]"
9SIBDCAJN50514,Inno3D GeForce RTX 3060 Ti Twin X2 OC LHR 8GB GDDR6,Inno3D,,,769.9,0,https://c1.neweggimages.com/ProductImageCompressAll300/BHE9S2212140ERNH7EF.jpg,"[[' NVIDIA GeForce RTX 30 Series', ' Double Fans', 'N306T2-08D6X-119032DH', '9SIBDCAJN50514']]"
,GIGABYTE Gaming OC Radeon RX 6750 XT Video Card GV-R675XTGAMING OC-12GD and MSI 40.0 155 Hz IPS UWQHD IPS Gaming Monitor FreeSync Premium (AMD Adaptive Sync) 3440 x 1440 (2K) MAG401QR,,,,799.98,,https://c1.neweggimages.com/ProductImageCompressAll300/combo4553674.jpg,[]
,"GIGABYTE Gaming OC Radeon RX 6750 XT Video Card GV-R675XTGAMING OC-12GD and LG UltraGear 27"" (26.5"" Viewable) 240Hz OLED 2K Gaming Monitor 0.03ms FreeSync Premium G-Sync Compatible QHD 2560 x 1440 Flat Panel 27GR95QE-B",,,,1374.98,,https://c1.neweggimages.com/ProductImageCompressAll300/combo4553531.jpg,[]
,Intel Core i5-12600K - Core i5 12th Gen Alder Lake 10-Core (6P+4E) 3.7 GHz LGA 1700 125W Intel UHD Graphics 770 Desktop Processor - BX8071512600K and Intel Arc A750 Limited Edition 8GB PCI Express 4.0 Graphics Card 21P02J00BA,,,,409.98,,https://c1.neweggimages.com/ProductImageCompressAll300/combo4552945.jpg,[]
,"GIGABYTE Gaming OC Radeon RX 6750 XT Video Card GV-R675XTGAMING OC-12GD and GIGABYTE 27"" 170Hz IPS 1440P KVM Gaming Monitor 0.5ms FreeSync Premium 2560 x 1440 SS 92% DCI P3 HDR Ready 1x DisplayPort 1.2 2x HDMI 2.0 2x USB 3.0 1x USB Type-C H",,,,674.98,,https://c1.neweggimages.com/ProductImageCompressAll300/combo4553530.jpg,[]
,"GIGABYTE Gaming GeForce RTX 4090 Video Card GV-N4090GAMING OC-24GD and MSI G273CQ 27"" QHD 2560 x 1440 (2K) 1ms (MPRT) / 4ms (GTG) 170 Hz FreeSync Premium Curved Gaming Monitor",,,,1928.99,,https://c1.neweggimages.com/ProductImageCompressAll300/combo4553704.jpg,[]
,GIGABYTE Gaming GeForce RTX 4090 Video Card GV-N4090GAMING OC-24GD and MSI 40.0 155 Hz IPS UWQHD IPS Gaming Monitor FreeSync Premium (AMD Adaptive Sync) 3440 x 1440 (2K) MAG401QR,,,,2108.99,,https://c1.neweggimages.com/ProductImageCompressAll300/combo4553706.jpg,[]
9SIAPMXJJH8359,GIGABYTE Radeon RX 570 4GB GDDR5 PCI Express 3.0 x16 CrossFireX Support ATX Video Card GV-RX570GAMING-4GD,GIGABYTE,3.9,67.0,121.34,0,https://c1.neweggimages.com/ProductImageCompressAll300/14-125-966-V01.jpg,"[[' 1255 MHz (OC Mode) / 1244 MHz (Gaming Mode)', ' 7680 x 4320', ' 3 x DisplayPort 1.4', ' 1 x Dual-Link DVI-D', 'GV-RX570GAMING-4GD']]"
9SIAPMXJJX9872,"ASUS AMD RADEON RX 6750 XT Gaming Graphics Card, 7nm AMD RDNA2 12GB GDDR6 192-bit AMD Reference Card, PCIE 4.0 HDMI DP 1.4a Video Card",ASUS,,,699.99,0,https://c1.neweggimages.com/ProductImageCompressAll300/AYTVS2206140J6BIBC6.jpg,[['B-AMD RX 6750 XT']]
9SIAT8UJMD3169,"EVGA GeForce GTX 1070 FTW GAMING ACX 3.0, 8GB GDDR5, RGB LED, 10CM FAN, 10 Power Phases, Double BIOS, DX12 OSD Support (PXOC) Graphics Card 08G-P4-6276-KR",EVGA,,,359.0,$49.99 Shipping,https://c1.neweggimages.com/ProductImageCompressAll300/A73M_131934794206431126in78pIeN6f.jpg,"[[' 1607 MHz', ' 7680 x 4320', ' 3 x DisplayPort 1.4', ' 1 x Dual-Link DVI-D', 'E*08G-P4-6276-KR']]"
9SIAT8UJMD5500,"EVGA GeForce RTX 2080 Ti XC Ultra Gaming, 11GB GDDR6, Dual HDB Fans & RGB LED Graphics Card 11G-P4-2383-KR",EVGA,,,749.98,$49.99 Shipping,https://c1.neweggimages.com/ProductImageCompressAll300/AKXC_1_202003121603646419.jpg,[['9901237828568']]
9SIAPMXJKW4210,MSI Radeon RX 580 DirectX 12 RX 580 ARMOR 8G OC 8GB 256-Bit GDDR5 PCI Express x16 HDCP Ready CrossFireX Support Video Card,MSI,3,2.0,,0,https://c1.neweggimages.com/ProductImageCompressAll300/A73M_131802632153946401YV8w0Vbt6D.jpg,"[[' 2 x DisplayPort', ' 1 x DL-DVI-D', ' 2 x HDMI', ' 10.59"" x 4.92""', 'MSI RX 580']]"
9SIAPMXJJM0433,"GIGABYTE AORUS Xtreme GeForce GTX 1080 Ti Waterforce 11GD, GV-N108TAORUSXW-11GD",GIGABYTE,3.7,39.0,445.59,0,https://c1.neweggimages.com/ProductImageCompressAll300/14-125-987-Z01.jpg,"[[' 1632 MHz (OC Mode)\n1607 MHz (Gaming Mode)', ' 3 x DisplayPort', ' 1 x Dual-Link DVI-D (Thin)', ' 3 x HDMI', 'GV-N108TAORUSXW-11GD']]"
9SIAPMXJJY1061,Sapphire Radeon RX 5700 8GB GDDR6 PCI-E HDMI / TRIPLE DP (UEFI),Sapphire Tech,3.6,7.0,229.97,0,https://c1.neweggimages.com/ProductImageCompressAll300/14-202-342-V02.jpg,"[[' 1465 MHz', ' 3 x DisplayPort 1.4', ' 1 x HDMI 2.0b', ' DirectX 12', '100417L']]"
9SIAT8UJMF2705,MSI GeForce RTX 2070 8GB GDDR6 PCI Express 3.0 x16 Video Card RTX 2070 ARMOR 8G OCV1,MSI,4.4,15.0,359.73,$49.99 Shipping,https://c1.neweggimages.com/ProductImageCompressAll300/14-137-397-Z07.jpg,"[[' 7680 x 4320', ' 3 x DisplayPort 1.4', ' 1 x HDMI 2.0b', ' 11.61"" x 5.51""', 'RTX2070 ARMOR8G OCV1']]"
9SIBBCDJSW9018,"ASUS ROG Strix NVIDIA GeForce RTX 3080 OC EVA EDITION Gaming Graphics Card (PCIe 4.0, 12GB GDDR6X, HDMI 2.1, DisplayPort 1.4a, Axial-tech Fan Design, 2.9-slot, Super Alloy Power II, GPU Tweak), LHR",ASUS,4.6,8.0,1510.97,0,https://c1.neweggimages.com/ProductImageCompressAll300/14-126-580-V01.jpg,"[[' 7680 x 4320', ' 3 x DisplayPort 1.4a', ' 2 x HDMI 2.1', ' 12.53"" x 5.51""', 'ROG-STRIX-RTX3080-O12G-EVA']]"
9SIBK8UJT77496,BR NEW GeForce RTX 3090 24GB GDDR6X PCI Express 4.0 Graphics Card Gaming Video Card VGA 8Pin GPU For Gamer Gaming PC,,,,1500.0,0,https://c1.neweggimages.com/ProductImageCompressAll300/BK8US2304240HUF7WEC.jpg,"[[' 1395 MHz', ' 4096 x 2160', ' 1 x DisplayPort', ' 1 x DVI', 'BR RTX 3090 24GB', '9SIBK8UJT77496']]"
9SIBH04JWR7915,"MAXSUN NVIDIA GEFORCE GT 710 2GB Video Graphics Card GPU, Support DirectX 12 OpenGl 4.5, Low Profile, Low Consumption, VGA, DVI-D, HDMI, HDCP, Silent",MAXSUN,2,1.0,79.96,0,https://c1.neweggimages.com/ProductImageCompressAll300/AXZZS210426LYCNL.jpg,"[[' 1000 MHz', ' 1920 x 1080 (HDMI)', ' 1 x DVI', ' 1 x HDMI', 'MS-GT710HAMMERII2G']]"
9SIBDCAJHX4200,PNY Gaming Revel Epic-X NVIDIA GeForce RTX 3070 Ti 8GB GDDR6X Graphics Card,"PNY Technologies, Inc.",,,1050.0,0,https://c1.neweggimages.com/ProductImageCompressAll300/A4YUD22012812RV8951.jpg,[['VCG3070T8TFXMPB']]
9SIBKMGJS60454,"ASUS ROG STRIX NVIDIA GeForce RTX 3080 GUNDAM EDITION Graphics Card (Limited Edition, PCIe 4.0, 10GB GDDR6X, HDMI 2.1, DisplayPort 1.4a, Axial-tech Fan Design, 2.9-slot, Super Alloy Power II)",ASUS,4.9,16.0,1769.99,0,https://c1.neweggimages.com/ProductImageCompressAll300/14-126-506-V17.jpg,"[[' 1440 MHz', ' 7680 x 4320', ' 3 x DisplayPort 1.4a', ' 2 x HDMI 2.1', 'STRX-RTX3080-O10G-GU']]"
9SIBHEUJCD2484,SOYO Full New Graphics Card RTX 3060TI 8G GDDR6 NVIDIA GPU Desktop Computer PCI Express X16 4.0 RGB Gaming Video Cards Warranty,SOYO,,,,0,https://c1.neweggimages.com/ProductImageCompressAll300/BHEUS2212140GPKZB02.jpg,"[[' Double Fans', '6940709643235', '9SIBHEUJCD2484']]"
9SIBGW6JK08422,BIOSTAR NEW GeForce RTX 3080 10GB GDDR6X PCI Express 4.0 Graphics Card NVIDIA RTX 3080 10GB Gaming Video Card 8Pin GPU Gamer,Biostar,3.5,2.0,629.0,0,https://c1.neweggimages.com/ProductImageCompressAll300/BGVAS2211300G9LRBA1.jpg,"[[' 1440 MHz', ' 7680 x 4320', ' 3 x DisplayPort 1.4a', ' 1 x HDMI 2.1', '4712960686649']]"
9SIBDCAJZ39349,INNO3D GEFORCE RTX 4070 ICHILL X3 game graphics card,Inno3D,,,1099.0,0,https://c1.neweggimages.com/ProductImageCompressAll300/BDCAS2306160CY5THB3.jpg,"[['INNO3D GEFORCE RTX 4070 ICHILL X3', '9SIBDCAJZ39349']]"
9SIBBCDJZC9887,"ASUS Noctua Edition GeForce RTX 3080 10GB GDDR6X PCI Express 4.0 Video Card, LHR RTX3080-O10G-NOCTUA",ASUS,1,1.0,1387.55,0,https://c1.neweggimages.com/ProductImageCompressAll300/14-126-590-V08.jpg,"[[' 7680 x 4320', ' 3 x DisplayPort 1.4a', ' 2 x HDMI 2.1', ' 12.20"" x 5.70""', 'RTX3080-O10G-NOCTUA']]"
9SIBDCAJZA1085,ASUS ROG Strix LC GeForce RTX4090 24GB GDDR6X Overclocking Edition All-in-one water-cooled gaming graphics card,ASUS,,,3399.0,0,https://c1.neweggimages.com/ProductImageCompressAll300/BDCAS23061904OOW989.jpg,"[['ROG Strix LC RTX4090', '9SIBDCAJZA1085']]"
9SIBDCAK0A9080,"GIGABYTE AORUS RTX 4090 GAMING BOX eGPU, WATERFORCE All-in-One Cooling System, Thunderbolt 3, GV-N4090IXEB-24GD External Graphics Card",GIGABYTE,,,4399.0,0,https://c1.neweggimages.com/ProductImageCompressAll300/BDCAS2307050LA2O3E2.jpg,"[['GV', '9SIBDCAK0A9080']]"
14-126-524R,ASUS Dual GeForce RTX 3060 12GB GDDR6 PCI Express 4.0 Video Card DUAL-RTX3060-O12G-V2,ASUS,,,329.99,0,https://c1.neweggimages.com/ProductImageCompressAll300/14-126-524-01.jpg,"[[' 7680 x 4320', ' 3 x DisplayPort 1.4a', ' 1 x HDMI 2.1', ' 7.87"" x 4.84""', 'DUAL-RTX3060-O12G-V2', 'N82E16814126524R']]"
14-500-508R,"ZOTAC GAMING GeForce RTX 3060 Twin Edge OC 12GB GDDR6 192-bit 15 Gbps PCIE 4.0 Gaming Graphics Card, IceStorm 2.0 Cooling, Active Fan Control, FREEZE Fan Stop ZT-A30600H-10M",ZOTAC,,,229.99,0,https://c1.neweggimages.com/ProductImageCompressAll300/14-500-508-01.jpg,"[[' 7680 x 4320', ' 3 x DisplayPort 1.4a', ' 1 x HDMI 2.1', ' 8.82"" x 4.58""', 'ZT-A30600H-10M', 'N82E16814500508R']]"
14-500-544R,"ZOTAC GAMING GeForce RTX 4070 Ti AMP Extreme AIRO DLSS 3 12GB GDDR6X 192-bit 21 Gbps PCIE 4.0 Gaming Graphics Card, IceStorm 2.0 Advanced Cooling, SPECTRA 2.0 RGB Lighting, ZT-D40710B-10P",ZOTAC,,,729.99,0,https://c1.neweggimages.com/ProductImageCompressAll300/14-500-544-10.jpg,"[[' 7680 x 4320', ' 3 x DisplayPort 1.4a', ' 1 x HDMI 2.1a', ' 4 Slots', 'ZT-D40710B-10P', 'N82E16814500544R']]"
14-932-579R,GIGABYTE WINDFORCE OC GeForce RTX 3060 12GB GDDR6 PCI Express 4.0 x16 ATX Video Card GV-N3060WF2OC-12GD,GIGABYTE,,,249.99,0,https://c1.neweggimages.com/ProductImageCompressAll300/14-932-579-10.jpg,"[[' 1792 MHz', ' 7680 x 4320', ' 2 x DisplayPort 1.4a', ' 2 x HDMI 2.1', 'GV-N3060WF2OC-12GD', 'N82E16814932579R']]"
14-932-468R,GIGABYTE Gaming OC GeForce RTX 3060 Ti 8GB GDDR6 PCI Express 4.0 ATX Video Card GV-N306TGAMING OC-8GD REV 2.0 (LHR),GIGABYTE,,,299.99,0,https://c1.neweggimages.com/ProductImageCompressAll300/14-932-468-01.jpg,"[[' 1740 MHz', ' 7680 x 4320', ' 2 x DisplayPort 1.4a', ' 2 x HDMI 2.1', 'GV-N306TGAMING OC-8G', 'N82E16814932468R']]"
14-126-506R,"ASUS ROG STRIX NVIDIA GeForce RTX 3080 GUNDAM EDITION Graphics Card (Limited Edition, PCIe 4.0, 10GB GDDR6X, HDMI 2.1, DisplayPort 1.4a, Axial-tech Fan Design, 2.9-slot, Super Alloy Power II)",ASUS,,,799.99,0,https://c1.neweggimages.com/ProductImageCompressAll300/14-126-506-V17.jpg,"[[' 1440 MHz', ' 7680 x 4320', ' 3 x DisplayPort 1.4a', ' 2 x HDMI 2.1', 'STRX-RTX3080-O10G-GU', 'N82E16814126506R']]"
14-500-538R,"ZOTAC GAMING GeForce RTX 4090 AMP Extreme AIRO DLSS 3 24GB GDDR6X 384-bit 21 Gbps PCIE 4.0 Gaming Graphics Card, IceStorm 3.0 Advanced Cooling, SPECTRA 2.0 RGB Lighting, ZT-D40900B-10P",ZOTAC,,,1449.99,0,https://c1.neweggimages.com/ProductImageCompressAll300/14-500-538-16.jpg,"[[' 3 x DisplayPort 1.4a', ' 1 x HDMI 2.1', ' 3.5-Slot', ' DirectX 12 Ultimate', 'ZT-D40900B-10P', 'N82E16814500538R']]"
9SIAPMXJBU3840,MSI Radeon RX 5600 XT 6GB GDDR6 PCI Express 4.0 Video Card RX 5600 XT MECH OC,MSI,3.6,18.0,,0,https://c1.neweggimages.com/ProductImageCompressAll300/14-137-498-V01.jpg,"[[' 1235 MHz', ' 7680 x 4320', ' 3 x DisplayPort 1.4', ' 1 x HDMI 2.0b', 'RX 5600 XT MECH OC']]"
9SIAPMXJCA1853,"XFX SPEEDSTER SWFT210 Radeon RX 6600 XT 8GB GDDR6 PCI Express 4.0 Core Gaming Graphics Card, AMD RDNA 2 RX-66XT8DFDQ",XFX,4.3,24.0,,0,https://c1.neweggimages.com/ProductImageCompressAll300/14-150-861-V01.jpg,"[[' 2092 MHz', ' 3 x DisplayPort 1.4', ' 1 x HDMI 2.1', ' 9.49"" x 5.16""', 'RX-66XT8DFDQ']]"
9SIAPMXJJH5430,"GIGABYTE Radeon RX 6700 XT 12G Graphics Card, 12GB 192-bit GDDR6, GV-R67XT-12GD-B Video Card",GIGABYTE,,,599.99,0,https://c1.neweggimages.com/ProductImageCompressAll300/14-932-417-01.jpg,"[[' 7680 x 4320', ' 3 x DisplayPort 1.4a', ' 1 x HDMI 2.1', ' 10.51"" x 4.33""', 'GV-R67XT-12GD-B', '9SIAPMXJJH5430']]"
9SIAPMXJKW5523,MSI GeForce GTX 970 4GB GDDR5 PCI Express 3.0 SLI Support ATX GAMING LE 100 Million Edition Video Card GTX 970 GAMING LE 100ME,MSI,4.6,5.0,,0,https://c1.neweggimages.com/ProductImageCompressAll300/14-127-900-08.jpg,"[[' 1076 MHz', ' 1 x DisplayPort', ' 1 x DL-DVI-I\n1 x DL-DVI-D', ' 1 x HDMI', 'GTX 970 GAMING LE 10']]"
9SIBJ34JMA7678,"ASUS CERBERUS-GTX 1050Ti-A4G Video Card,4GB 128-bit GDDR5 PCI Express 3.0,1442MHz Core Frequency,1×HDMI Interface, 1×DVI interface, 1×DisplayPort Interface",ASUS,,,399.99,$29.99 Shipping,https://c1.neweggimages.com/ProductImageCompressAll300/A4RES2111220JJ91ABD.jpg,"[[' 1328 MHz', ' 7680 x 4320', ' 1 x DisplayPort 1.4', ' 1 x DVI', 'ASUS CERBERUS-GTX 1050Ti-A4G']]"
9SIBGFDJPP1793,ASUS GeForce GTX 1660 Super 6GB GDDR6 TUF-GTX1660S-6G-GAMING Video Graphic Card GPU,ASUS,,,205.0,$40.00 Shipping,https://c1.neweggimages.com/ProductImageCompressAll300/BGFDS2303300HLZVQ20.jpg,"[[' Double Fans', 'TUF-GTX1660S-6G-GAMING']]"
9SIBGFDJG14209,"ASUS DUAL GeForce RTX 3060 Ti V2 MINI 8GB GDDR6 Video Card with LHR, DUAL-RTX3060TI-8G-MINI-V2",ASUS,,,,$53.00 Shipping,https://c1.neweggimages.com/ProductImageCompressAll300/AWMSS2111150ubyQ.jpg,[['ASUS DUAL 3060 Ti V2 MINI']]
9SIBFVPK0D0611,PNY GeForce RTX 4070 Ti 12GB Overclocking XLR8 Gaming EPIC-X RGB Three-Fan VERTO Model,"PNY Technologies, Inc.",,,1099.86,0,https://c1.neweggimages.com/ProductImageCompressAll300/BDCAS2305150LL3YZ3B.jpg,[['PNY VCG4070T12TFXXPB1-O']]
9SIBHEUJCD2436,SOYO Full New RTX 3060 12GB GDDR6 NVIDIA GPU 192bit DP*3 PCI Express X16 4.0 Gaming Video Graphics Card Desktop Computer Card,SOYO,,,,$8.60 Shipping,https://c1.neweggimages.com/ProductImageCompressAll300/BHEUS2306080HSHSS50.jpg,"[[' 1320MHz', ' NVIDIA', ' NVIDIA GeForce RTX 30 Series', ' Triple Fans', '6940709642931']]"
9SIBDCAJNC4991,PNY XLR8 CS3140 NVMe Gen4x4 8TB M2.2280 PCIE SSD solid -state hard disk/computer accessories,"PNY Technologies, Inc.",,,1639.99,0,https://c1.neweggimages.com/ProductImageCompressAll300/BDCAS2303180KYOQ8E4.jpg,"[['PNY XLR8 CS3140 NVMe Gen4x4 8TB', '9SIBDCAJNC4991']]"
9SIBDCAJN63967,"INNO3D GeForce RTX4090 Ice Dragon Super 16GB ,GDDR6X PCI Express 4.0 x16 Video Card",Inno3D,,,2799.0,0,https://c1.neweggimages.com/ProductImageCompressAll300/A4RES2211170FLDOLA9.jpg,"[[' Triple Fans', 'INNO3D GeForce RTX 4090 Ice Dragon Super', '9SIBDCAJN63967']]"
9SIBBCDJPZ7163,"ASUS ROG STRIX RTX3090 EVA Graphics Card Neon Genesis Evangelion | Limited Edition (Dual Ball Axial Fan, EVA Custom Light Strip, 2.9 Slot Design)",ASUS,,,3700.0,0,https://c1.neweggimages.com/ProductImageCompressAll300/BBCDS230331045SD226.jpg,"[['ASUS ROG STRIX RTX3090 EVA Graphics', '9SIBBCDJPZ7163']]"
9SIBJ34K028569,PNY NVIDIA Quadro RTX 6000 Graphic Card 24 GB GDDR6 Full-height TAA Compliant 384 bit Bus Width PCI Express 3.0 x16 DisplayPort VCQRTX6000TAA,"PNY Technologies, Inc.",,,4199.98,0,https://c1.neweggimages.com/ProductImageCompressAll300/V1DSD201024Z7LWD.jpg,[['VCQRTX6000TAA']]
9SIBHEUJEC4917,SOYO Full New AMD Radeon RX 5700XT 8GB Gaming Graphics Card GDDR6 Video Memory 256Bit PCIEx16 4.0 for Desktop Computer Video Card,SOYO,,,,0,https://c1.neweggimages.com/ProductImageCompressAll300/BHEUS2307070N0RSU94.jpg,"[[' 1755 MHz', ' AMD', ' AMD Radeon RX 5700 Series', ' 1750 MHz', '6940709644232', '9SIBHEUJEC4917']]"
9SIBHEUJV34941,SOYO GeForce RTX 2060 Super 8GB GDDR6 PCIE×16 Graphics Cards RTX2060 8G for Computer Office Components Video Card Gaming,SOYO,,,,0,https://c1.neweggimages.com/ProductImageCompressAll300/BHEUS2307070NZSG82B.jpg,"[[' Double Fans', '6940709641712', '9SIBHEUJV34941']]"
9SIBHEUJYK4621,SOYO GTX 1660 Super 6GB Graphic Card GDDR6 12NM 192 Bit PCI-E 3.0×16 8Pin NVIDIA Brand New Video Card Support Gaming Desktop GPU,SOYO,,,,0,https://c1.neweggimages.com/ProductImageCompressAll300/BHEUS2306090LK6SWA4.jpg,"[[' Double Fans', '6940709642887', '9SIBHEUJYK4621']]"
9SIAYB7JNA4677,"ASUS ROG STRIX RTX 3090 O24G GUNDAM Video Card,24GB 384-bit GDDR6X,PCI Express 4.0,2×HDMI Interface, 3×DisplayPort Interface",ASUS,,,1899.0,0,https://c1.neweggimages.com/ProductImageCompressAll300/A4RES220525073T20DB.jpg,"[[' 1860 MHz', ' 7680 x 4320', ' 3 x DisplayPort 1.4a', ' 2 x HDMI 2.1', 'ASUS ROG STRIX RTX 3090 O24G GUNDAM']]"
9SIA4RE84G7123,ASUS GeForce GTX 750 Ti 2GB GDDR5 PCI Express 3.0 Video Card GTX750TI-OC-2GD5,ASUS,4.3,177.0,,0,https://c1.neweggimages.com/ProductImageCompressAll300/14-121-855-23.jpg,"[[' 1072 MHz', ' 4096 x 2160', ' 2 x DVI-D', ' 1 x HDMI', 'GTX750TI-OC-2GD5']]"
9SIAGGGHT30201,ASUS GeForce GTX 960 4GB GDDR5 PCI Express 3.0 SLI Support Video Card STRIX-GTX960-DC2OC-4GD5,ASUS,4.6,67.0,,$30.00 Shipping,https://c1.neweggimages.com/ProductImageCompressAll300/14-121-928-03.jpg,"[[' OC Mode - 1253MHz\nGaming Mode (Default) - 1228MHz', ' 3 x DisplayPort', ' 1 x DVI-I', ' 1 x HDMI', 'STRIX-GTX960-DC2OC-4']]"
9SIAPMXJMB7840,MSI 131207 GeForce GTX 1050 Ti 4GB GDDR5 PCI Express 3.0 x16 Video Card GTX 1050 Ti 4G OC,MSI,4.6,77.0,,0,https://c1.neweggimages.com/ProductImageCompressAll300/14-137-056-08.jpg,"[[' 1341 MHz', ' 7680 x 4320', ' 1 x DisplayPort 1.4', ' 1 x DL-DVI-D', 'GTX 1050 Ti 4G OC']]"
9SIAWFGJHU4332,XFX Radeon R9 380 4GB GDDR5 PCI Express 3.0 CrossFireX Support Double Dissipation XXX OC Video Card R9-380P-4255,XFX,3.9,79.0,187.96,0,https://c1.neweggimages.com/ProductImageCompressAll300/14-150-730-05.jpg,"[[' 990 MHz', ' ANALOG: 2048 x 1536\r\nDIGITAL: 2560 x 1600 (DVI); 4096 x 2160 (HDMI; DP)', ' 1 x DisplayPort 1.2', ' 1 x DL-DVI-D\r\n1 x DL-DVI-I', 'R9-380P-4255']]"
9SIAPMXJKW4212,MSI Radeon RX 580 8GB GDDR5 PCI Express x16 CrossFireX Support Video Card RX 580 ARMOR X,MSI,4.3,8.0,,0,https://c1.neweggimages.com/ProductImageCompressAll300/14-137-478-V01.jpg,"[[' 7680 x 4320', ' 2 x DisplayPort', ' 1 x DL-DVI-D', ' 2 x HDMI', 'RX 580 ARMOR X']]"
9SIAPMXJCA0823,GIGABYTE AORUS Radeon RX 5700 XT 8GB GDDR6 PCI Express 4.0 x16 ATX Video Card GV-R57XTAORUS-8GD rev. 2.0,GIGABYTE,4.5,24.0,,0,https://c1.neweggimages.com/ProductImageCompressAll300/14-932-333-V01.jpg,"[[' 1770 MHz', ' 7680 x 4320 @ 60 Hz', ' 3 x DisplayPort 1.4', ' 1 x HDMI 2.0b \n2 x HDMI 1.4b', 'GV-R57XTAORUS-8GD V2']]"
9SIAT8UJMD5258,Asus Dual Nvidia GeForce GTX 1060 6GB (Dual-GTX 1060-06G),ASUS,,,103.0,$49.99 Shipping,https://c1.neweggimages.com/ProductImageCompressAll300/A4RRS191208oeryW.jpg,"[[' Double Fans', 'Dual-GTX 1060-06G']]"
9SIAPMXJCB8992,GIGABYTE AORUS Radeon RX 570 4GB GDDR5 PCI Express 3.0 x16 CrossFireX Support ATX Video Card GV-RX570AORUS-4GD,GIGABYTE,4.4,8.0,138.99,0,https://c1.neweggimages.com/ProductImageCompressAll300/14-125-965-Z01.jpg,"[[' 1295 MHz (OC Mode) / 1280 MHz (Gaming Mode)', ' 7680 x 4320', ' 3 x DisplayPort 1.4', ' 1 x Dual-Link DVI-D', 'GV-RX570AORUS-4GD']]"
9SIBMYNJXS6833,"PNY GeForce RTX 3090 24GB XLR8 Gaming EPIC-X RGB Triple Fan Graphics Card, VCG309024TFXMPB","PNY Technologies, Inc.",5,9.0,2598.0,0,https://c1.neweggimages.com/ProductImageCompressAll300/14-133-808-S08.jpg,"[[' 1395 MHz', ' 7680 x 4320 @ 60 Hz', ' 3 x DisplayPort 1.4', ' 1 x HDMI 2.1', 'VCG309024TFXMPB']]"
9SIBKMGK0B9508,"ASUS ProArt GeForce RTX 4070 Ti 12GB OC overclocked GDDR6X graphics card offers an elegant and minimalist style, providing creators with excellent graphics performance",ASUS,,,1498.98,0,https://c1.neweggimages.com/ProductImageCompressAll300/BDCAS23061606XAPMCD.jpg,[['ASUS ProArt GeForce RTX 4070 Ti 12GB OC']]
9SIBBN9JRX3847,Gigabyte GeForce RTX4090 GAMING OC 24GB GDDR6X Video Card GV-N4090GAMING OC-24GD,GIGABYTE,,,2298.58,0,https://c1.neweggimages.com/ProductImageCompressAll300/V296S221212jsL4W.jpg,[['1. GV-N4090GAMING OC-24GD']]
9SIBM6CJXK1396,"MAXSUN GeForce GT 730 2GB 128 Bit DDR3 PCI Express DVI-I, HDMI, VGA Video Graphics Card GPU",MAXSUN,,,105.99,0,https://c1.neweggimages.com/ProductImageCompressAll300/BM6CD2305310ZHKEV9F.jpg,"[['922387457737', '9SIBM6CJXK1396']]"
9SIBKMGJZA8130,MSI Suprim GeForce RTX 4090 SUPRIM LIQUID X  24GB GDDR6X PCI Express 4.0 Video Card,MSI,,,2774.98,0,https://c1.neweggimages.com/ProductImageCompressAll300/BDCAS22111004QVQJDB.jpg,"[[' 2235 MHz', ' 3 x DisplayPort 1.4a', ' 1 x HDMI 2.1', ' 2 Slots', 'RTX 4090']]"
9SIBDCAJRT8443,INNO3D GEFORCE RTX 3060 TI GDDR6X ICHILL X4 8GB game graphics card  Video Card,Inno3D,,,799.0,0,https://c1.neweggimages.com/ProductImageCompressAll300/BDCAS2304110IGON4EC.jpg,"[['RTX 3060 TI GDDR6X ICHILL X4', '9SIBDCAJRT8443']]"
,"GIGABYTE Gaming GeForce RTX 4090 Video Card GV-N4090GAMING OC-24GD and MSI Optix G274QRFW 27"" WQHD 2560 x 1440 (2K) IPS 170Hz HDMI DisplayPort Audio FreeSync Premium G-Sync Compatible Gaming Monitor",,,,1978.99,,https://c1.neweggimages.com/ProductImageCompressAll300/combo4553705.jpg,[]
,"GIGABYTE Gaming OC Radeon RX 6750 XT Video Card GV-R675XTGAMING OC-12GD and MSI Optix G274QRFW 27"" WQHD 2560 x 1440 (2K) IPS 170Hz HDMI DisplayPort Audio FreeSync Premium G-Sync Compatible Gaming Monitor",,,,669.98,,https://c1.neweggimages.com/ProductImageCompressAll300/combo4553673.jpg,[]
,"GIGABYTE Gaming GeForce RTX 4090 Video Card GV-N4090GAMING OC-24GD and ASUS ROG Swift OLED PG48UQ Gaming Monitor - 47.5"" 4K OLED 138Hz (Overclocked) 0.1 ms (GTG) G-SYNC Compatible Custom Heatsink 98% DCI-P3 True 10-bit HDMI 2.1 DisplayPort",,,,3178.0,,https://c1.neweggimages.com/ProductImageCompressAll300/combo4553707.jpg,[]
9SIAGGGHT35273,ASUS Radeon RX 580 O4G Dual-fan OC Edition GDDR5 DP HDMI DVI VR Ready AMD Graphics Card (DUAL-RX580-O4G),ASUS,3.8,20.0,,$7.99 Shipping,https://c1.neweggimages.com/ProductImageCompressAll300/14-126-196-V01.jpg,"[[' 7680 x 4320', ' 2 x DisplayPort 1.4', ' 1 x DVI-D', ' 2 x HDMI 2.0b', 'DUAL-RX580-O4G']]"
9SIAWFGJGU9941,XFX Radeon R9 390 8GB GDDR5 PCI Express 3.0 CrossFireX Support Double Dissipation XXX OC Video Card R9-390P-8256,XFX,4,124.0,268.99,0,https://c1.neweggimages.com/ProductImageCompressAll300/14-150-729-11.jpg,"[[' 1015 MHz', ' ANALOG: 2048 x 1536\r\nDIGITAL: 2560 x 1600 (DVI); 4096 x 2160 (HDMI; DP)', ' 1 x DisplayPort 1.2', ' 2 x DL-DVI-D', 'R9-390P-8256']]"
9SIAPMXJ947824,"ASUS TUF Gaming GeForce RTX 3060 12GB GDDR6 PCI Express 4.0 Video Card, OC Edition TUF-RTX3060-O12G-V2-GAMING LHR",ASUS,,,324.98,0,https://c1.neweggimages.com/ProductImageCompressAll300/ARUXS2201180FY6TW8E.jpg,[['TUF-RTX3060-O12G-V2-GAMING LHR']]
9SIAPMXJ948295,ASUS ROG STRIX AMD Radeon RX 5700 Overclocked 8G GDDR6 HDMI DisplayPort Gaming Graphics Card (ROG-STRIX-RX5700-O8G-GAMING),ASUS,4.1,9.0,,0,https://c1.neweggimages.com/ProductImageCompressAll300/14-126-345-V01.jpg,"[[' 1610 MHz', ' 7680 x 4320', ' 3 x DisplayPort 1.4', ' 1 x HDMI 2.0b', 'RX5700-O8G-GAMING']]"
9SIAPMXJJH8340,GIGABYTE Radeon RX 580 8GB GDDR5 PCI Express 3.0 x16 ATX Video Card GV-RX580GAMING-8GD,GIGABYTE,3.6,88.0,113.14,0,https://c1.neweggimages.com/ProductImageCompressAll300/14-125-962-Z01.jpg,"[[' 1355 MHz (OC Mode) / 1340 MHz (Gaming Mode)', ' 3 x DP (Gold Plated)', ' 1 x Dual-Link DVI-D', ' 1 x HDMI (Gold Plated)', 'GV-RX580GAMING-8GD']]"
9SIAPMXJJV4758,"GIGABYTE AORUS GeForce RTX 2070 XTREME 8G Graphics Card, 3 x Stacked WINDFORCE Fans, 8GB 256-Bit GDDR6, GV-N2070AORUS X-8GC Video Card",GIGABYTE,3.3,10.0,292.05,0,https://c1.neweggimages.com/ProductImageCompressAll300/14-932-087-V01.jpg,"[[' 1815 MHz', ' 7680 x 4320 @ 60 Hz', ' 3 x DisplayPort 1.4', ' 3 x HDMI 2.0b', 'GV-N2070AORUS X-8GC']]"
9SIAPMXJKM5656,MSI Radeon RX 6600 XT 8GB GDDR6 PCI Express 4.0 ATX Video Card RX 6600 XT MECH 2X 8G V1,MSI,1,1.0,299.99,0,https://c1.neweggimages.com/ProductImageCompressAll300/14-137-697-S01.jpg,"[[' 7680 x 4320', ' 3 x DisplayPort 1.4', ' 1 x HDMI 2.1', ' 215 x 128 x 42 mm', 'RX 6600 XT MECH 2X 8G V1', '9SIAPMXJKM5656']]"
9SIAPMXJKM6115,MSI Gaming Radeon RX 6600 XT 8GB GDDR6 PCI Express 4.0 Video Card RX 6600 XT GAMING 8G,MSI,,,349.99,0,https://c1.neweggimages.com/ProductImageCompressAll300/14-137-723-S01.jpg,"[[' 7680 x 4320', ' 3 x DisplayPort 1.4', ' 1 x HDMI (Supports 4K@120Hz / 8K@60Hz and VRR as specified in HDMI 2.1)', ' 10.91"" x 5.12""', 'RX 6600 XT GAMING 8G', '9SIAPMXJKM6115']]"
9SIAPMXJKW3556,MSI Radeon RX 5600 XT 6GB GDDR6 PCI Express 4.0 Video Card RX 5600 XT GAMING X,MSI,3.5,35.0,,0,https://c1.neweggimages.com/ProductImageCompressAll300/14-137-501-V06.jpg,"[[' 1420 MHz', ' 7680 x 4320', ' 3 x DisplayPort 1.4', ' 1 x HDMI 2.0b', 'RX 5600 XT GAMING X']]"
9SIAPMXJKW3558,MSI Radeon RX 5600 XT 6GB GDDR6 PCI Express 4.0 Video Card RX 5600 XT MECH OCBV,MSI,4.2,50.0,249.99,0,https://c1.neweggimages.com/ProductImageCompressAll300/14-137-554-V01.jpg,"[[' 1235 MHz', ' 7680 x 4320', ' 3 x DisplayPort 1.4', ' 1 x HDMI 2.0b', 'RX 5600 XT MECH OCBV', '9SIAPMXJKW3558']]"
9SIAPMXJKN4871,MSI Gaming Radeon RX 6800 16GB GDDR6 Video Card RX 6800 GAMING TRIO 16G,MSI,,,,0,https://c1.neweggimages.com/ProductImageCompressAll300/14-137-703-S01.jpg,"[[' 7680 x 4320', ' 3 x DisplayPort 1.4', ' 1 x HDMI 2.1', ' 12.76"" x 5.55""', 'RX 6800 GAMING TRIO 16G']]"
9SIAPMXJJH8366,GIGABYTE Radeon RX 560 16CU DirectX 12 GV-RX560GAMING OC-4GD REV2.0 4GB 128-Bit GDDR5 ATX Video Card,GIGABYTE,4,38.0,,0,https://c1.neweggimages.com/ProductImageCompressAll300/14-932-003-V01.jpg,"[[' OC mode: 1234 MHz\nGaming mode: 1224 MHz\nReference clock: 1176 MHz', ' 7680 x 4320', ' 1 x DisplayPort 1.4', ' 1 x Dual-link DVI-D', 'GV-RX560GAMING OC-4G']]"
9SIBF9VJKA0554,GIGABYTE NVIDIA GeForce RTX 2080 TI TURBO OC 11GB (Rev. 2.0) GDDR6 HDMI/3DisplayPort/USB Type-C PCI-Express Video Card,GIGABYTE,,,340.0,$45.00 Shipping,https://c1.neweggimages.com/ProductImageCompressAll300/A24G_1_202004031784026990.jpg,"[[' 7680 x 4320 @ 60 Hz', ' 3 x DisplayPort 1.4', ' 1 x HDMI 2.0b', ' 10.52"" x 4.47""', 'GV-N208TTURBO OC-11G']]"
9SIBDCAJEA0056,"Colorful iGame GeForce RTX 3050 NB EX 8GB GDDR6 128-bit 14Gbps PCIE 4.0 Gaming Graphics Card, RGB Light ,Intelligent Start-stop Fans",Colorful,,,669.9,0,https://c1.neweggimages.com/ProductImageCompressAll300/BAHGS220330072B06C5.jpg,"[[' 1552 MHz', ' 7680 x 4320', ' 3 x DisplayPort 1.4a', ' 1 x HDMI 2.1', 'GeForce RTX 3050 NB EX 8GB -V', '9SIBDCAJEA0056']]"
9SIBKUMK050311,"AISURIX Radeon RX 580 Graphic Cards, 2048SP, Real 8GB, GDDR5, 256 Bit, Pc Gaming Radeon Video Card for AMD, 2XDP, HDMI, PCI Express 3.0 with Freeze Fan Stop for Desktop Computer Gaming Gpu",,,,158.99,Special Shipping,https://c1.neweggimages.com/ProductImageCompressAll300/BKUMD2307020CFNV190.jpg,"[['958154601584', '9SIBKUMK050311']]"
9SIBM6CJXM1295,"Zunate HD7600 Graphics Card, 1GB DDR5 PCIE x16 Gaming Graphics Card, Single Fan Graphics Card, VGA DVI HDMI Desktop Computer Graphics Cards",,,,75.99,0,https://c1.neweggimages.com/ProductImageCompressAll300/BM6CD23060107HASK39.jpg,"[['922387453241', '9SIBM6CJXM1295']]"
9SIBDCAJTZ2619,INNO3D GEFORCE RTX 4070 TWIN X2 OC WHITE (12GB/2505MHz/25cm) White OC Dual Fan Gaming Graphics Card,Inno3D,,,999.99,0,https://c1.neweggimages.com/ProductImageCompressAll300/BDCAS2305030L3OMD02.jpg,"[['INNO3D GEFORCE RTX 4070 TWIN X2 OC WHITE', '9SIBDCAJTZ2619']]"
9SIAPMXJMM6788,"EVGA GeForce GTX 980 Ti 06G-P4-4995-KR 6GB SC+ GAMING w/ACX 2.0+, Whisper Silent Cooling w/ Free Installed Backplate Graphics Card",EVGA,4.5,271.0,234.96,0,https://c1.neweggimages.com/ProductImageCompressAll300/14-487-142-15.jpg,"[[' 1102 MHz', ' Analog: 2048 x 1536\nDigital: 4096 x 2160', ' 3 x DisplayPort 1.2', ' 1 x Dual-link DVI-I', '06G-P4-4995-KR']]"
9SIAPMXJKW3543,MSI Radeon RX 5700 XT 8GB GDDR6 PCI Express 4.0 Video Card RX 5700 XT MECH OC,MSI,3.3,125.0,,0,https://c1.neweggimages.com/ProductImageCompressAll300/14-137-465-V01.jpg,"[[' 1670 MHz', ' 7680 x 4320', ' 3 x DisplayPort 1.4', ' 1 x HDMI 2.0b', 'RX 5700 XT MECH OC']]"
9SIAPMXJKW4645,MSI GeForce GTX 960 2GB GDDR5 PCI Express 3.0 x16 SLI Support ATX Video Card GTX 960 2GD5T OC,MSI,4.6,80.0,96.07,0,https://c1.neweggimages.com/ProductImageCompressAll300/14-127-844-10.jpg,"[[' 1178 MHz', ' 4096 x 2160', ' 3 x DisplayPort 1.2', ' 1 x Dual-link DVI-I', 'GTX 960 2GD5T OC']]"
9SIA4REBUW3340,"CORN GTX 960 128-Bit 2GB GDDR5 Graphic Card with dual fans Video Card GPU Support DirectX12 PCI Express 3.0 DP/DVI-D/HDMI,Play for LOL,PUBG,OW,APex,CSGO etc.",Corn Electronics,5,2.0,178.57,0,https://c1.neweggimages.com/ProductImageCompressAll300/A4RE_1319945021528314289qVco0lRDr.jpg,"[[' 1127 MHz', ' 1 x DisplayPort', ' 1 x DVI', ' 1 x HDMI', 'DZ-XK-023-GTX960']]"
9SIAPMXJK68254,ASUS ROG Strix Radeon RX 570 O4G Gaming OC Edition GDDR5 DP HDMI DVI VR Ready AMD Graphics Card (ROG-STRIX-RX570-O4G-GAMING),ASUS,3.9,51.0,,0,https://c1.neweggimages.com/ProductImageCompressAll300/14-126-189-V01.jpg,"[[' 5120 x 2880', ' 1 x DisplayPort 1.4', ' 2 x DVI-D', ' 1 x HDMI 2.0b', 'ROG-STRIX-RX570-O4G']]"
9SIAPMXJJF5449,"ASUS DUAL GeForce RTX 3060 OC Edition Gaming Graphics Card (PCIe 4.0, 12GB GDDR6 Memory, HDMI 2.1, DisplayPort 1.4a, 2-slot Design, Axial-tech Fan Design, 0dB Technology), DUAL-RTX3060-O12G",ASUS,5,11.0,334.97,0,https://c1.neweggimages.com/ProductImageCompressAll300/14-126-496-V01.jpg,"[[' 1867 MHz', ' 7680 x 4320', ' 3 x DisplayPort 1.4a', ' 1 x HDMI 2.1', 'DUAL-RTX3060-O12G']]"
9SIAPMXJBY3267,XFX Radeon RX 570 8GB DDR5 PCI Express 3.0 CrossFireX Support Video Card RX-570P8DFD6,XFX,4,72.0,139.99,0,https://c1.neweggimages.com/ProductImageCompressAll300/14-150-815-Z01.jpg,"[[' 1286 MHz', ' 4096 x 2160', ' 3 x DisplayPort 1.4', ' 1 x DL-DVI-D', 'RX-570P8DFD6', '9SIAPMXJBY3267']]"
9SIBF9VJSY4949,ASUS Phoenix GeForce RTX 2060 6GB GDDR6 PCI Express 3.0 Video Card PH-RTX2060-6G,ASUS,4.3,14.0,,$45.00 Shipping,https://c1.neweggimages.com/ProductImageCompressAll300/14-126-287-V50.jpg,"[[' Gaming Mode: 1365 MHz', ' 7680 x 4320', ' 1 x DisplayPort 1.4', ' 1 x DL-DVI-D', 'PH-RTX2060-6G']]"
9SIAPMXJCB9728,XFX Radeon RX 570 Black Edition DirectX 12 RX-570P8DBD6 8GB 256-Bit DDR5 PCI Express 3.0 CrossFireX Support Video Card,XFX,3.3,9.0,,0,https://c1.neweggimages.com/ProductImageCompressAll300/AD2C_131661666563605040nvyQt2lC5f.jpg,"[[' 1328 MHz', ' 4096 x 2160', ' 3 x DisplayPort 1.4', ' 1 x DL-DVI-D', 'RX-570P8DBD6']]"
9SIAPMXJJV6202,"GIGABYTE GeForce RTX 2080 TURBO 8G Graphics Card, Turbo Style Fan, 8GB 256-Bit GDDR6, GV-N2080TURBO-8GC Video Card",GIGABYTE,1.8,4.0,399.99,0,https://c1.neweggimages.com/ProductImageCompressAll300/1FT-000A-000N0-V09.jpg,"[[' 1710 MHz', ' 7680 x 4320 @ 60 Hz', ' 3 x DisplayPort 1.4', ' 1 x HDMI 2.0b', 'GV-N2080TURBO-8GC', '9SIAPMXJJV6202']]"
9SIAPMXJT19120,"MAXSUN Nvidia GeForce GTX 1660 Ti Terminator Gaming Video Graphics Card GPU with 6GB GDDR6, Display Port, HDMI, DVI, Dual Fan Cooling System, RGB Lighting",MAXSUN,,,,0,https://c1.neweggimages.com/ProductImageCompressAll300/AXZZS22041408L7YRE3.jpg,"[[' 1500 MHz', ' 7680 x 4320', ' 1 x DisplayPort', ' 1 x DVI', 'MS-GEFORCEGTX1660TITERMINATOR6G']]"
9SIAPMXJJH9730,"EVGA GeForce GTX TITAN Z 12G-P4-3992-KR 12GB SC GAMING, Fastest NVIDIA GPU Graphics Card",EVGA,4,1.0,700.47,0,https://c1.neweggimages.com/ProductImageCompressAll300/14-487-048-09.jpg,"[[' 732 MHz', ' 4096 x 2160', ' 1 x DVI-D\r\n1 x DVI-I', ' 1 x HDMI', '12G-P4-3992-KR']]"
9SIAPMXJMC2708,MSI GeForce GTX 1070 Ti DirectX 12 GTX 1070 Ti Titanium 8G 8GB 256-Bit GDDR5 PCI Express 3.0 x16 HDCP Ready SLI Support ATX Video Card - (OEM Packaging and Manual),MSI,5,1.0,197.02,0,https://c1.neweggimages.com/ProductImageCompressAll300/AGKCS191208hmevL.jpg,"[[' 1607 MHz', ' 3 x DisplayPort', ' 1 x DL-DVI-D', ' 1 x HDMI 2.0b', 'GTX1070TiGAMING8G']]"
9SIAPMXJUT6869,ASUS ROG GeForce GTX 1070 Ti 8GB GDDR5 PCI Express 3.0 Video Card STRIX-GTX1070TI-8G-GAMING,ASUS,2,1.0,263.91,0,https://c1.neweggimages.com/ProductImageCompressAll300/14-126-224-Z01.jpg,"[[' 2 x DisplayPort', ' 1 x DVI-D', ' 2 x HDMI 2.0', ' 2.5-slot', 'GTX1070TI-8G-GAMING']]"
9SIAT8UJMD5819,MSI Radeon R9 380 4GB GDDR5 PCI Express 3.0 x16 CrossFireX Support ATX Video Card R9 380 GAMING 4G,MSI,3.9,116.0,59.99,$49.99 Shipping,https://c1.neweggimages.com/ProductImageCompressAll300/14-127-878-09.jpg,"[[' 1000 MHz (OC Mode)\r\n980 MHz (Gaming Mode)\r\n970 MHz (Silent Mode)', ' 4096 x 2160', ' 1 x DisplayPort 1.2', ' 1 x DL-DVI-I\r\n1 x DL-DVI-D', 'R9 380 GAMING 4G']]"
9SIAPMXJKD5620,ASUS Turbo GeForce RTX 2080 8GB GDDR6 PCI Express 3.0 SLI Support Video Card TURBO-RTX2080-8G-EVO,ASUS,,,379.99,0,https://c1.neweggimages.com/ProductImageCompressAll300/14-126-324-Z01.jpg,"[[' 1515 MHz', ' 7680 x 4320', ' 3 x DisplayPort 1.4', ' 1 x HDMI 2.0b', 'TURBO-RTX2080-8G-EVO']]"
9SIAWFGJGH9771,"NVIDIA GeForce GTX 1070 8GB GDDR5 Micron Memory Graphics Card, PCI Express 3.0, DirectX 12, OpenGL 4.5, 1683 MHz - OEM",NVIDIA,3.8,6.0,188.99,0,https://c1.neweggimages.com/ProductImageCompressAll300/AA0S_1316249592331383139FO5nlYpm1.jpg,"[[' 1506 MHz', ' 3840 x 2160', ' 3 x DisplayPort', ' 1 x DVI', 'GTX 1070 - Sapphire']]"
9SIAPMXJ942495,MSI GeForce RTX 2070 SUPER DirectX 12 RTX 2070 SUPER GAMING X TRIO 8GB 256-Bit GDDR6,MSI,,,390.49,0,https://c1.neweggimages.com/ProductImageCompressAll300/APMXS201103i6Ssy.jpg,"[[' 3 x DisplayPort', ' 1 x HDMI 2.0b', ' DirectX 12', ' NVIDIA', '2070S GAMINING X TRI']]"
9SIAPMXJBY3672,XFX Radeon RX 5500 XT 8GB GDDR6 PCI Express 4.0 ATX Video Card RX-55XT8DFD6,XFX,3.8,13.0,,0,https://c1.neweggimages.com/ProductImageCompressAll300/14-150-840-S01.jpg,"[[' 1607 MHz', ' 8K resolution at 60 Hz or 5K at 120 Hz', ' 3 x DisplayPort 1.4', ' 1 x HDMI 2.0b', 'RX-55XT8DFD6']]"
9SIAPMXJK68240,ASUS ROG Strix Radeon RX 5700 8GB GDDR6 PCI Express 4.0 CrossFireX Support Video Card ROG-STRIX-RX5700-O8G-GAMING,ASUS,5,1.0,,0,https://c1.neweggimages.com/ProductImageCompressAll300/A6ZP_1_202001291045392195.jpg,"[[' P Mode : 1610 MHz (Base clock)\nUp to 1725 MHz (Game clock)', ' 7680 x 4320', ' 3 x DisplayPort 1.4', ' 1 x HDMI 2.0b', '90YV0DD0-M0NA00']]"
9SIA4REJWK3526,MSI Radeon RX 6900 XT 16GB GDDR6 PCI Express 4.0 Video Card RX 6900 XT 16G,MSI,4,4.0,,0,https://c1.neweggimages.com/ProductImageCompressAll300/14-137-618-01.jpg,"[[' AMD', ' AMD Radeon RX 6000 Series', ' 5120 Stream Processors', ' 256-Bit', 'Radeon RX 6900XT 16G']]"
9SIBJ8WJTB9017,ASUS Dual Radeon RX 5500 XT 8GB GDDR6 PCI Express 4.0 Video Card DUAL-RX5500XT-O8GEVO,ASUS,5,3.0,,Special Shipping,https://c1.neweggimages.com/ProductImageCompressAll300/14-126-402-S01.jpg,"[[' 7680 x 4320', ' 3 x DisplayPort 1.4', ' 1 x HDMI 2.0b', ' 9.50"" x 5.10""', 'DUAL-RX5500XT-O8GEVO']]"
9SIAPMXJMC2718,MSI GeForce GTX 1070 Founders Edition,MSI,4.6,9.0,237.01,0,https://c1.neweggimages.com/ProductImageCompressAll300/14-127-941-S99.jpg,"[[' 1506 MHz', ' 7680 x 4320', ' 3 x DisplayPort 1.4', ' 1 x Dual-link DVI-D', 'GTX 1070 FOUNDERS ED']]"
9SIAPMXJMN7284,"EVGA GeForce RTX 2070 XC BLACK EDITION GAMING, 08G-P4-1171-KR, 8GB GDDR6, Dual HDB Fans",EVGA,3.8,4.0,299.99,0,https://c1.neweggimages.com/ProductImageCompressAll300/14-487-417-V08.jpg,"[[' 7680 x 4320', ' 3 x DisplayPort 1.4', ' 1 x HDMI 2.0b', ' 10.62"" x 4.38""', '08G-P4-1171-KR']]"
9SIAPMXJKW5268,MSI GeForce GTX 970 GAMING 4G LE,MSI,4.2,46.0,148.62,0,https://c1.neweggimages.com/ProductImageCompressAll300/14-127-841-17.jpg,"[[' 1076 MHz', ' 1 x DisplayPort', ' 1 x DL-DVI-I\r\n1 x DL-DVI-D', ' 1 x HDMI', 'GTX 970 GAMING 4G LE']]"
9SIAPMXJKW6536,MSI GeForce GTX 980 4GD5T OC,MSI,4.5,8.0,209.99,0,https://c1.neweggimages.com/ProductImageCompressAll300/14-127-901-14.jpg,"[[' 1190 MHz', ' 3 x DisplayPort', ' 1 x DL-DVI-I', ' 1 x HDMI', 'GTX 980 4GD5T OC']]"
9SIAPMXJCB9001,"EVGA GeForce GTX 970 04G-P4-2978-KR 4GB FTW GAMING w/ACX 2.0, Silent Cooling Graphics Card",EVGA,4.3,259.0,175.48,0,https://c1.neweggimages.com/ProductImageCompressAll300/14-487-077-S99.jpg,"[[' 1216 MHz', ' Analog: 2048 x 1536\nDigital: 4096 x 2160', ' 1 x DisplayPort 1.2', ' 1 x Dual-link DVI-I\n1 x Dual-link DVI-D', '04G-P4-2978-KR']]"
9SIAPMXJJH9738,ASUS 12GB GeForce GTX TITAN X 384-Bit GDDR5 PCI Express 3.0 HDCP Ready SLI Support Video Card Model GTXTITANX-12GD5,ASUS,5,1.0,582.34,0,https://c1.neweggimages.com/ProductImageCompressAll300/A1K6_1310417016409098835PI1SA232k.jpg,[['GTXTITANX-12GD5 1']]
9SIAT8UJMF6000,MSI GeForce RTX 2080 SUPER 8GB GDDR6 PCI Express 3.0 x16 SLI Support Video Card RTX 2080 Super Ventus XS OC,MSI,4,12.0,368.61,$49.99 Shipping,https://c1.neweggimages.com/ProductImageCompressAll300/14-137-469-V01.jpg,"[[' 7680 x 4320', ' 3 x DisplayPort 1.4', ' 1 x HDMI 2.0b', ' 10.12"" x 5.00""', 'RTX2080SVentusXSOC']]"
9SIAPMXJSV6861,Gigabyte Ultra Durable VGA GV-N208TTURBO-11GC (rev. 2.0) GeForce RTX 2080 Ti TURBO Graphic Card - 11 GB GDDR6,GIGABYTE,,,360.97,0,https://c1.neweggimages.com/ProductImageCompressAll300/14-932-230-S01.jpg,"[[' 3', ' 1 x HDMI', ' DirectX 12\r\nOpenGL 4.5', ' NVIDIA', 'GVN208TTURBO11GCREV2']]"
9SIARA8JMR4946,SAPPHIRE Radeon HD 5770 1GB GDDR5 PCI Express 2.1 x16 CrossFireX Support Video Card 100283-3L,Sapphire Tech,4.4,414.0,99.99,0,https://c1.neweggimages.com/ProductImageCompressAll300/14-102-873-02.jpg,"[[' 850 MHz', ' 2560 x 1600', ' 1 x DisplayPort', ' 2 x DVI', '100283-3L']]"
9SIARA8JM66573,"GIGABYTE GeForce GTX 960 4GB WINDFORCE 2X OC EDITION, GV-N960OC-4GD",GIGABYTE,4.7,39.0,,0,https://c1.neweggimages.com/ProductImageCompressAll300/14-125-802-03.jpg,"[[' 1216 MHz (OC Mode)\n1190 MHz (Gaming Mode)', ' Digital: 4096 x 2160\nAnalog: 2048 x 1536', ' 1 x DisplayPort', ' 1 x Dual-link DVI-I\n1 x Dual-link DVI-D', 'GV-N960OC-4GD']]"
9SIAPMXJK57375,SAPPHIRE PULSE Radeon RX 5600 XT 6GB GDDR6 PCI Express 4.0 ATX Video Card 11296-01-20G,Sapphire Tech,4.1,44.0,,0,https://c1.neweggimages.com/ProductImageCompressAll300/14-202-365-V01.jpg,"[[' HDMI: 4096x2160@60Hz\nDisplayPort1.4: 5120x2880@60Hz', ' 3 x DisplayPort 1.4', ' 1 x HDMI', ' 10.00"" x 5.31""', '11296-01-20G']]"
9SIBJ8WJT94704,ASUS Dual Radeon RX 5600 XT 6GB GDDR6 PCI Express 4.0 CrossFireX Support Video Card DUAL-RX5600XT-T6G-EVO,ASUS,4.2,32.0,,Special Shipping,https://c1.neweggimages.com/ProductImageCompressAll300/14-126-428-V09.jpg,"[[' 7680 x 4320', ' 3 x DisplayPort 1.4', ' 1 x HDMI 2.0b', ' 11.10"" x 5.20""', 'DUAL-RX5600XT-T6G-EV']]"
9SIAPMXJMT2061,XFX Radeon RX 5700 8GB GDDR6 PCI Express 4.0 x16 Video Card RX-57XL828D6,XFX,3.6,26.0,209.99,0,https://c1.neweggimages.com/ProductImageCompressAll300/14-150-828-S05.jpg,"[[' 1565 MHz', ' Up to 8K resolution at 60 Hz or 5K at 120 Hz', ' 3 x DisplayPort 1.4', ' 1 x HDMI 2.0b', 'RX-57XL828D6', '9SIAPMXJMT2061']]"
9SIAPMXJJD3782,"XFX SPEEDSTER QICK319 AMD Radeon RX 6700 XT BLACK Gaming Graphics Card with 12GB GDDR6, HDMI 3 x DP, AMD RDNA 2",XFX,4.7,53.0,369.96,0,https://c1.neweggimages.com/ProductImageCompressAll300/14-150-855-01.jpg,"[[' 2457 MHz', ' 3 x DisplayPort 1.4 with DSC', ' 1 x HDMI 2.1 VRR and FRL', ' 12.72"" x 5.20""', 'RX-67XTYPBDP', '9SIAPMXJJD3782']]"
9SIAPMXJMF6065,MSI GeForce GTX 1650 4GB GDDR6 PCI Express 3.0 x16 ITX Video Card GTX 1650 D6 AERO ITX OCV1,MSI,5,3.0,199.99,0,https://c1.neweggimages.com/ProductImageCompressAll300/14-137-594-S01.jpg,"[[' 7680 x 4320', ' 1 x DisplayPort 1.4', ' 1 x DL-DVI-D', ' 1 x HDMI 2.0b', '1650D6AEROITXOCV1']]"
9SIAPMXJCB9536,"XFX - THICC II Pro AMD Radeon RX 5500 XT 8GB GDDR6 PCI Express 4.0 Graphics Card - Black
RX-55XT8DFDR",XFX,4,1.0,259.99,0,https://c1.neweggimages.com/ProductImageCompressAll300/A8X5S200513nclXz.jpg,[['RX-55XT8DFDR']]
9SIBF9VJJ77751,"EVGA GeForce RTX 3080 XC3 BLACK GAMING Video Card, 10G-P5-3881-KL, 10GB GDDR6X, iCX3 Cooling, ARGB LED, LHR",EVGA,,,495.0,$45.00 Shipping,https://c1.neweggimages.com/ProductImageCompressAll300/14-487-543-V07.jpg,"[[' 7680 x 4320', ' 3 x DisplayPort 1.4a', ' 1 x HDMI 2.1', ' 11.23"" x 4.38""', '10G-P5-3881-KL']]"
9SIAPMXJMN7271,"EVGA GeForce GTX 1080 Ti GAMING, 11G-P4-5390-KR, 11GB GDDR5X",EVGA,3.7,3.0,393.0,0,https://c1.neweggimages.com/ProductImageCompressAll300/14-487-357-V04.jpg,"[[' 1480 MHz', ' 7680 x 4320', ' 3 x DisplayPort 1.4', ' 1 x HDMI 2.0b', '11G-P4-5390-KR']]"
9SIAPMXJMN6965,"EVGA GeForce GTX 1080 FTW2 GAMING iCX, 08G-P4-6686-KR, 8GB GDDR5X, RGB LED, 9 Thermal Sensors, Asynchronous Fan Control, Thermal Display LED System, Optimized Airflow Fin Design, Die Cast/Form Fitted",EVGA,4.6,67.0,288.47,0,https://c1.neweggimages.com/ProductImageCompressAll300/14-487-319-S99.jpg,"[[' 1721 MHz', ' 7680 x 4320', ' 3 x DisplayPort 1.4', ' 1 x Dual-Link DVI-D', '08G-P4-6686-KR']]"
9SIAPMXJJH8473,GIGABYTE GeForce GTX 980Ti 6GB G1 Gaming OC Edition,GIGABYTE,3.8,178.0,169.96,0,https://c1.neweggimages.com/ProductImageCompressAll300/14-125-787-S99.jpg,"[[' 1190 MHz (OC Mode)\n1152 MHz (Gaming Mode)', ' Digital: 4096 x 2160\nAnalog: 2048 x 1536', ' 3 x DisplayPort', ' 1 x Dual-link DVI-I\n1 x Dual-link DVI-D', 'GV-N98TG1 GAMING-6GD']]"
9SIARA8JMF4999,"GIGABYTE AORUS GeForce RTX 2080 XTREME WATERFORCE WB 8G Graphics Card, Pre-Installed Waterblock, 8GB 256-Bit GDDR6, GV-N2080AORUSX WB-8GC Video Card",GIGABYTE,4.6,8.0,411.08,0,https://c1.neweggimages.com/ProductImageCompressAll300/14-932-080-V01.jpg,"[[' 1890 MHz', ' 7680 x 4320 @ 60 Hz', ' 3 x DisplayPort 1.4', ' 3 x HDMI 2.0b', 'GV-N2080AORUSX WB-8G']]"
9SIAT8UJMD6973,GIGABYTE GeForce GTX 1080 Ti 11GB GDDR5X PCI Express 3.0 x16 ATX Video Card GV-N108TGAMINGOC BLACK-11GD,GIGABYTE,3.9,9.0,351.97,$49.99 Shipping,https://c1.neweggimages.com/ProductImageCompressAll300/14-125-997-V01.jpg,"[[' 1544 MHz in OC mode \n1518 MHz in Gaming mode', ' 7680 x 4320', ' 3 x DisplayPort 1.4 (Gold Plated)', ' 1 x Dual-Link DVI-D (thin)', 'GV-N108TGAMINGOC BLA']]"
9SIAPMXJS30384,ASRock Challenger Pro Radeon RX 5700 XT 8GB GDDR6 PCI Express 4.0 x16 Video Card RX5700XT CLP 8GO,ASRock,3.4,5.0,,0,https://c1.neweggimages.com/ProductImageCompressAll300/14-930-044-V01.jpg,"[[' 1650 MHz', ' 8K HDR 60 Hz', ' 3 x DisplayPort 1.4', ' 1 x HDMI 2.0b', 'RX5700XT CLP 8GO']]"
9SIAPMXJJH2316,"GIGABYTE AORUS Radeon RX 6800 MASTER 16G Graphics Card, MAX-COVERED Cooling, 16GB 256-bit GDDR6, GV-R68AORUS M-16GD Video Card",GIGABYTE,4.9,14.0,899.99,0,https://c1.neweggimages.com/ProductImageCompressAll300/14-932-393-12.jpg,"[[' 7680 x 4320', ' 2 x DisplayPort 1.4a', ' 2 x HDMI 2.1', ' DirectX 12 Ultimate', 'GV-R68AORUS M-16GD']]"
9SIAPMXJJH9741,ZOTAC  ZT-90401-10P  GeForce GTX TITAN X  12GB  384-Bit  GDDR5  PCI Express 3.0  SLI Support Video Card,ZOTAC,4,1.0,399.99,0,https://c1.neweggimages.com/ProductImageCompressAll300/14-500-373-01.jpg,"[[' 1000 MHz', ' 4096 x 2160', ' 3 x DisplayPort', ' 1 x DVI', 'ZT-90401-10P']]"
9SIARA8JJR5477,"GIGABYTE GeForce RTX 2080 Super WINDFORCE OC 8G Graphics Card, 3 x WINDFORCE Fans, 8GB 256-Bit GDDR6, GV-N208SWF3OC-8GD Video Card",GIGABYTE,,,499.98,0,https://c1.neweggimages.com/ProductImageCompressAll300/AWFGD211031A8B4Y.jpg,[['eeette23']]
9SIARA8JMR4944,SAPPHIRE Radeon HD 7970 3GB GDDR5 PCI Express 3.0 x16 CrossFireX Support Video Card 21197-00-40G,Sapphire Tech,4.3,167.0,298.99,0,https://c1.neweggimages.com/ProductImageCompressAll300/14-102-961-02.jpg,"[[' 4096 x 2160 (HDMI)\r\n4096 x 2160 (DisplayPort)\r\n2560 x 1600 (DL-DVI)', ' 2 x Mini DisplayPort', ' 1 x DVI', ' 1 x HDMI', '21197-00-40G']]"
9SIARA8JJR5399,MSI G208S-GXT VCX GeForce RTX 2080 Super Gaming X TRIO 8G GDDR6 256B HDMI 3xDP Graphics Card,MSI,,,499.98,0,https://c1.neweggimages.com/ProductImageCompressAll300/V06W_1_201910061181932793.jpg,"[[' With Fan', 'G208S-GXT']]"
9SIARA8JT20482,ASUS GeForce GTX 950 2GB GDDR5 PCI Express 3.0 SLI Support Video Card STRIX-GTX950-DC2OC-2GD5-GAMING,ASUS,4.2,20.0,191.71,0,https://c1.neweggimages.com/ProductImageCompressAll300/14-121-980-02.jpg,"[[' 1165 MHz (OC Mode) \n1140 MHz (Gaming Mode)', ' 1 x DisplayPort', ' 1 x DVI-I\n1 x DVI-D', ' 1 x HDMI 2.0', 'STRIX-GTX950-DC2OC-2']]"
9SIARA8JMF5469,ASUS GeForce RTX 2080 Advanced Overclocked 8G GDDR6 Dual-Fan Edition VR Ready HDMI DP USB Type-C Graphics Card (DUAL-RTX2080-A8G),ASUS,2,1.0,414.21,0,https://c1.neweggimages.com/ProductImageCompressAll300/14-126-269-V50.jpg,"[[' 1515 MHz', ' 7680 x 4320', ' 3 x DisplayPort 1.4', ' 1 x HDMI 2.0b', 'DUAL-RTX2080-A8G']]"
9SIAWFGJT34560,PowerColor Red Dragon RX 550 4GB GDDR5 Graphics Card (AXRX-550-4GBD5-DH),PowerColor,3.6,8.0,199.0,0,https://c1.neweggimages.com/ProductImageCompressAll300/V0RGD201102BSMP5.jpg,"[[' 1190MHz', ' 4096 x 2160', ' 1 x DisplayPort', ' 1 x DL DVI-D', 'AXRX-550-4GBD5-DH']]"
9SIAPMXJMM8000,"EVGA GeForce GTX 1070 FTW2 GAMING iCX, 08G-P4-6676-KR, 8GB GDDR5, RGB LED, 9 Thermal Sensors, Asynchronous Fan Control, Thermal Display LED System, Optimized Airflow Fin Design",EVGA,4.4,32.0,217.0,0,https://c1.neweggimages.com/ProductImageCompressAll300/14-487-321-S99.jpg,"[[' 1607 MHz', ' 7680 x 4320', ' 3 x DisplayPort 1.4', ' 1 x Dual-Link DVI-D', '08G-P4-6676-KR']]"
9SIAPMXJ948236,ASUS TUF Gaming GeForce GTX 1660 SUPER Overclocked 6GB Edition HDMI DP DVI Gaming Graphics Card (TUF-GTX1660S-O6G-GAMING),ASUS,,,165.65,0,https://c1.neweggimages.com/ProductImageCompressAll300/AKEXS210730hBfvN.jpg,[['TUF-GTX1660S-O6G-GAMING']]
9SIAT8UJMD7183,"EVGA GeForce GTX 1060 SC GAMING, ACX 2.0 (Single Fan), 03G-P4-6162-KR, 3GB GDDR5, DX12 OSD Support (PXOC)",EVGA,4.5,89.0,125.0,$49.99 Shipping,https://c1.neweggimages.com/ProductImageCompressAll300/14-487-267-S99.jpg,"[[' 1607 MHz', ' 7680 x 4320', ' 3 x DisplayPort 1.4', ' 1 x Dual-Link DVI-D', '03G-P4-6162-KR']]"
9SIAPMXJMM7995,"EVGA GeForce GTX 1070 SC2 GAMING iCX, 08G-P4-6573-KR, 8GB GDDR5, 9 Thermal Sensors, Asynchronous Fan Control, Thermal Display LED System, Optimized Airflow Fin Design, Die Cast/Form Fitted Baseplate",EVGA,4.5,21.0,217.99,0,https://c1.neweggimages.com/ProductImageCompressAll300/14-487-320-Z01.jpg,"[[' 1594 MHz', ' 7680 x 4320', ' 3 x DisplayPort 1.4', ' 1 x Dual-Link DVI-D', '08G-P4-6573-KR']]"
9SIA22FJPG5602,VisionTek AMD Radeon RX 550 4GB GDDR5 4xDisplayPort Graphics Card 901458,VisionTek,,,129.97,0,https://c1.neweggimages.com/ProductImageCompressAll300/A24GD210810CGHNL.jpg,"[[' 50W', ' 184 mm', ' 3 Year', '901458']]"
9SIARA8JN31073,ASUS Dual GeForce GTX 1060 3GB GDDR5 PCI Express 3.0 Video Card DUAL-GTX1060-O3G,ASUS,3.9,76.0,132.73,0,https://c1.neweggimages.com/ProductImageCompressAll300/14-126-133-07.jpg,"[[' OC mode: 1594 MHz\nGaming Mode (Default): 1569 MHz', ' 7680 x 4320', ' 2 x Native DisplayPort 1.4', ' 1 x Native DVI-D', 'DUAL-GTX1060-O3G']]"
9SIAPMXJMM6993,EVGA GeForce GTX 980 Ti 6GB GDDR5 PCI Express 3.0 x16 SLI Support VR EDITION GAMING Video Card 06G-P4-3998-KR,EVGA,4.5,2.0,301.95,0,https://c1.neweggimages.com/ProductImageCompressAll300/14-487-227-01.jpg,"[[' 1000 MHz', ' Analog: 2048 x 1536\nDigital: 4096 x 2160', ' 2 x DisplayPort 1.2', ' 1 x Dual-link DVI-I', '06G-P4-3998-KR']]"
9SIAT8UJMD3067,GIGABYTE Radeon R9 270 2GB GDDR5 PCI Express 3.0 Video Card GV-R927OC-2GD,GIGABYTE,3.9,52.0,99.0,$49.99 Shipping,https://c1.neweggimages.com/ProductImageCompressAll300/14-125-491-02.jpg,"[[' 950 MHz', ' 1 x DisplayPort', ' 1 x DVI-I\r\n1 x DVI-D', ' 1 x HDMI', 'GV-R927OC-2GD']]"
9SIAPMXJMM6345,EVGA 04G-2975-KR GeForce GTX 970 SSC 4GB 256-Bit GDDR5 ACX 2.0 PCI Express 3.0,EVGA,3.9,34.0,179.99,0,https://c1.neweggimages.com/ProductImageCompressAll300/14-487-071-17.jpg,"[[' 1190 MHz', ' 4096 x 2160', ' 1 x DisplayPort', ' 2 x DVI', '04G-P4-2975-KR']]"
9SIAPMXJMM7758,"EVGA GeForce GTX 1070 FTW DT  GAMING ACX 3.0, 8GB GDDR5, RGB LED, 10CM FAN, 10 Power Phases, DX12, 08G-P4-6274-KR",EVGA,4.1,21.0,233.0,0,https://c1.neweggimages.com/ProductImageCompressAll300/14-487-262-S99.jpg,"[[' 1506 MHz', ' 7680 x 4320', ' 3 x DisplayPort 1.4', ' 1 x Dual-Link DVI-D', '08G-P4-6274-KR']]"
9SIARA8JVM6394,EVGA SuperClocked 02G-P4-2765-KR G-SYNC Support GeForce GTX 760 2GB 256-bit GDDR5 PCI Express 3.0 SLI Support w/ EVGA ACX Cooler Video Card,EVGA,4.6,417.0,97.98,0,https://c1.neweggimages.com/ProductImageCompressAll300/14-130-932-15.jpg,"[[' 1072 MHz', ' 4096 x 2160', ' 1 x DisplayPort', ' 1 x DVI-I\n1 x DVI-D', '02G-P4-2765-KR']]"
9SIARA8JMS8945,ASUS Turbo GeForce RTX 2070 SUPER TURBO-RTX2070S-8G-EVO 8GB 256-Bit GDDR6 PCI Express 3.0 HDCP Ready SLI Support Video Card,ASUS,,,389.99,0,https://c1.neweggimages.com/ProductImageCompressAll300/14-126-410-S01.jpg,"[[' 7680 x 4320', ' 3 x DisplayPort 1.4', ' 1 x HDMI 2.0b', ' 10.55"" x 4.45""', 'TURBO-RTX2070S-8GEVO']]"
9SIARA8JVM6320,EVGA GeForce GTX 650 1GB GDDR5 PCI Express 3.0 x16 Video Card 01G-P4-2650-KR,EVGA,4.5,155.0,98.99,0,https://c1.neweggimages.com/ProductImageCompressAll300/14-130-827-10.jpg,"[[' 1058MHz', ' 2560 x 1600', ' 2 x DVI', ' 1 x mini HDMI', '01G-P4-2650-KR']]"
9SIAWFGJT34755,"Powercolor AMD Radeon RX 6500 XT 4GB GDDR6 Video Card,4GB 64-bit GDDR6,PCI Express 4.0,1 x HDMI 2.1 , 1 x DisplayPort 1.4",PowerColor,,,199.0,0,https://c1.neweggimages.com/ProductImageCompressAll300/A4RES2203220EZSJN54.jpg,"[[' 7680 x 4320', ' 1 x DisplayPort 1.4', ' 1 x HDMI 2.1', ' 191×126 mm', 'Powercolor AMD Radeon RX 6500 XT 4GB']]"
9SIAPMXJBN7535,ASUS GeForce RTX 3070 V2 OC 8GB GDDR6 DUAL-RTX3070-O8G-V2 Video Graphic Card GPU,ASUS,,,418.13,0,https://c1.neweggimages.com/ProductImageCompressAll300/B515D2201020UDK40E6.jpg,"[[' 1 x DisplayPort', ' 1 x HDMI', ' NVIDIA', ' NVIDIA GeForce GTX 30 Series', 'DUAL-3070-O8G-V2-R']]"
9SIAPMXJKA0542,ASUS Radeon RX 590 DirectX 12 DUAL-RX590-O8G 8GB 256-Bit GDDR5 HDCP Ready CrossFireX Support Video Card,ASUS,,,289.71,0,https://c1.neweggimages.com/ProductImageCompressAll300/AYTVD210524HI7ZD.jpg,[['amdxk1']]
9SIAPMXJMN7354,"EVGA GeForce RTX 2080 Ti XC GAMING, 11G-P4-2382-KR, 11GB GDDR6, Dual HDB Fans & RGB LED",EVGA,4.1,7.0,597.99,0,https://c1.neweggimages.com/ProductImageCompressAll300/14-487-402-V11.jpg,"[[' 3 x DisplayPort 1.4', ' 1 x HDMI 2.0b', ' 10.60"" x 4.50""', ' 2 Slots', '11G-P4-2382-KR']]"
9SIAPMXJMT1835,"XFX SPEEDSTER QICK319 AMD Radeon RX 6700 XT ULTRA Gaming Graphics Card with 12GB GDDR6 HDMI 3xDP, AMD RDNA 2 (RX-67XTYPUDP)",XFX,5,2.0,369.99,0,https://c1.neweggimages.com/ProductImageCompressAll300/14-150-853-V01.jpg,"[[' 2418 MHz', ' 3 x DisplayPort 1.4', ' 1 x HDMI 2.1', ' 2.6 Slot', 'RX-67XTYPUDP']]"
9SIBF9VJKB1170,ASUS TUF GAMING X3 GeForce GTX 1660 SUPER ZAKU II EDITION GDDR6 14002 MHz 192-bit 7680 x 432 1 x 8-pin Video Card,ASUS,5,1.0,110.0,$45.00 Shipping,https://c1.neweggimages.com/ProductImageCompressAll300/ARA8S21061686iLx.jpg,[['ASUS TUF GAMING X3 GeForce GTX 1660 S']]
9SIAPMXJJM0486,PNY GeForce GTX 1080 Ti FE 11GB GDDR5X PCI Express 3.0 x16 Video Card VCGGTX1080T11PB-FE,"PNY Technologies, Inc.",5,3.0,349.99,0,https://c1.neweggimages.com/ProductImageCompressAll300/14-133-648-S99.jpg,"[[' 3 x DisplayPort 1.4', ' 1 x HDMI 2.0b', ' 10.50"" x 4.38""', ' 2 Slots', 'VCGGTX1080T11PB-FE']]"
9SIAPMXJK68265,ASUS ROG Strix Radeon RX 570 8GB GDDR5 PCI Express 3.0 Video Card ROG-STRIX-RX570-O8G-GAMING,ASUS,4.5,70.0,,0,https://c1.neweggimages.com/ProductImageCompressAll300/14-126-427-V06.jpg,"[[' OC Mode: 1178 MHz\nGaming Mode (Default): 1168 MHz', ' 5120 x 2880', ' 1 x DisplayPort 1.4', ' 2 x DVI-D', 'STRIX-RX570-O8G-GAM']]"
9SIAPMXJMM6845,"EVGA GeForce GTX 980 04G-P4-2982-KR 4GB SC GAMING, Silent Cooling Graphics Card",EVGA,4.7,88.0,185.47,0,https://c1.neweggimages.com/ProductImageCompressAll300/14-487-068-18.jpg,"[[' 1241 MHz', ' 4096 x 2160', ' 3 x DisplayPort', ' 1 x DVI', '04G-P4-2982-KR']]"
9SIBF9VJBU9779,ASUS GeForce RTX 3060 12GB GDDR6 PCI Express 4.0 Video Card KO-RTX3060-O12G-V2-GAMING,ASUS,5,4.0,,$45.00 Shipping,https://c1.neweggimages.com/ProductImageCompressAll300/14-126-572-S01.jpg,"[[' 7680 x 4320', ' 3 x DisplayPort 1.4a', ' 2 x HDMI 2.1', ' 10.83"" x 5.31""', 'KO-RTX3060-O12G-V2-GAMING']]"
9SIAPMXJMM6888,"EVGA GeForce GTX 980 Ti 06G-P4-4996-KR 6GB FTW GAMING w/ACX 2.0+, Whisper Silent Cooling w/ Free Installed Backplate Graphics Card",EVGA,4.6,78.0,234.49,0,https://c1.neweggimages.com/ProductImageCompressAll300/14-487-160-11.jpg,"[[' 1190 MHz', ' Analog: 2048 x 1536\nDigital: 4096 x 2160', ' 3 x DisplayPort 1.2', ' 1 x Dual-link DVI-I', '06G-P4-4996-KR']]"
9SIAPMXJJM0478,EVGA GeForce GTX 1080 Ti FE 11GB GDDR5X PCI Express 3.0 SLI Support FOUNDERS EDITION Video Card 11G-P4-6390-KR,EVGA,4.8,91.0,365.49,0,https://c1.neweggimages.com/ProductImageCompressAll300/14-487-335-S99.jpg,"[[' 1480 MHz', ' 7680 x 4320', ' 3 x DisplayPort 1.4', ' 1 x HDMI 2.0b', '11G-P4-6390-KR']]"
9SIARA8JVM6400,EVGA 04G-P4-2768-KR G-SYNC Support GeForce GTX 760 4GB 256-Bit GDDR5 PCI Express 3.0 SLI Support SC 4GB w/ EVGA ACX Cooler Video Card,EVGA,4.7,140.0,119.98,0,https://c1.neweggimages.com/ProductImageCompressAll300/14-130-949-16.jpg,"[[' 1085MHz', ' 4096 x 2160', ' 1 x DisplayPort', ' 1 x DVI-I\n1 x DVI-D', '04G-P4-2768-KR']]"
9SIARA8JVM6380,EVGA 02G-P4-3765-KR G-SYNC Support GeForce GTX 760 2GB 256-bit GDDR5 PCI Express 3.0 SLI Support Dual Superclocked w/ EVGA ACX Cooler Video Card,EVGA,4.6,84.0,149.98,0,https://c1.neweggimages.com/ProductImageCompressAll300/14-130-953-16.jpg,"[[' 1072MHz', ' 4096 x 2160', ' 1 x DisplayPort', ' 1 x DVI-I\n1 x DVI-D', '02G-P4-3765-KR']]"
9SIARA8JB82001,ASUS GeForce RTX 2070 Super Gaming 8GB GDDR6 ROG-STRIX-RTX2070S-8G-GAMING Video Graphic Card GPU,ASUS,,,399.0,0,https://c1.neweggimages.com/ProductImageCompressAll300/ADFRD2202251EYW1G3C.jpg,"[[' 1 x DisplayPort', ' 1 x HDMI', ' NVIDIA', ' NVIDIA GeForce GTX 20 Series', 'ROG-2070S-8G-G-R']]"
9SIARA8JMF5404,ASUS ROG GeForce RTX 2080 Ti 11GB GDDR6 SLI Support Video Card ROG-MATRIX-RTX2080TI-P11G-GAMING,ASUS,4.1,11.0,1020.02,0,https://c1.neweggimages.com/ProductImageCompressAll300/14-126-323-Z01.jpg,"[[' 1350 MHz', ' 7680 x 4320', ' 2 x DisplayPort 1.4', ' 2 x HDMI 2.0b', 'ROG-MATRIX-RTX2080TI']]"
9SIAPMXJCA3551,"XFX Radeon RX 580 GTS Black Edition 1405 MHz OC+, 8GB 256-bit GDDR5, DX12 VR Ready, Double Dissipation, Dual BIOS, PCI-E AMD Graphics Card (RX-580P828D6)",XFX,3.2,223.0,184.99,0,https://c1.neweggimages.com/ProductImageCompressAll300/14-150-794-V01.jpg,"[[' 1405 MHz (OC+ Capable Clock)\n1386 MHz (True Clock)', ' 4096 x 2160', ' 3 x DisplayPort 1.4', ' 1 x DL-DVI-D', 'RX-580P828D6']]"
9SIACTNJRA6943,Asus ROG G712LV Core I7-10750H Geforce RTX2060 6GB Motherboard 60NR04A0-MB1121 Laptop Motherboards,ASUS,,,839.99,Special Shipping,https://c1.neweggimages.com/ProductImageCompressAll300/ACTND2304040RIB7E1B.jpg,"[['60NR04A0-MB1121', '9SIACTNJRA6943']]"
9SIAPMXJMT1604,"PNY GeForce RTX 3090 24GB XLR8 Gaming EPIC-X RGB Triple Fan Graphics Card, VCG309024TFXPPB","PNY Technologies, Inc.",4.6,16.0,1299.99,0,https://c1.neweggimages.com/ProductImageCompressAll300/14-133-807-S09.jpg,"[[' 1395 MHz', ' 7680 x 4320 @ 60 Hz', ' 3 x DisplayPort 1.4', ' 1 x HDMI 2.1', 'VCG309024TFXPPB']]"
9SIBF9VJYD0486,ASUS ROG Strix Radeon RX 6900 XT 16GB GDDR6 PCI Express 4.0 CrossFireX Support Video Card ROG-STRIX-LC-RX6900XT-O16G-GAMING,ASUS,4.4,17.0,725.0,$65.00 Shipping,https://c1.neweggimages.com/ProductImageCompressAll300/14-126-489-01.jpg,"[[' 7680 x 4320', ' 2 x DisplayPort 1.4a', ' 1 x HDMI 2.1', ' 10.91"" x 5.16""', 'STRIXLCRX6900XTO16GG']]"
9SIAT8UJMF6101,EVGA w/ ACX Cooling 02G-P4-2773-KR GeForce GTX 770 2GB 256-bit GDDR5 PCI Express 3.0 SLI Support Video Card,EVGA,4.6,33.0,105.99,$49.99 Shipping,https://c1.neweggimages.com/ProductImageCompressAll300/14-130-919-09.jpg,"[[' 1046MHz', ' 1 x DisplayPort', ' 1 x DVI-I\n1 x DVI-D', ' 1 x HDMI', '02G-P4-2773-KR']]"
9SIAT8UJMD5328,ZOTAC GeForce GTX 1070 Ti AMP EXTREME 8GB GDDR5 256-bit Gaming Graphics Card,ZOTAC,,,669.98,$49.99 Shipping,https://c1.neweggimages.com/ProductImageCompressAll300/AKEYS200427EvXAx.jpg,"[[' Nvidia', ' NVIDIA GeForce GTX 1070 Ti', 'ZOTAC-288-2N435-001Z']]"
9SIA4REJWM0785,"XFX Speedster MERC 319 AMD Radeon RX 6900 XT Black Gaming Graphics Card with 16GB GDDR6, HDMI 2 x DP USB-C, AMD RDNA 2, RX-69XTACBD9",XFX,4.5,20.0,749.99,0,https://c1.neweggimages.com/ProductImageCompressAll300/14-150-847-01.jpg,"[[' 1950 MHz', ' 7680 x 4320', ' 2 x DisplayPort 1.4', ' 1 x HDMI 2.1', 'RX-69XTACBD9']]"
9SIAPMXJKC8798,ASUS ROG STRIX-GTX1060-O6G-GAMING graphics card - GF GTX 1060 - 6 GB - 90YV09Q0-M0NA00,ASUS,4,1.0,192.45,0,https://c1.neweggimages.com/ProductImageCompressAll300/AD7H_1_20170711673445859.jpg,"[[' 1645 MHz', ' 7680 x 4320', ' 2 x DisplayPort', ' DVI-D', '90YV09Q0-M0NA00']]"
9SIBF9VJNN5974,ASUS Dual GeForce RTX 2070 8GB GDDR6 PCI Express 3.0 Video Card DUAL-RTX2070-O8G,ASUS,2.2,16.0,150.0,$45.00 Shipping,https://c1.neweggimages.com/ProductImageCompressAll300/14-126-274-V50.jpg,"[[' 1410 MHz', ' 7680 x 4320', ' 3 x DisplayPort 1.4', ' 1 x HDMI 2.0b', 'DUAL-RTX2070-O8G']]"
9SIAPMXJMN7272,EVGA GeForce GTX 1080 8GB GDDR5X PCI Express 3.0 SLI Support Video Card 08G-P4-6684-KR,EVGA,3.5,2.0,269.99,0,https://c1.neweggimages.com/ProductImageCompressAll300/14-487-393-Z01.jpg,"[[' 1607 MHz', ' 7680 x 4320', ' 3 x DisplayPort 1.4', ' 1 x DL-DVI-D', '08G-P4-6684-KR']]"
9SIAPMXJMM6266,"EVGA GeForce GTX 960 02G-P4-2966-KR 2GB SSC GAMING w/ACX 2.0+, Whisper Silent Cooling Graphics Card",EVGA,4.5,214.0,124.99,0,https://c1.neweggimages.com/ProductImageCompressAll300/14-487-091-09.jpg,"[[' 1279 MHz', ' Analog: 2048 x 1536\nDigital: 4096 x 2160', ' 3 x DisplayPort 1.2', ' 1 x Dual-Link DVI-I', '02G-P4-2966-KR']]"
9SIAPMXJMM6275,"EVGA GeForce GTX 960 04G-P4-1962-KR 4GB SC GAMING, Only 6.8 inches, Perfect for mITX Build Graphics Card",EVGA,4.4,55.0,149.99,0,https://c1.neweggimages.com/ProductImageCompressAll300/14-487-154-09.jpg,"[[' 1216 MHz', ' Analog: 2048 x 1536\nDigital: 4096 x 2160', ' 1 x DisplayPort 1.2', ' 1 x Dual-link DVI-I\n1 x Dual-link DVI-D', '04G-P4-1962-KR']]"
9SIAWFGJT34758,"Powercolor Hellhound AMD Radeon RX 6700 XT 12GB Video Card,12GB 192-bit GDDR6,PCI Express 4.0,1 x HDMI 2.1 , 3 x DisplayPort 1.4",PowerColor,,,429.0,0,https://c1.neweggimages.com/ProductImageCompressAll300/A4RES2203220HB2WN43.jpg,"[[' 7680 x 4320', ' 3 x DisplayPort 1.4', ' 1 x HDMI 2.1', ' 305×132 mm', 'Powercolor Radeon RX 6700 XT Hellhound']]"
9SIAWFGJT34686,"Powercolor AMD Radeon RX 6600 8GB Competitive Edition Video Card,8GB 128-bit GDDR6,PCI Express 4.0,1 x HDMI 2.1 , 3 x DisplayPort 1.4",PowerColor,,,299.0,0,https://c1.neweggimages.com/ProductImageCompressAll300/A4RES2203220G17K3EC.jpg,"[[' 7680 x 4320', ' 3 x DisplayPort 1.4', ' 1 x HDMI 2.1', ' 200*111 mm', 'Powercolor AMD Radeon RX 6600 8GB']]"
9SIAPMXJMM7343,"EVGA GeForce GTX 1050 Ti SC GAMING, 04G-P4-6253-KR, 4GB GDDR5, DX12 OSD Support (PXOC)",EVGA,4.5,106.0,183.48,0,https://c1.neweggimages.com/ProductImageCompressAll300/14-487-291-01.jpg,"[[' 1354 MHz', ' 7680 x 4320', ' 1 x DisplayPort 1.4', ' 1 x Dual-Link DVI-D', '04G-P4-6253-KR']]"
9SIAPMXJJH5328,ASUS Radeon RX 6700 XT 12GB GDDR6 PCI Express 4.0 ATX Video Card RX6700XT-12G,ASUS,,,599.99,0,https://c1.neweggimages.com/ProductImageCompressAll300/14-126-502-V01.jpg,"[[' 7680 x 4320', ' 3 x DisplayPort 1.4a', ' 1 x HDMI 2.1', ' 10.50"" x 4.34""', 'RX6700XT-12G', '9SIAPMXJJH5328']]"
9SIAT8UJCA8191,"ZOTAC GAMING GeForce RTX 3080 Trinity 10GB GDDR6X 320-bit 19 Gbps PCIE 4.0 Gaming Graphics Card, IceStorm 2.0 Advanced Cooling, SPECTRA 2.0 RGB Lighting, ZT-A30800D-10P",ZOTAC,3.7,6.0,599.99,$49.99 Shipping,https://c1.neweggimages.com/ProductImageCompressAll300/14-500-502-01.jpg,"[[' 7680 x 4320 @ 60Hz', ' 3 x DisplayPort 1.4a', ' 1 x HDMI 2.1', ' 12.50"" x 4.80""', 'ZT-A30800D-10P', '9SIAT8UJCA8191']]"
9SIAPMXJMT1999,XFX Radeon RX 5700 XT THICC II ULTRA RX-57XT828D6 8GB 256-Bit GDDR6 PCI Express 4.0 Video Card,XFX,3.4,22.0,249.99,0,https://c1.neweggimages.com/ProductImageCompressAll300/14-150-825-V01.jpg,"[[' 1730 MHz', ' 7680 x 4320', ' 3 x DisplayPort 1.4', ' 1 x HDMI 2.0b', 'RX-57XT828D6', '9SIAPMXJMT1999']]"
9SIAPMXJK64113,ASUS ROG STRIX Radeon RX 5600 XT 6GB GDDR6 PCI Express 4.0 Video Card ROG-STRIX-RX5600XT-T6G-GAMING,ASUS,4.4,75.0,,0,https://c1.neweggimages.com/ProductImageCompressAll300/14-126-432-V01.jpg,"[[' 7680 x 4320', ' 3 x DisplayPort 1.4', ' 1 x HDMI 2.0b', ' 11.96"" x 5.12""', 'STRIX-RX5600XT-T6G-G']]"
9SIAPMXJJV6203,"GIGABYTE GeForce RTX 2080 TURBO OC 8G Graphics Card, Turbo Style Fan, 8GB 256-Bit GDDR6, GV-N2080TURBO OC-8GC Video Card",GIGABYTE,4.3,3.0,499.99,0,https://c1.neweggimages.com/ProductImageCompressAll300/14-932-085-V07.jpg,"[[' 1785 MHz', ' 7680 x 4320 @ 60 Hz', ' 3 x DisplayPort 1.4', ' 1 x HDMI 2.0b', 'GV-N2080TURBO OC-8GC', '9SIAPMXJJV6203']]"
9SIAPMXJK68264,ASUS AREZ Expedition Radeon RX 570 8GB GDDR5 PCI Express 3.0 CrossFireX Support Video Card AREZ-EX-RX570-O8G,ASUS,3.5,11.0,129.99,0,https://c1.neweggimages.com/ProductImageCompressAll300/14-126-316-Z01.jpg,"[[' 1266 MHz (OC Mode)\n1256 MHz (Gaming Mode)', ' 5120 x 2880', ' 1 x DisplayPort 1.4', ' 1 x DVI-D', 'AREZ-EX-RX570-O8G', '9SIAPMXJK68264']]"
9SIAPMXJK68342,ASUS Expedition Radeon RX 570 4GB GDDR5 PCI Express 3.0 CrossFireX Support Video Card EX-RX570-4G,ASUS,5,2.0,189.99,0,https://c1.neweggimages.com/ProductImageCompressAll300/14-126-304-V04.jpg,"[[' 1254 MHz (OC Mode)\n1244 MHz (Gaming Mode)', ' 5120 x 2880', ' 1 x DisplayPort 1.4', ' 1 x DVI-D', 'EX-RX570-4G', '9SIAPMXJK68342']]"
9SIB0TFJMS8552,ASUS Dual GeForce GTX 1650 DUAL-GTX1650-4G 4GB 128-Bit GDDR5 PCI Express 3.0 HDCP Ready Video Card,ASUS,,,167.27,0,https://c1.neweggimages.com/ProductImageCompressAll300/14-126-337-S01.jpg,"[[' 1485 MHz', ' 7680 x 4320', ' 1 x DisplayPort 1.4', ' 1 x DVI-D', 'DUAL-GTX1650-4G']]"
9SIAT8UJMD5194,"EVGA GeForce RTX 2080 SUPER KO GAMING Video Card, 08G-P4-2083-KR, 8GB GDDR6, Dual Fans",EVGA,4.6,44.0,375.0,$49.99 Shipping,https://c1.neweggimages.com/ProductImageCompressAll300/14-487-498-V01.jpg,"[[' 7680 x 4320', ' 3 x DisplayPort 1.4', ' 1 x HDMI 2.0b', ' 10.62"" x 4.38""', '08G-P4-2083-KR']]"
9SIAPMXJMB7658,MSI GeForce GTX 1050 Ti 4GB GDDR5 PCI Express 3.0 x16 Low Profile Video Card GTX 1050 TI 4GT LP,MSI,4.6,105.0,,0,https://c1.neweggimages.com/ProductImageCompressAll300/14-137-081-V01.jpg,"[[' 1290 MHz', ' 7680 x 4320', ' 1 x DisplayPort 1.4', ' 1 x DL-DVI-D', 'GTX 1050 TI 4GT LP']]"
9SIAT8UJMD3889,"EVGA GeForce RTX 2080 FTW3 ULTRA GAMING, 08G-P4-2287-KR, 8GB GDDR6, iCX2 & RGB LED",EVGA,4,37.0,414.0,0,https://c1.neweggimages.com/ProductImageCompressAll300/14-487-414-V09.jpg,"[[' 7680 x 4320', ' 3 x DisplayPort 1.4', ' 1 x HDMI 2.0b', ' 11.89"" x 5.48""', '08G-P4-2287-KR']]"
9SIAT8UJMD5533,"EVGA GeForce RTX 2060 XC Ultra Black Gaming, 06G-P4-2163-KR, 6GB GDDR6, Dual HDB Fans",EVGA,,,206.0,$49.99 Shipping,https://c1.neweggimages.com/ProductImageCompressAll300/AKXC_1_202003121021382547.jpg,[['9901239028584']]
9SIAPMXJJX2703,"Sapphire TOXIC AMD RADEON RX 6900 XT GAMING OC Video Card, 16GB GDDR6 EXTREME EDITION HDMI / TRIPLE DP",Sapphire Tech,4.4,5.0,1299.99,0,https://c1.neweggimages.com/ProductImageCompressAll300/14-202-404-V01.jpg,"[[' 7680 x 4320', ' 3 x DisplayPort 1.4', ' 1 x HDMI 2.1', ' Board: 10.63"" x 5.12""\nHex / Radiator: 15.51"" x 4.72""', '11308-08-20G']]"
9SIAT8UJMF2691,SAPPHIRE Radeon HD 6870 1GB 256-bit GDDR5 PCI Express 2.1 x16 HDCP Ready CrossFireX Support Video Card (100314-3L ),Sapphire Tech,4.4,551.0,87.83,0,https://c1.neweggimages.com/ProductImageCompressAll300/14-102-948-02.jpg,"[[' 2560 x 1600', ' 1 x DisplayPort', ' 2 x DVI (1 Single Link, 1 Dual Link)', ' 1 x HDMI', '100314-3L']]"
9SIAPMXJMM8289,"EVGA GeForce GTX 1070 Founders Edition, 08G-P4-6170-KR, 8GB GDDR5, LED, DX12 OSD Support (PXOC)",EVGA,4.8,68.0,220.46,0,https://c1.neweggimages.com/ProductImageCompressAll300/14-487-247-S99.jpg,"[[' 1506 MHz', ' 7680 x 4320', ' 3 x DisplayPort 1.4', ' 1 x Dual-Link DVI-D', '08G-P4-6170-KR']]"
9SIAPMXJKC8391,"ASUS Cerberus GeForce GTX 1050 Ti 4GB GDDR5 Gaming Graphics Card, CERBERUS-GTX1050TI-A4G",ASUS,4,2.0,159.99,0,https://c1.neweggimages.com/ProductImageCompressAll300/A4RE_131969211076627732f066hKKqQ1.jpg,"[[' OC Mode: 1366 MHz\nGaming Mode (Default): 1341 MHz', ' 7680 x 4320', ' 1 x DisplayPort 1.4', ' 1 x DVI-D', 'ASUS CERBERUS-GTX105']]"
9SIAWFGJHK1126,SAPPHIRE DUAL-X Radeon R9 270X 2GB GDDR5 PCI Express 3.0 CrossFireX Support Video Card 100364BF4L,Sapphire Tech,4.5,29.0,98.88,0,https://c1.neweggimages.com/ProductImageCompressAll300/14-202-063-05.jpg,"[[' 1020MHz', ' 1 x DisplayPort', ' 1 x DVI-D\r\n1 x DVI-I', ' 1 x HDMI', '100364BF4L']]"
9SIAPMXJNH3851,MSI Ventus GeForce RTX 3060 Ti 8GB GDDR6 PCI Express 4.0 Video Card RTX 3060 Ti VENTUS 2X,MSI,,,398.97,0,https://c1.neweggimages.com/ProductImageCompressAll300/14-137-615-V01.jpg,"[[' 7680 x 4320', ' 3 x DisplayPort 1.4', ' 1 x HDMI 2.1', ' 9.13"" x 4.88""', 'RTX 3060Ti VENTUS 2X']]"
9SIARA8JVM6328,EVGA SSC GeForce GTX 650 Ti 2GB GDDR5 PCI Express 3.0 x16 Video Card 02G-P4-3653-KR,EVGA,4.4,77.0,,0,https://c1.neweggimages.com/ProductImageCompressAll300/14-130-841-10.jpg,"[[' 1071MHz', ' 2560 x 1600', ' 2 x DVI', ' 1 x mini HDMI', '02G-P4-3653-KR']]"
9SIARA8JVM6341,EVGA GeForce GTX 650 Ti 2GB GDDR5 PCI Express 3.0 x16 Video Card 02G-P4-3651-KR,EVGA,4.4,53.0,99.98,0,https://c1.neweggimages.com/ProductImageCompressAll300/14-130-840-09.jpg,"[[' 928MHz', ' 2560 x 1600', ' 2 x DVI (1 Single Link, 1 Dual Link)', ' 1 x mini HDMI', '02G-P4-3651-KR']]"
9SIARA8JVM6306,EVGA  02G-P4-3658-KR  GeForce GTX 650 Ti BOOST SuperClocked 2GB  192-bit  GDDR5  PCI Express 3.0  SLI Support Video Card,EVGA,4.7,142.0,149.99,0,https://c1.neweggimages.com/ProductImageCompressAll300/14-130-910-16.jpg,"[[' 1072MHz', ' 1 x DisplayPort', ' 2 x DVI', ' 1 x HDMI', '02G-P4-3658-KR BOOST']]"
9SIARA8JVM6455,EVGA GeForce GTX 760 4GB GDDR5 PCI Express 3.0 SLI Support Video Card 04G-P4-2766-KR,EVGA,4.6,45.0,149.98,0,https://c1.neweggimages.com/ProductImageCompressAll300/14-130-937-08.jpg,"[[' 980MHz', ' 1 x DisplayPort', ' 2 x DVI', ' 1 x HDMI', '04G-P4-2766-KR']]"
9SIAWFGJSW9747,ASRock Challenger Pro Radeon RX 6600 XT 8GB GDDR6 PCI Express 4.0 Video Card RX6600XT CLP 8GO,ASRock,4.6,39.0,329.0,0,https://c1.neweggimages.com/ProductImageCompressAll300/14-930-062-V01.jpg,"[[' 2033 MHz', ' 7680 x 4320', ' 3 x DisplayPort 1.4 with DSC', ' 1 x HDMI 2.1 VRR', 'RX6600XT CLP 8GO']]"
9SIAPMXJJH9718,EVGA 06G-P4-3793-KR G-SYNC Support GeForce GTX TITAN BLACK Superclocked Signature 6GB 384-Bit GDDR5 PCI Express 3.0 SLI Support Video Card,EVGA,4.9,16.0,270.8,0,https://c1.neweggimages.com/ProductImageCompressAll300/14-487-036-09.jpg,"[[' 967MHz', ' 4096 x 2160', ' 1 x DisplayPort', ' 1 x DVI-D\n1 x DVI-I', '06G-P4-3793-KR']]"
9SIAPMXJJH2760,ASUS Radeon RX 6900 XT 16GB GDDR6 PCI Express 4.0 SLI Support Video Card RX6900XT-16G,ASUS,4.3,6.0,641.0,0,https://c1.neweggimages.com/ProductImageCompressAll300/14-126-481-01.jpg,"[[' 7680 x 4320', ' 2 x DisplayPort 1.4a', ' 1 x HDMI 2.1', ' 10.50"" x 4.72""', 'RX6900XT-16G', '9SIAPMXJJH2760']]"
9SIAT8UJMD1346,MSI GeForce GTX 1650 SUPER DirectX 12 GTX 1650 Super Gaming X 4GB 128-Bit GDDR6 PCI Express 3.0 x16 HDCP Ready Video Card,MSI,,,,0,https://c1.neweggimages.com/ProductImageCompressAll300/14-137-516-S01.jpg,"[[' 7680 x 4320', ' 3 x DisplayPort 1.4', ' 1 x HDMI 2.0b', ' 9.76"" x 5.00""', 'GEFORCE GTX 1650 SUP']]"
9SIAPMXJK57377,Sapphire Pulse RX 5600 XT BE 6GB GDDR6 PCI-E DUAL HDMI / DUAL DP OC w/ Backplate (UEFI),Sapphire Tech,4.3,26.0,209.99,0,https://c1.neweggimages.com/ProductImageCompressAll300/14-202-372-V01.jpg,"[[' HDMI: 4096x2160@60Hz\nDisplayPort1.4: 5120x2880@60Hz', ' 2 x DisplayPort 1.4', ' 2 x HDMI', ' 9.07"" x 4.82""', '11296-05-20G', '9SIAPMXJK57377']]"
9SIAT8UJMD5029,MSI GTX 960 4GB OC Dual Fan HDCP Ready SLI Support white tiger(GTX 960 4GD5T OC),MSI,,,102.8,$49.99 Shipping,https://c1.neweggimages.com/ProductImageCompressAll300/ATUJS210425tuF4b.jpg,"[[' 1178 MHz', ' 1 x HDMI', ' DirectX 12', ' NVIDIA', 'JOJO202104252058']]"
9SIAPMXJJH4931,MSI Radeon RX 6800 16GB GDDR6 PCI Express 4.0 CrossFireX Support Video Card RX 6800 16G,MSI,,,699.99,0,https://c1.neweggimages.com/ProductImageCompressAll300/14-137-608-01.jpg,"[[' 1700 MHz', ' 7680 x 4320', ' 2 x DisplayPort 1.4', ' 1 x HDMI 2.1 VRR', 'Radeon RX 6800 16G', '9SIAPMXJJH4931']]"
9SIA4REJTM7830,XFX Radeon RX 5600 XT THICC III PRO - RX-56XT6TF48 Video Card - 14GBPS 6GB BOOST UP TO 1750M D6 3xDP HDMI,XFX,4.3,21.0,,0,https://c1.neweggimages.com/ProductImageCompressAll300/14-150-834-S01.jpg,"[[' 7680 x 4320', ' 3 x DisplayPort 1.4', ' 1 x HDMI 2.0b', ' 12.83"" x 5.83""', 'RX-56XT6TF48']]"
9SIAPMXJK64109,ASUS ROG STRIX Radeon RX 5600 XT 6GB GDDR6 PCI Express 4.0 CrossFireX Support Video Card ROG-STRIX-RX5600XT-O6G-GAMING,ASUS,,,249.99,0,https://c1.neweggimages.com/ProductImageCompressAll300/14-126-404-S01.jpg,"[[' 7680 x 4320', ' 3 x DisplayPort 1.4', ' 1 x HDMI 2.0b', ' 11.96"" x 5.12""', 'ROGSTRIXRX5600XTO6GG', '9SIAPMXJK64109']]"
9SIAPMXJK68261,ASUS Expedition Radeon RX 570 8GB GDDR5 PCI Express 3.0 CrossFireX Support Video Card EX-RX570-O8G,ASUS,2.6,21.0,149.99,0,https://c1.neweggimages.com/ProductImageCompressAll300/14-126-241-V06.jpg,"[[' 5120 x 2880', ' 1 x DisplayPort 1.4', ' 1 x DVI-D', ' 1 x HDMI 2.0b', 'EX-RX570-O8G', '9SIAPMXJK68261']]"
9SIAPMXJMT1668,"PNY GeForce RTX 3080 10GB XLR8 Gaming REVEL EPIC-X RGB Triple Fan Graphics Card, VCG308010TFXPPB","PNY Technologies, Inc.",,,699.99,0,https://c1.neweggimages.com/ProductImageCompressAll300/14-133-809-01.jpg,"[[' 1440 MHz', ' 7680 x 4320 @ 60Hz (Digital)', ' 3 x DisplayPort 1.4', ' 1 x HDMI 2.1', 'VCG308010TFXPPB']]"
9SIADFRJR34797,"PNY GeForce GTX 1660 SUPER Dual Fan - Graphics card - GF GTX 1660 SUPER - 6 GB GDDR6 - PCIe 3.0 x16 - DVI, HDMI, Display","PNY Technologies, Inc.",,,219.99,0,https://c1.neweggimages.com/ProductImageCompressAll300/A8UC_1_202004011219053939.jpg,"[['VCG16606SDFPPB', '9SIADFRJR34797']]"
9SIAT8UJMF2718,"EVGA GeForce GTX 1050 Ti SSC GAMING ACX 3.0, 04G-P4-6255-KR, 4GB GDDR5, DX12 OSD Support (PXOC)",EVGA,4.6,66.0,129.0,$49.99 Shipping,https://c1.neweggimages.com/ProductImageCompressAll300/14-487-292-06.jpg,"[[' 1366 MHz', ' 7680 x 4320', ' 1 x DisplayPort 1.4', ' 1 x Dual-Link DVI-D', '04G-P4-6255-KR']]"
9SIAPMXJKW4272,MSI Radeon RX 570 8GB GDDR5 PCI Express x16 CrossFireX Support ATX Video Card RX 570 ARMOR 8G OC,MSI,3.7,173.0,138.99,0,https://c1.neweggimages.com/ProductImageCompressAll300/14-137-256-V01.jpg,"[[' 3 x DisplayPort', ' 1 x DL-DVI-D', ' 1 x HDMI', ' 9.69"" x 5.12""', 'RX 570 ARMOR 8G OC', '9SIAPMXJKW4272']]"
9SIAPMXJMM8024,EVGA GeForce GTX 1070 Ti GAMING 08G-P4-5670-KR 8GB GDDR5,EVGA,4.4,11.0,299.99,0,https://c1.neweggimages.com/ProductImageCompressAll300/14-487-386-V01.jpg,"[[' 1607+ MHz', ' 7680 x 4320', ' 3 x DisplayPort 1.4', ' 1 x DL-DVI-D', '08G-P4-5670-KR']]"
9SIAT8UJMD2635,"EVGA GeForce RTX 2080 Ti FTW3 Ultra Gaming, 11GB GDDR6, iCX2 & RGB LED Graphics Card 11G-P4-2487-KR",EVGA,,,699.99,0,https://c1.neweggimages.com/ProductImageCompressAll300/AKXC_1_202003121064998513.jpg,[['9901239138583']]
9SIAPMXJKW4273,MSI Radeon RX 570 8GB GDDR5 PCI Express x16 CrossFireX Support Video Card Radeon RX 570 ARMOR 8G,MSI,4.7,3.0,138.99,0,https://c1.neweggimages.com/ProductImageCompressAll300/14-137-337-V06.jpg,"[[' 3 x DisplayPort', ' 1 x DL-DVI-D', ' 1 x HDMI', ' 9.69"" x 5.12""', 'Radeon RX570 ARMOR8G', '9SIAPMXJKW4273']]"
9SIAPMXJMT1830,"XFX Radeon RX 6700 XT Gaming Graphics Card with 12GB GDDR6 Memory, Powered by AMD RDNA 2, HDMI 2.1 (RX-67TMYDFD8)",XFX,5,7.0,459.89,0,https://c1.neweggimages.com/ProductImageCompressAll300/14-150-850-06.jpg,"[[' 2330 MHz', ' 3 x DisplayPort 1.4', ' 1 x HDMI 2.1', ' 10.50"" x 4.33""', 'RX-67TMYDFD8']]"
9SIARA8JB12621,ASUS Gaming GeForce GTX 1660 SUPER Overclocked 6GB Dual-fan Edition HDMI DP DVI Gaming Graphics Card (GTX1660S-O6G-GAMING),ASUS,5,1.0,189.54,0,https://c1.neweggimages.com/ProductImageCompressAll300/APBUS201120nyETB.jpg,[['xianka-24']]
9SIARA8JPC8805,PowerColor Radeon RX Vega 56 8GB HBM2 PCI Express 3.0 CrossFireX Support ATX Video Card AXRX VEGA 56 8GBHBM2-3DH,PowerColor,3.8,17.0,399.99,0,https://c1.neweggimages.com/ProductImageCompressAll300/14-131-730-Z01.jpg,"[[' 1156 MHz', ' 3 x DisplayPort', ' 1 x HDMI', ' 11.02"" x 5.00""', 'AXRXVEGA56 8GHBM23DH']]"
9SIAWFGJVT6862,MSI GeForce GTX 750Ti GAMING 2GB GDDR5 PCI Express 3.0 x16 Video Card N750Ti TF 2GD5/OC,MSI,4.3,82.0,,0,https://c1.neweggimages.com/ProductImageCompressAll300/14-127-783-13.jpg,"[[' 1085 MHz (OC mode)\n1059 MHz (Gaming mode)\n1020 MHz (Silent mode)', ' 4096 x 2160', ' 1 x Dual-link DVI-D', ' 1 x HDMI', 'N750Ti TF 2GD5/OC']]"
9SIAWFGJEB7465,AMD Radeon RX 570 4GB GDDR5 PCI Express 3.0 Gaming Graphics Card - OEM,AMD,,,138.99,0,https://c1.neweggimages.com/ProductImageCompressAll300/AA0S_13163098897730966903v8rcIrCO.jpg,"[[' 1206 MHz', ' AMD', ' Single Fan', ' 225W', 'RX 570 4GB OEM']]"
9SIAWFGJSK1838,"GIGABYTE GeForce GTX 1660 Ti GAMING OC 6G Graphics Card, 3 x WINDFORCE Fans, 6GB 192-Bit GDDR6, GV-N166TGAMING OC-6GD Video Card",GIGABYTE,,,,0,https://c1.neweggimages.com/ProductImageCompressAll300/AWFGD211031ADMGM.jpg,[['eeette109']]
9SIAPMXJK57371,Sapphire Pulse RX 5600 XT BE 6GB GDDR6 PCI-E DUAL HDMI / DUAL DP OC w/ Backplate (UEFI),Sapphire Tech,4.5,22.0,209.99,0,https://c1.neweggimages.com/ProductImageCompressAll300/14-202-373-V01.jpg,"[[' HDMI: 4096x2160@60Hz\nDisplayPort1.4: 5120x2880@60Hz', ' 2 x DisplayPort 1.4', ' 2 x HDMI', ' 9.07"" x 4.82""', '100419P6GBEL', '9SIAPMXJK57371']]"
9SIAPMXJMM7489,EVGA - NVIDIA GeForce GTX 1060 6144MB GDDR5 PCI Express 3.0 Graphics Card - Black (06G-P4-6264-KB),EVGA,4.5,2.0,194.0,0,https://c1.neweggimages.com/ProductImageCompressAll300/A6V6_131601433065374154pAOcY7jMLR.jpg,"[[' DirectX 12', ' NVIDIA', ' 1835 MHz', ' 1280 Cores', 'B078Y3ZV5V']]"
9SIAPMXJMM7399,"EVGA GeForce GTX 1050 GAMING, 02G-P4-6150-KR, 2GB GDDR5, DX12 OSD Support (PXOC)",EVGA,4.7,40.0,149.99,0,https://c1.neweggimages.com/ProductImageCompressAll300/14-487-295-01.jpg,"[[' 1354 MHz', ' 7680 x 4320', ' 1 x DisplayPort 1.4', ' 1 x Dual-Link DVI-D', '02G-P4-6150-KR']]"
9SIAT8UJMD1567,GIGABYTE GeForce GTX 670 2GB GDDR5 PCI Express 3.0 x16 SLI Support Video Card GV-N670OC-2GD,GIGABYTE,4.4,326.0,,0,https://c1.neweggimages.com/ProductImageCompressAll300/14-125-423-02.jpg,"[[' 980MHz', ' 2560 x 1600', ' 1 x DisplayPort', ' 2 x DVI', 'GV-N670OC-2GD']]"
9SIAPMXJMT5605,XFX Radeon RX 5600 XT 6GB GDDR6 PCI Express 4.0 Video Card RX-56XT6DFD6,XFX,4.1,14.0,169.99,0,https://c1.neweggimages.com/ProductImageCompressAll300/14-150-833-V01.jpg,"[[' 7680 x 4320', ' 3 x DisplayPort 1.4', ' 1 x HDMI 2.0b', ' 11.02"" x 5.83""', 'RX-56XT6DFD6', '9SIAPMXJMT5605']]"
9SIAPMXJKC6565,ASUS GeForce GTX 970 4GB GDDR5 PCI Express 3.0 SLI Support Video Card GTX970-DCMOC-4GD5,ASUS,4.6,21.0,,0,https://c1.neweggimages.com/ProductImageCompressAll300/14-121-912-07.jpg,"[[' 1088 MHz', ' 4096 x 2160', ' 1 x DisplayPort', ' 1 x DVI-I\n1 x DVI-D', 'GTX970-DCMOC-4GD5']]"
9SIAPMXJJH4940,"GIGABYTE Radeon RX 6800 DirectX 12 Ultimate GV-R68-16GC-B Video Card 16GB of GDDR6 Memory, Powered by AMD RDNA 2, HDMI 2.1",GIGABYTE,4.8,8.0,555.55,0,https://c1.neweggimages.com/ProductImageCompressAll300/14-932-374-01.jpg,"[[' 7680 x 4320', ' 2 x DisplayPort 1.4a', ' 1 x HDMI 2.1', ' 10.51"" x 4.72""', 'GV-R68-16GC-B', '9SIAPMXJJH4940']]"
9SIAPMXJKC8663,ASUS GeForce GTX 1050 Ti 4GB GDDR5 PCI Express 3.0 Low Profile Video Card GTX1050TI-O4G-LP-BRK,ASUS,5,1.0,189.99,0,https://c1.neweggimages.com/ProductImageCompressAll300/14-126-250-V01.jpg,"[[' OC Mode: 1328 MHz\nGaming Mode (Default): 1303 MHz', ' 7680 x 4320', ' 1 x DisplayPort 1.4', ' 1 x DVI-D', 'GTX1050TI-O4G-LP-BRK', '9SIAPMXJKC8663']]"
9SIAPMXJK63992,ASUS Dual Radeon RX 5500 XT 4GB GDDR6 PCI Express 4.0 Video Card DUAL-RX5500XT-O4G-EVO,ASUS,3.7,6.0,189.99,0,https://c1.neweggimages.com/ProductImageCompressAll300/14-126-399-V01.jpg,"[[' 7680 x 4320', ' 3 x DisplayPort 1.4', ' 1 x HDMI 2.0b', ' 9.53"" x 5.12""', 'DUAL-RX5500XT-O4G-EV']]"
9SIAPMXJK68308,ASUS AREZ Strix Radeon RX 570 4GB GDDR5 PCI Express 3.0 Video Card AREZ-STRIX-RX570-O4G-GAMING,ASUS,5,1.0,149.99,0,https://c1.neweggimages.com/ProductImageCompressAll300/14-126-303-V01.jpg,"[[' 1310 MHz (OC Mode)\n1300 MHz (Gaming Mode)', ' 5120 x 2880', ' 1 x DisplayPort 1.4', ' 2 x DVI-D', 'STRIX-RX570-O4G GAMI', '9SIAPMXJK68308']]"
9SIAPMXJJF5531,XFX Radeon RX 550 2GB GDDR5 PCI-E Video Card RX-550P2SFG5,XFX,4.8,5.0,158.92,0,https://c1.neweggimages.com/ProductImageCompressAll300/14-150-805-Z01.jpg,"[[' 1203 MHz', ' 4096 x 2160', ' 1 x DisplayPort 1.4', ' 1 x DL-DVI-D', 'RX-550P2SFG5']]"
9SIA4REJWJ2694,GIGABYTE GeForce GTX 950 2GB GDDR5 PCI Express 3.0 ATX Video Card GV-N950D5-2GD,GIGABYTE,5,3.0,74.99,0,https://c1.neweggimages.com/ProductImageCompressAll300/14-125-856-02.jpg,"[[' 1051 MHz in OC Mode\n1026 MHz in Gaming Mode', ' Digital: 4096 x 2160\nAnalog: 2048 x 1536', ' 1 x DisplayPort', ' 1 x Dual-link DVI-I\n1 x Dual-link DVI-D', 'GV-N950D5-2GD', '9SIA4REJWJ2694']]"
9SIAPMXJJW8194,"GIGABYTE AORUS GeForce RTX 3080 XTREME WATERFORCE 10GB Video Card, GV-N3080AORUSX W-10GD",GIGABYTE,4.9,14.0,1249.99,0,https://c1.neweggimages.com/ProductImageCompressAll300/14-932-372-V12.jpg,"[[' 7680 x 4320', ' 3 x DisplayPort 1.4a', ' 2 x HDMI 2.1, 1 x HDMI 2.0 (The middle HDMI output supports up to HDMI 2.0)', ' 9.92"" x 5.31""', 'GV-N3080AORUSX W10GD', '9SIAPMXJJW8194']]"
9SIBJNCJN46184,ASUS Dual GeForce RTX 2070 8GB GDDR6 PCI Express 3.0 Video Card DUAL-RTX2070-O8G-EVO,ASUS,4,5.0,329.9,0,https://c1.neweggimages.com/ProductImageCompressAll300/14-126-326-V05.jpg,"[[' 1410 MHz', ' 7680 x 4320', ' 2 x DisplayPort 1.4', ' 1 x DL-DVI-D', 'DUAL-RTX2070-O8G-EVO']]"
9SIAPMXJJX2708,"Sapphire TOXIC AMD Radeon RX 6900 XT Air Cooled Gaming Graphics Card with 16GB GDDR6, AMD RDNA 2 (11308-11-20G)",Sapphire Tech,4.7,17.0,,0,https://c1.neweggimages.com/ProductImageCompressAll300/14-202-410-V01.jpg,"[[' 7680 x 4320', ' 3 x DisplayPort 1.4', ' 1 x HDMI 2.1', ' 12.60"" x 5.31""', '11308-11-20G']]"
9SIAPW2JMJ9508,ASUS ROG Strix GeForce GTX 1080 8GB 11Gbps OC Edition VR Ready HDMI DP DVI Gaming Graphics Card (ROG-STRIX-GTX1080-O8G-11GPBS),ASUS,4.1,22.0,399.99,0,https://c1.neweggimages.com/ProductImageCompressAll300/14-126-201-V01.jpg,"[[' 1721 MHz (OC Mode)\n1695 MHz (Gaming Mode)', ' 7680 x 4320', ' 2 x DisplayPort 1.4', ' 1 x DVI-D', 'GTX1080-O8G-11GBPS']]"
9SIAPMXJMT1683,"XFX Speedster MERC319 AMD Radeon RX 6900 XT ULTRA Gaming Graphics Card with 16GB GDDR6, HDMI 2,1, 2 x DP, USB-C, AMD RDNA 2 (RX-69XTACUD9)",XFX,5,4.0,1199.99,0,https://c1.neweggimages.com/ProductImageCompressAll300/14-150-846-05.jpg,"[[' 1925 MHz', ' 2 x DisplayPort 1.4', ' 1 x HDMI 2.1', ' 13.39"" x 5.47""', 'RX-69XTACUD9', '9SIAPMXJMT1683']]"
9SIAWFGJ9F4294,XFX Radeon RX 560 Double Dissipation RX-560P45 4GB 128-Bit GDDR5 DirectX 12 PCI Express 3.0 Video Card,AMD,,,187.77,0,https://c1.neweggimages.com/ProductImageCompressAll300/AWFGS2205110ERZ5C13.jpg,"[[' 4096 x 2160', ' 1 x DisplayPort 1.4', ' 1 x DL-DVI-D', ' 1 x HDMI 2.0b', 'XFX Radeon RX 560 Double Dissipation RX-', '9SIAWFGJ9F4294']]"
9SIAWFGJT34752,PowerColor Hellhound Radeon RX 6600 XT 8GB GDDR6 PCI Express 4.0 ATX Video Card 6600XT 8GBD6-3DHL/OC,PowerColor,5,1.0,297.0,0,https://c1.neweggimages.com/ProductImageCompressAll300/14-131-787-V08.jpg,"[[' Game 2382MHz(OC)/2359MHz(Silent)', ' 3 x DisplayPort 1.4', ' 1 x HDMI 2.1', ' 2.2 Slot', '6600XT 8GBD6-3DHL/OC', '9SIAWFGJT34752']]"
9SIAWFGJT34683,"PowerColor Red Devil AXRX 6700XT 12GBD6-3DHE/OC Graphics Card, 12GB 192-bit GDDR6, Support PCI Express 4.0,1×HDMI2.1 Interface, 3×DisplayPort1.4 Interface",PowerColor,,,449.0,0,https://c1.neweggimages.com/ProductImageCompressAll300/A4RES2111150IUMWZCB.jpg,"[[' 7680 x 4320', ' 3 x DisplayPort 1.4', ' 1 x HDMI 2.1', ' 320×130mm', 'PowerColor Red Devil AXRX 6700XT 12GB OC']]"
9SIAWFGJT34767,PowerColor Hellhound Radeon RX 6600 XT 8GB GDDR6 PCI Express 4.0 ATX Video Card 6600XT 8GBD6-3DHL/OC,PowerColor,,,309.0,0,https://c1.neweggimages.com/ProductImageCompressAll300/AYTVD210823KHXXW.jpg,[['6600XT-7']]
9SIAWFGJUX6798,ASRock Radeon RX 6600 8GB PCI Express 4.0 Video Card RX6600 CLI 8G,ASRock,5,1.0,288.0,0,https://c1.neweggimages.com/ProductImageCompressAll300/14-930-065-V01.jpg,"[[' AMD', ' AMD Radeon RX 6000 Series', ' RDNA 2', ' 1792 Stream Processors', 'RX6600 CLI 8G']]"
9SIAWFGJT34741,"PowerColor Hellhound Sakura AMD Radeon RX 6650 XT Graphics Card, 8GB 128-bit GDDR6,PCI Express 4.0, 1 x HDMI 2.1 , 3 x DisplayPort 1.4",PowerColor,,,499.0,0,https://c1.neweggimages.com/ProductImageCompressAll300/A4RES2205110EOVKP7B.jpg,"[[' 2410 MHz', ' 7680 x 4320', ' 3 x DisplayPort 1.4', ' 1 x HDMI 2.1', 'Powercolor RX 6650 XT Hellhound Sakura']]"
9SIAWFGJPD3973,"XFX SPEEDSTER SWFT210 Radeon RX 6600 XT 8GB GDDR6 PCI Express 4.0 Core Gaming Graphics Card, AMD RDNA 2 RX-66XT8DFDQ",XFX,,,298.99,0,https://c1.neweggimages.com/ProductImageCompressAll300/AYTVD210823KI6O8.jpg,"[['6600XT-11', '9SIAWFGJPD3973']]"
9SIAT8UJMD2047,GIGABYTE GeForce GT 730 2GB GDDR5 PCI Express 2.0 x8 ATX Video Card GV-N730D5-2GI REV2.0,GIGABYTE,3.3,9.0,94.98,0,https://c1.neweggimages.com/ProductImageCompressAll300/14-125-775-01.jpg,"[[' 902 MHz', ' Digital: 4096 X 2160 (Through HDMI connector)\r\nAnalog: 2048 x 1536', ' 1 x Dual-link DVI-D', ' 1 x HDMI', 'GV-N730D5-2GI REV2.0']]"
9SIAPMXJJH2906,ASUS Radeon RX 6800 XT 16GB GDDR6 PCI Express 4.0 Video Card RX6800XT-16G,ASUS,3.7,3.0,799.99,0,https://c1.neweggimages.com/ProductImageCompressAll300/14-126-472-01.jpg,"[[' 7680 x 4320', ' 2 x DisplayPort 1.4a', ' 1 x HDMI 2.1', ' 10.50"" x 4.72""', 'RX6800XT-16G', '9SIAPMXJJH2906']]"
9SIAPMXJMT5730,XFX Radeon RX 5600 XT 6GB GDDR6 PCI Express 4.0 Video Card RX-56XT6TBD8,XFX,4.8,4.0,178.99,0,https://c1.neweggimages.com/ProductImageCompressAll300/14-150-832-V01.jpg,"[[' 7680 x 4320', ' 3 x DisplayPort 1.4', ' 1 x HDMI 2.0b', ' 12.83"" x 5.83""', 'RX-56XT6TBD8', '9SIAPMXJMT5730']]"
9SIAPMXJMM6892,"EVGA GeForce GTX 980 04G-P4-2980-KR 4GB GAMING, Silent Cooling Graphics Card",EVGA,4.5,33.0,209.99,0,https://c1.neweggimages.com/ProductImageCompressAll300/14-487-067-19.jpg,"[[' 1126 MHz', ' 4096 x 2160', ' 3 x DisplayPort', ' 1 x DVI', '04G-P4-2980-KR', '9SIAPMXJMM6892']]"
9SIAYB7JSM7776,Nvidia GEFORCE GTX 1070 Ti - FE Founder's Edition,NVIDIA,5,1.0,247.99,0,https://c1.neweggimages.com/ProductImageCompressAll300/A6V6_131593665970100417yzueHJJrkj.jpg,"[[' 1607 MHz', ' 1 x HDMI 2.0b', ' 2 Slots', ' DirectX 12', 'B077BQ83WP']]"
9SIAPMXJKC6855,ASUS ROG GeForce GTX 980 Ti 6GB GDDR5 PCI Express 3.0 Gaming Video Card MATRIX-GTX980TI-P-6GD5-GAMING,ASUS,4.1,22.0,,0,https://c1.neweggimages.com/ProductImageCompressAll300/14-126-046-19.jpg,"[[' 1216 MHz (OC Model)\n1190 MHz (Gaming Model)', ' 5120 x 3200', ' 3 x DisplayPort 1.2', ' 1 x Dual-link DVI', 'MATRIX-GTX980TI-P-6G']]"
9SIAPMXJKC6888,ASUS ROG GeForce GTX 980 Ti 6GB GDDR5 PCI Express 3.0 SLI Support Gaming Video Card POSEIDON-GTX980TI-P-6GD5,ASUS,4.4,14.0,,0,https://c1.neweggimages.com/ProductImageCompressAll300/14-121-997-11.jpg,"[[' 1114 MHz (Gaming)\n1140 MHz (OC)', ' 5120 x 3200', ' 3 x DisplayPort', ' 1 x DVI-I', 'POSEIDON-GTX980TI-P-']]"
9SIAT8UJMD1160,ASUS GeForce GTX 980 Ti 6GB GDDR5 PCI Express 3.0 SLI Support Video Card STRIX-GTX980TI-DC3OC-6GD5-GAMING,ASUS,4.3,83.0,,0,https://c1.neweggimages.com/ProductImageCompressAll300/14-121-972-S99.jpg,"[[' OC Mode: 1216 MHz\nGaming Mode: 1190 MHz', ' 3 x Native DisplayPort', ' 1 x Native DVI', ' 1 x Native HDMI 2.0', 'STRIX-GTX980TI-DC3OC']]"
9SIB601J8X6912,SAPPHIRE NITRO+ Radeon RX 590 GME 8G Ultra-Platinum Special Edition DirectX 12 8GB 256-Bit GDDR5 PCI Express 3.0 CrossFireX Support ATX VR Ready Video Card,Sapphire Tech,,,,0,https://c1.neweggimages.com/ProductImageCompressAll300/APBUS201114IlhXI.jpg,[['SAPPHIRE RX 590 GME']]
9SIB11NJSU2363,"GIGABYTE AORUS GeForce RTX 2080 8G Graphics Card, 3 x Stacked WINDFORCE Fans, 8GB 256-Bit GDDR6, GV-N2080AORUS-8GC Video Card",GIGABYTE,2.5,24.0,299.99,$8.99 Shipping,https://c1.neweggimages.com/ProductImageCompressAll300/14-932-083-V01.jpg,"[[' 1845 MHz', ' 7680 x 4320 @ 60 Hz', ' 3 x DisplayPort 1.4', ' 3 x HDMI 2.0b', 'GV-N2080AORUS-8GC']]"
9SIA4REJNP4214,"ZOTAC GeForce RTX 3060Ti X-GAMING Gaming Graphics Card(PCIe 4.0, 8GB GDDR6,HDMI 2.1, DisplayPort 1.4a), RTX 3060Ti-8GD6 X-GAMING-GOC  Video Card, Pink/Blue GPU",ZOTAC,,,396.81,0,https://c1.neweggimages.com/ProductImageCompressAll300/AYTVS2205310HHP0I9C.jpg,[['B-ZOTAC RTX3060Ti-8GD6 X-GAMING']]
9SIA4REJWM0879,ASRock Challenger D Radeon RX 5500 XT 8GB GDDR6 PCI Express 4.0 x8 Video Card RX5500XT CLD 8GO,ASRock,3.5,19.0,129.99,0,https://c1.neweggimages.com/ProductImageCompressAll300/14-930-025-V01.jpg,"[[' 1685 MHz', ' 7680 x 4320', ' 3 x DisplayPort 1.4', ' 1 x HDMI 2.0b', 'RX5500XT CLD 8GO', '9SIA4REJWM0879']]"
9SIA4REJWK3709,"XFX SPEEDSTER MERC308 Radeon RX 6600 XT 8GB GDDR6 PCI Express 4.0 BLACK Gaming Graphics Card, AMD RDNA 2 RX-66XT8TBDQ",XFX,4.5,15.0,259.99,0,https://c1.neweggimages.com/ProductImageCompressAll300/14-150-860-V91.jpg,"[[' 2188 MHz', ' 3 x DisplayPort 1.4', ' 1 x HDMI 2.1', ' 10.79"" x 4.49""', 'RX-66XT8TBDQ', '9SIA4REJWK3709']]"
9SIAWFGJPA8396,XFX Radeon RX 590 DirectX 12  8GB 256-Bit GDDR5 PCI Express x16 HDCP Ready CrossFireX Support Video Card,XFX,,,,0,https://c1.neweggimages.com/ProductImageCompressAll300/APMXS210621t19Gp.jpg,[['RX-590G85']]
9SIAPMXJAS5921,"ASUS Gundam limited edition ROG-STRIX-RTX3090-O24G-GUNDAM 384bit 19500MHz GDDR6X 7680×4320 PCI Express 4.0 16X  DirectX 12,OpenGL 4.6 Video Card",ASUS,,,1799.99,0,https://c1.neweggimages.com/ProductImageCompressAll300/ASSKS2111080IFVKZ3C.jpg,"[[' 7680×4320', ' NVIDIA', ' Triple Fans', 'ASUS ROG-STRIX-RTX3090-O24G-GUNDAM']]"
9SIAPMXJJW8314,"GIGABYTE AORUS RTX 3090 GAMING BOX eGPU, WATERFORCE All-in-One Cooling System, Thunderbolt 3, GV-N3090IXEB-24GD External Graphics Card",GIGABYTE,3.1,11.0,1899.99,0,https://c1.neweggimages.com/ProductImageCompressAll300/14-932-385-V13.jpg,"[[' 1695 MHz', ' 7680 x 4320', ' 3 x DisplayPort', ' 2 x HDMI', 'GV-N3090IXEB-24GD', '9SIAPMXJJW8314']]"
9SIAWFGJT34691,"PowerColor Red Devil AMD Radeon RX 6700 XT Gaming Graphics Card with 12GB GDDR6 Memory, Powered by AMD RDNA 2, Raytracing, PCI Express 4.0, HDMI 2.1, AMD Infinity Cache",PowerColor,,,,0,https://c1.neweggimages.com/ProductImageCompressAll300/AYTVD210622IMONL.jpg,[['WBHAMD1-33']]
9SIAPNMJNH2362,PowerColor RED DRAGON Radeon RX 580 8GB GDDR5 PCI Express 3.0 CrossFireX Support ATX Video Card AXRX 580 8GBD5-3DHDV2/OC,PowerColor,3.5,110.0,79.95,$49.99 Shipping,https://c1.neweggimages.com/ProductImageCompressAll300/14-131-720-Z01.jpg,"[[' DVI: 2560x1600\nDisplayPort: 4096x2160\nHDMI: 4096x2160', ' 3 x DisplayPort', ' 1 x DL-DVI-D', ' 1 x HDMI', 'AXRX580 8GD53DHDV2OC']]"
9SIB86XJ814198,51RISC Graphics Card RTX3070 8GB GPU12Pin GDDR6 256bit HDMI*1 DP*3 PCI Express 4.0 x16 rtx3070 Gaming Video card,51Risc,,,479.0,0,https://c1.neweggimages.com/ProductImageCompressAll300/B86XS2209290H775C97.jpg,"[[' Double Fans', 'manlirtx30708gb', '9SIB86XJ814198']]"
9SIAPMXJJH8378,GIGABYTE GeForce GTX 1050 Ti 4GB GDDR5 PCI Express 3.0 x16 ATX Video Cards GV-N105TD5-4GD,GIGABYTE,4.7,14.0,101.39,0,https://c1.neweggimages.com/ProductImageCompressAll300/14-932-020-05.png,"[[' 1316 MHz in OC Mode\n1290 MHz in Gaming', ' 7680 x 4320', ' 1 x DisplayPort 1.4', ' 1 x Dual-Link DVI-D', 'GV-N105TD5-4GD']]"
9SIAGGGHSH8444,"GIGABYTE AORUS GeForce RTX 2080 Super 8G Graphics Card, WINDFORCE Stack, 8GB 256-Bit GDDR6, GV-N208SAORUS-8GC Video Card",GIGABYTE,,,472.49,$31.00 Shipping,https://c1.neweggimages.com/ProductImageCompressAll300/APHAS210505Ql4SW.jpg,"[[' 1860 MHz', ' 7680 x 4320 @ 60 Hz', ' 3 x DisplayPort 1.4', ' 3 x HDMI 2.0b', 'vvv13']]"
9SIAGGGHSH7402,"GIGABYTE GeForce RTX 3080 VISION OC 10GB Video Card, GV-N3080VISION OC-10GD (REV2.0)",GIGABYTE,,,782.24,$31.00 Shipping,https://c1.neweggimages.com/ProductImageCompressAll300/AGKCD2204110OIXJI53.jpg,[['GV-N3080VISIONOC-10GDREV2SNRFB']]
9SIAWFGJST0446,Sapphire R7 350 2GB GD5 Game Graphics Card Computer Graphic Cards Dual Fan Graphics Card,Sapphire Tech,,,169.98,0,https://c1.neweggimages.com/ProductImageCompressAll300/ATUJS220221rGQwb.jpg,"[[' 3840×2160', ' DirectX 12', ' AMD', ' 512 Stream Processors', 'JOJO202202211555', '9SIAWFGJST0446']]"
9SIARA8JVX1485,MSI GeForce GTX 1660 Ti 6GB GDDR6 PCI Express 3.0 x16 Video Card GTX 1660 TI VENTUS 6G OC,MSI,3.8,4.0,,0,https://c1.neweggimages.com/ProductImageCompressAll300/14-137-637-V06.jpg,"[[' 7680 x 4320', ' 3 x DisplayPort 1.4a', ' 1 x HDMI 2.0b', ' 9.09"" x 5.00""', 'GTX1660 TI VENTUS6GO']]"
9SIARA8JAD7000,MSI GeForce RTX 2070 SUPER 8GB GDDR6 PCI Express 3.0 x16 SLI Support Video Card RTX 2070 SUPER GAMING,MSI,5,2.0,352.01,0,https://c1.neweggimages.com/ProductImageCompressAll300/14-137-584-V01.jpg,"[[' 7680 x 4320', ' 3 x DisplayPort 1.4', ' 1 x HDMI 2.0b', ' 11.69"" x 5.63""', 'RTX 2070SUPER GAMING']]"
9SIARA8JVM6817,EVGA GeForce GTX 750 2GB GDDR5 PCI Express 3.0 x16 Video Card (G-SYNC Support) 02G-P4-2758-KR,EVGA,4.8,10.0,108.99,0,https://c1.neweggimages.com/ProductImageCompressAll300/14-487-064-09.jpg,"[[' 1229 MHz', ' 4096 x 2160', ' 1 x DisplayPort', ' 1 x DVI', '02G-P4-2758-KR', '9SIARA8JVM6817']]"
9SIARA8JPD2117,EVGA 03G-P4-2665-KR G-SYNC Support GeForce GTX 660 SC Signature 2 3GB 192-bit GDDR5 PCI Express 3.0 x16 HDCP Ready SLI Support Video Card,EVGA,4.8,11.0,169.99,0,https://c1.neweggimages.com/ProductImageCompressAll300/14-130-834-10.jpg,"[[' 1046MHz', ' 1 x DisplayPort', ' 2 x DVI', ' 1 x HDMI', '03G-P4-2665-KR', '9SIARA8JPD2117']]"
9SIAWFGJVT6861,MSI GTX 1050 Ti Low Profile 4GB GDDR5 Graphics Card (V809-2404R),MSI,,,129.99,0,https://c1.neweggimages.com/ProductImageCompressAll300/AD7H_1_201811152139268865.jpg,"[[' 75W', 'V809-2404R', '9SIAWFGJVT6861']]"
9SIARA8JPC8800,POWERCOLOR AX5870 1GBD5-MDH Radeon HD 5870 (Cypress XT) 1GB 256-bit GDDR5 PCI Express 2.0 x16 HDCP Ready CrossFire Supported Video Card w/ATI Eyefinity,PowerColor,4.8,8.0,199.0,0,https://c1.neweggimages.com/ProductImageCompressAll300/14-131-176-02.jpg,"[[' 850 MHz', ' 2560 x 1600', ' 1 x DisplayPort', ' 2 x DVI', 'AX5870 1GBD5-MDH']]"
9SIARA8JMF5517,"PNY GeForce RTX 2070 8GB XLR8 Gaming Overclocked Edition Graphics Card, VCG20708DFPPB-O","PNY Technologies, Inc.",,,281.2,0,https://c1.neweggimages.com/ProductImageCompressAll300/14-133-763-S05.jpg,"[[' 1410 MHz', ' 7680 x 4320*\n* 7680 x 4320 @ 60 Hz RGB8-bit with dual DisplayPort connectors or 7680 x 4320 @ 60 Hz YUV420 8-bit with DisplayPort 1.3 connector.', ' 2 x DisplayPort 1.4', ' 1 x DVI-D', 'VCG20708DFPPB-O']]"
9SIAWFGJSU3929,ASUS TUF Gaming GeForce GTX 1650 O4GB GDDR6 graphics card becomes your ticket to enter the PC gaming world 128-Bit GDDR6 PCI Express 3.0 HDCP Ready Video Card (TUF-GTX1650-O4GD6-P-GAMING),ASUS,,,169.0,0,https://c1.neweggimages.com/ProductImageCompressAll300/ATUJS210719buGRH.jpg,"[[' Double Fans', 'ASUS CERBERUS-GTX1050TI-A4G', '9SIAWFGJSU3929']]"
9SIAPMXJ947310,"GIGABYTE Radeon RX 6800 XT GAMING OC 16G Graphics Card, WINDFORCE 3X Cooling System, 16GB 256-bit GDDR6, GV-R68XTGAMING OC-16GD Video Card, Powered by AMD RDNA 2, HDMI 2.1",GIGABYTE,4,1.0,686.99,0,https://c1.neweggimages.com/ProductImageCompressAll300/BBB1S2205190ZMFHUA5.jpg,"[['GV-R68XTGAMING OC-16GD-', '9SIAPMXJ947310']]"
9SIAT8UJMD5996,ASUS ROG Radeon RX 480 8GB GDDR5 PCI Express 3.0 Video Card STRIX-RX480-O8G-GAMING,ASUS,3.9,65.0,249.49,$49.99 Shipping,https://c1.neweggimages.com/ProductImageCompressAll300/14-126-117-S99.jpg,"[[' 7680 x 4320', ' 2 x Native DisplayPort 1.4', ' 1 x Native Dual-link DVI-D', ' 2 x Native HDMI 2.0', 'STRIX-RX480-O8G-GAMI']]"
9SIAPMXJKW5591,MSI GeForce GTX 970 GAMING 100ME,MSI,4.5,168.0,248.0,0,https://c1.neweggimages.com/ProductImageCompressAll300/14-127-850-S99.jpg,"[[' 1140 MHz (OC Mode)\r\n1114 MHz (Gaming Mode)\r\n1051 MHz (Silent Mode)', ' 4096 x 2160', ' 1 x DisplayPort 1.2', ' 1 x DL-DVI-I\r\n1 x DL-DVI-D', 'GTX 970 GAMING 100ME']]"
9SIAPMXJJK7445,GIGABYTE GeForce GTX 1070 Ti GAMING 8G,GIGABYTE,3.3,6.0,195.1,0,https://c1.neweggimages.com/ProductImageCompressAll300/14-932-010-V01.jpg,"[[' 3 x DisplayPort', ' 1 x Dual-Link DVI-D (thin)', ' 1 x HDMI', ' 11.02"" x 4.49""', 'GV-N107TGAMING OC-8G']]"
9SIA639JYM9413,MSI N750TI-2GD5/OC G-SYNC Support GeForce GTX 750 Ti 2GB 128-Bit GDDR5 PCI Express 3.0 Video Card,MSI,4.2,48.0,81.97,0,https://c1.neweggimages.com/ProductImageCompressAll300/14-127-784-13.jpg,"[[' 1059 MHz', ' 2560 x 1600', ' 1 x Dual-link DVI-D', ' 1 x HDMI', 'N750TI-2GD5/OC', '9SIA639JYM9413']]"
9SIAPMXJK68379,ASUS ROG Strix Radeon RX 570 8GB GDDR5 PCI Express 3.0 Video Card ROG-STRIX-RX570-O8G-GAM,ASUS,,,149.99,0,https://c1.neweggimages.com/ProductImageCompressAll300/14-126-441-S01.jpg,"[[' OC Mode: 1178 MHz\nGaming Mode (Default): 1168 MHz', ' 5120 x 2880', ' 1 x DisplayPort 1.4', ' 2 x DVI-D', 'ROG-STRIX-RX570-O8G', '9SIAPMXJK68379']]"
9SIAPMXJKC6910,ASUS GeForce GTX 980 4GB GDDR5 PCI Express 3.0 SLI Support Video Card TURBO-GTX980-4G,ASUS,5,1.0,,0,https://c1.neweggimages.com/ProductImageCompressAll300/14-126-091-02.jpg,"[[' 1126 MHz', ' 5120 x 3200', ' 3 x DisplayPort 1.2', ' 1 x Dual-link DVI-I', 'TURBO-GTX980-4G']]"
9SIARA8JSF1114,ASUS ROG GeForce GTX 980 4GB GDDR5 PCI Express 3.0 SLI Support Gaming Video Card POSEIDON-GTX980-P-4GD5,ASUS,3.7,10.0,,0,https://c1.neweggimages.com/ProductImageCompressAll300/14-121-909-30.jpg,"[[' 1178 MHz', ' 3 x Native DisplayPort 1.2', ' 1 x Native Dual-link DVI-I', ' 1 x Native HDMI 2.0', 'POSEIDON-GTX980-P-4G']]"
9SIAPMXJKC7001,ASUS GeForce GTX 980 4GB GDDR5 PCI Express 3.0 SLI Support G-SYNC Support Video Card GTX980-4GD5,ASUS,4.8,18.0,,0,https://c1.neweggimages.com/ProductImageCompressAll300/14-121-900-02.jpg,"[[' 1127 MHz', ' 3 x DisplayPort', ' 1 x DVI', ' 1 x HDMI', 'GTX980-4GD5']]"
9SIA4REF6W9217,ASUS GeForce GTX 750 Ti 2GB GDDR5 PCI Express 3.0 Video Card GTX750TI-OC-2GD5,ASUS,,,133.84,0,https://c1.neweggimages.com/ProductImageCompressAll300/A4RES210706HQpNq.jpg,"[[' 1072 MHz', ' 4096 x 2160', ' 2 x DVI-D', ' 1 x HDMI', 'ASUS GTX 750Ti-UL-A', '9SIA4REF6W9217']]"
9SIA4REJSR2974,"AMD RX 580 256-Bit 8GB GDDR5 CORN Graphic Card RX580 Direct X12 Video Card VGA GPU PCI Express 3.0 DP/DVI-D/HDMI,Play for LOL,DOTA,COD,War Thunder,Apex etc.",Corn Electronics,,,99.99,0,https://c1.neweggimages.com/ProductImageCompressAll300/A4RE_132024453131902735GXQzsFfPjV.jpg,"[['DZ-XK-037-RX580-8G', '9SIA4REJSR2974']]"
9SIA25VJTA3026,"GIGABYTE 390128_13  GeForce RTX 3060 Vision OC 12G (REV2.0) Graphics Card, 3X WINDFORCE Fans, 12GB 192-bit GDDR6, GV-N3060VISION OC-12GD RE",,,,360.95,0,https://c1.neweggimages.com/ProductImageCompressAll300/A25VD2304250QV4LS86.jpg,"[['GIGA#39012813', '9SIA25VJTA3026']]"
9SIA4REJWK3816,MSI Gaming Radeon RX 6900 XT 16GB GDDR6 PCI Express 4.0 Video Card RX 6900 XT GAMING TRIO 16G,MSI,,,729.99,0,https://c1.neweggimages.com/ProductImageCompressAll300/14-137-699-S01.jpg,"[[' 7680 x 4320', ' 3 x DisplayPort 1.4', ' 1 x HDMI 2.1', ' 12.76"" x 5.55""', 'RX6900XTGAMINGTRI16G', '9SIA4REJWK3816']]"
9SIAZRPH6A6373,MSI GeForce GTX 1080 Ti 11GB GDDR5X PCI Express 3.0 x16 SLI Support ATX Video Card GTX 1080 Ti GAMING X TRIO,MSI,,,372.6,0,https://c1.neweggimages.com/ProductImageCompressAll300/ARUXS2111240C5YODE2.jpg,[['MSI GeForce GTX 1080 Ti 11GB light']]
9SIAT8UJY50180,"SAPPHIRE NITRO+ Radeon RX 5700 XT 8GB GDDR6 PCI Express 4.0 x16 ATX Video Card, SPECIAL EDITION 100416NT+SESR",Sapphire Tech,3.9,92.0,,0,https://c1.neweggimages.com/ProductImageCompressAll300/14-202-358-V01.jpg,"[[' 1840 MHz', ' HDMI: 4096 x 2160 @ 60 Hz\nDisplayPort1.4: 5120 x 2880 @ 60 Hz', ' 2 x DisplayPort 1.4', ' 2 x HDMI', '100416NT+SESR']]"
9SIARA8JBR7542,ASUS DUAL-GTX1070-8G graphics card - GF GTX 1070 - 8 GB - 90YV09T4-M0NA00,ASUS,,,207.99,0,https://c1.neweggimages.com/ProductImageCompressAll300/AD7H_1_20170711493623028.jpg,"[[' 1531 MHz', ' 7680 x 4320', ' 2 x DisplayPort', ' DVI-D (dual link)', '90YV09T4-M0NA00']]"
9SIAPMXJMB4458,ASUS GeForce RTX 3060 Ti OC 8GB GDDR6 DUAL-RTX3060TI-O8G Video Graphic Card GPU,ASUS,3,2.0,369.98,0,https://c1.neweggimages.com/ProductImageCompressAll300/AYTVD210727NC9B2.jpg,"[[' 1 x DisplayPort', ' 1 x HDMI', ' NVIDIA', ' NVIDIA GeForce GTX 30 Series', 'DUAL-3060TI-O8G-R', '9SIAPMXJMB4458']]"
9SIB0TFJMS7008,"ASUS GeForce GTX 1070 8GB Strix OC Gaming, 90YV09N0-M0NA00",ASUS,,,223.32,0,https://c1.neweggimages.com/ProductImageCompressAll300/A4YU_1_201802191915428334.jpg,"[[' 1657 MHz', ' 7680 x 4320', ' 2 x DisplayPort', ' 1 x DVI', '90YV09N0-M0NA00']]"
9SIADFRJ074449,GIGABYTE GeForce RTX 3050 Gaming OC 8GB GDDR6 GV-N3050GAMING OC-8GD Video Graphic Card GPU,GIGABYTE,,,269.99,0,https://c1.neweggimages.com/ProductImageCompressAll300/BAPTD22031816PE2FF3.jpg,"[[' 1 x DisplayPort', ' 1 x HDMI', ' NVIDIA', ' NVIDIA GeForce GTX 30 Series', 'GV-N3050GAM OC-8GD-R', '9SIADFRJ074449']]"
9SIAPMXJME1026,MSI GeForce GTX 1080 8GB GDDR5X PCI Express 3.0 x16 SLI Support ATX Video Card GTX 1080 GAMING X 8G,MSI,4,1.0,189.65,0,https://c1.neweggimages.com/ProductImageCompressAll300/14-137-069-Z01.jpg,"[[' 1708 MHz (OC Mode)\n1683 MHz (Gaming Mode)\n1607 MHz (Silent Mode)', ' 7680 x 4320', ' 3 x DisplayPort 1.4', ' 1 x DL-DVI-D', 'VDGTX1080GMX8G']]"
14-932-603,GIGABYTE Gaming GeForce RTX 4080 16GB GDDR6X PCI Express 4.0 x16 ATX Video Card GV-N4080GAMING OC-16GD G10-R,GIGABYTE,,,1099.99,0,https://c1.neweggimages.com/ProductImageCompressAll300/14-932-561-23.jpg,"[[' 7680 x 4320', ' 3 x DisplayPort 1.4a', ' 1 x HDMI 2.1', ' DirectX 12', 'GV-N4080GAMING OC-16GD G10-R', 'N82E16814932603']]"
9SIAPMXJ950101,MSI 3070 GAMING Z TRIO 8G LHR Gaming GeForce RTX 3070 Video Card,MSI,,,404.98,0,https://c1.neweggimages.com/ProductImageCompressAll300/AGKCD2204110MBWB0F5.jpg,"[[' 7680 x 4320', ' 3 x DisplayPort 1.4', ' 1 x HDMI 2.1', ' 12.72"" x 5.51""', 'RTX307GamingZTrioLHRSNRFB']]"
9SIAPMXJMB7649,MSI GeForce GTX 1050 Ti 4GB GDDR5 PCI Express 3.0 x16 Low Profile Video Card MSI-GTX1050Ti4GTLP-RFB,MSI,4.5,4.0,139.97,0,https://c1.neweggimages.com/ProductImageCompressAll300/14-137-223-Z01.jpg,"[[' 1290 MHz', ' 7680 x 4320', ' 1 x DisplayPort 1.4', ' 1 x DL-DVI-D', 'MSI-GTX1050Ti4GTLP-R']]"
9SIAYTVGMU3538,MSI Radeon RX 550 2GB GDDR5 PCI Express x16 (Uses x8) Low Profile Video Card Radeon RX 550 2GT LP OC,MSI,4,5.0,110.29,0,https://c1.neweggimages.com/ProductImageCompressAll300/14-137-316-Z01.jpg,"[[' 1 x DL-DVI-D', ' 1 x HDMI 2.0', ' 6.69"" x 2.68""', ' 2 Slots', 'RX 550 2GT LP OC']]"
9SIARA8JRR0943,"EVGA GeForce GTX 1660 Ti XC ULTRA BLACK GAMING Video Card, 06G-P4-1265-KR, 6GB GDDR6, Dual HDB Fans",EVGA,5,2.0,229.98,0,https://c1.neweggimages.com/ProductImageCompressAll300/14-487-471-Z01.jpg,"[[' 7680 x 4320', ' 1 x DisplayPort 1.4', ' 1 x Dual-Link DVI-D', ' 1 x HDMI 2.0b', '06G-P4-1265-KR', '9SIARA8JRR0943']]"
9SIAKN7JMU4868,"EVGA GeForce GTX 970 04G-P4-2972-KR 4GB GAMING w/ACX 2.0, Silent Cooling Graphics Card",EVGA,4.5,45.0,125.49,0,https://c1.neweggimages.com/ProductImageCompressAll300/14-487-075-15.jpg,"[[' 1050 MHz', ' Analog: 2048 x 1536\nDigital: 4096 x 2160', ' 1 x DisplayPort', ' 1 x DVI-I\n1 x DVI-D', '04G-P4-2972-KR']]"
9SIBF9VJNN8203,ASUS GeForce RTX 2080 Overclocked 8G GDDR6 Dual-Fan Edition VR Ready HDMI DP 1.4 USB Type-C Graphics Card (DUAL-RTX2080-O8G),ASUS,4.1,21.0,245.0,$45.00 Shipping,https://c1.neweggimages.com/ProductImageCompressAll300/14-126-251-V50.jpg,"[[' 1515 MHz', ' 7680 x 4320', ' 3 x DisplayPort 1.4', ' 1 x HDMI 2.0b', 'DUAL-RTX2080-O8G']]"
9SIBJNCJN46500,ASUS Dual GeForce RTX 2060 6GB GDDR6 PCI Express 3.0 Video Card DUAL-RTX2060-O6G,ASUS,4.8,16.0,309.9,0,https://c1.neweggimages.com/ProductImageCompressAll300/14-126-283-V02.jpg,"[[' Gaming Mode: 1365 MHz', ' 7680 x 4320', ' 2 x DisplayPort 1.4', ' 1 x DVI-D', 'DUAL-RTX2060-O6G']]"
9SIBF9VJZ51396,ASUS Dual GeForce RTX 2080 8GB GDDR6 PCI Express 3.0 SLI Support Video Card DUAL-RTX2080-O8G-EVO,ASUS,3.5,4.0,260.99,$45.00 Shipping,https://c1.neweggimages.com/ProductImageCompressAll300/14-126-339-V03.jpg,"[[' 1515 MHz', ' 7680 x 4320', ' 3 x DisplayPort 1.4', ' 1 x HDMI 2.0b', 'DUAL-RTX2080-O8G-EVO']]"
9SIBJNCJN46671,ASUS Dual GeForce RTX 2080 Ti 11GB GDDR6 PCI Express 3.0 SLI Support Video Card DUAL-RTX2080TI-11G,ASUS,4,2.0,1019.0,0,https://c1.neweggimages.com/ProductImageCompressAll300/14-126-267-V50.jpg,"[[' 1350 MHz', ' 7680 x 4320', ' 3 x DisplayPort 1.4', ' 1 x HDMI 2.0b', 'DUAL-RTX2080TI-11G']]"
9SIAPMXJJH8363,"GIGABYTE Radeon RX 560 Gaming OC 4GB, GV-RX560GAMING OC-4GD",GIGABYTE,4.2,10.0,,0,https://c1.neweggimages.com/ProductImageCompressAll300/14-125-975-V01.jpg,"[[' 1300 MHz (OC mode)\n1287 MHz (Gaming mode)\n1275 MHz (Reference clock)', ' 7680 x 4320', ' 1 x DisplayPort 1.4', ' 1 x Dual-link DVI-D', 'GV-RX560GAMING OC-4G']]"
9SIAPMXJMB7915,MSI GeForce GTX 1050 Ti DirectX 12 GTX 1050 Ti BiaoFeng 4GV1 128-Bit GDDR5 PCI Express 3.0 x16 HDCP Ready ATX Video Card,MSI,4.2,5.0,138.99,0,https://c1.neweggimages.com/ProductImageCompressAll300/APBUS201018e1bGN.jpg,"[[' NVIDIA', ' 128-Bit', '1050 Ti BiaoFeng 4G']]"
9SIAPMXJAK7131,XFX Speedster MERC319 RX 6800 XT Black Edition Gaming Graphics Card with 16GB GDDR6,XFX,5,3.0,699.98,0,https://c1.neweggimages.com/ProductImageCompressAll300/APMXS210129zbkdb.jpg,"[['MERC319  6800XT V2', '9SIAPMXJAK7131']]"
9SIAPMXJYG0527,MAXSUN GeForce RTX 3060 Ti iCraft OC Edtion 8G GDDR6 Vidoe Gaming Graphics Cards PCI Express 4.0 x16 HDMI 2.1 GPU,MAXSUN,,,379.98,0,https://c1.neweggimages.com/ProductImageCompressAll300/AXZZS210827Wgkqi.jpg,"[[' 1410 MHz', ' 7680 x 4320', ' 3 x DisplayPort 1.4a', ' 1 x HDMI 2.1', 'MS-GEFORCERTX3060TIICraftOC8GS1', '9SIAPMXJYG0527']]"
9SIB0TFJMS7819,ASUS GeForce GTX 1080 8GB GDDR5X PCI Express 3.0 SLI Support Video Card TURBO-GTX1080-8G,ASUS,4.3,34.0,203.92,0,https://c1.neweggimages.com/ProductImageCompressAll300/14-126-110-S99.jpg,"[[' 1607 MHz', ' 7680 x 4320', ' 2 x DisplayPort 1.4', ' 1 x DVI-D', 'TURBO-GTX1080-8G']]"
9SIAPMXJMT1971,XFX RX 5700 XT THICC III ULTRA 8GB BOOST UP TO 2025 MHz GDDR6 3xDP HDMI Video Card,XFX,4.3,61.0,287.69,0,https://c1.neweggimages.com/ProductImageCompressAll300/14-150-829-V01.jpg,"[[' 1810 MHz', ' 7680 x 4320', ' 3 x DisplayPort 1.4', ' 1 x HDMI 2.0b', 'RX-57XT838D8']]"
9SIAPMXJKC6947,ASUS GeForce GTX 980 4GB GDDR5 PCI Express 3.0 SLI Support 20th Anniversary Gold Edition Video Card GOLD20TH-GTX980-P-4GD5,ASUS,4.3,8.0,,0,https://c1.neweggimages.com/ProductImageCompressAll300/14-121-924-21.jpg,"[[' 1317 MHz', ' 3 x Native DisplayPort 1.2', ' 1 x Native Dual-link DVI-I', ' 1 x Native HDMI 2.0', 'GOLD20TH-GTX980-P-4G']]"
9SIBF9VJMN7269,ASUS Gaming GeForce GTX 1660 SUPER Overclocked 6GB GDDR 6 Dual-fan Edition HDMI DP DVI Gaming Graphics Card (GTX1660S-O6G-GAMING),ASUS,,,,$45.00 Shipping,https://c1.neweggimages.com/ProductImageCompressAll300/BF9VS2303050KJ51EA2.jpg,"[[' 7680 x 4320\n', ' 1 x DisplayPort 1.4', ' 1 x DVI', ' 1 x HDMI 2.0b\n', 'GTX1660S-O6G-GAMINGG']]"
9SIAPMXJMT1837,"XFX SPEEDSTER QICK319 AMD Radeon RX 6700 XT CORE Gaming Graphics Card with 12GB GDDR6 HDMI 3xDP, AMD RDNA 2 (RX-67XTYLUDP)",XFX,5,2.0,369.99,0,https://c1.neweggimages.com/ProductImageCompressAll300/14-150-851-V01.jpg,"[[' 2321 MHz', ' 3 x DisplayPort 1.4', ' 1 x HDMI 2.1', ' 2.6 Slot', 'RX-67XTYLUDP', '9SIAPMXJMT1837']]"
9SIAPMXJKC6978,ASUS GeForce GTX 980 Ti 6GB GDDR5 PCI Express 3.0 Video Card GOLD20TH-GTX980TI-P-6G-GAMING,ASUS,5,4.0,,0,https://c1.neweggimages.com/ProductImageCompressAll300/14-126-058-01.jpg,"[[' 1266 MHz', ' 5120 x 3200', ' 3 x DisplayPort 1.2', ' 1 x Dual-link DVI-I', 'GOLD20TH-GTX980TI-P-']]"
9SIARA8JVM6805,EVGA 02G-P4-3757-KR G-SYNC Support GeForce GTX 750 Ti 2GB 128-Bit GDDR5 PCI Express 3.0 FTW w/ ACX Cooling Video Card,EVGA,4.5,248.0,,0,https://c1.neweggimages.com/ProductImageCompressAll300/14-487-028-24.jpg,"[[' 1189 MHz', ' 4096 x 2160', ' 1 x DisplayPort', ' 1 x DVI-I', '02G-P4-3757-KR']]"
9SIARA8JYT6222,ASUS AMD Radeon RX 5700 Overclocked 8G GDDR6 Dual Fan EVO Edition HDMI DisplayPort Gaming Graphics Card (DUAL-RX5700-O8G-EVO),ASUS,4,26.0,,0,https://c1.neweggimages.com/ProductImageCompressAll300/14-126-348-V04.jpg,"[[' Engine Clock: 1565 MHz\nEngine Clock: 1515 MHz', ' 7680 x 4320', ' 3 x DisplayPort 1.4', ' 1 x HDMI 2.0b', 'DUAL-RX5700-O8G-EVO']]"
9SIAGKCJZ86910,MSI RTX 2070 GAMING X 8G GeForce RTX 2070 Graphic Card - 1.71 GHz Core - 1.71 GHz Boost Clock - 8 GB GDDR6,MSI,,,239.99,0,https://c1.neweggimages.com/ProductImageCompressAll300/A24G_1_201903092045494948.jpg,"[[' 3', ' 1 x HDMI', ' DirectX 12\r\nOpenGL 4.5', ' NVIDIA', 'G2070GX8', '9SIAGKCJZ86910']]"
9SIAWFGJT34693,PowerColor Fighter Radeon RX 6600 XT 8GB GDDR6 PCI Express 4.0 ATX Video Card 6600XT 8GBD6-3DH,PowerColor,,,,0,https://c1.neweggimages.com/ProductImageCompressAll300/AYTVD210823KI6GY.jpg,[['6600XT-8']]
9SIAGKCJZ84136,ASUS TUF Gaming GeForce GTX 1650 SUPER 4GB GDDR6 PCI Express 3.0 Video Card TUF-GTX1650S-O4G-GAMING,ASUS,,,129.99,$30.00 Shipping,https://c1.neweggimages.com/ProductImageCompressAll300/AGKCS23061809W9VP3F.jpg,"[[' 1530 MHz', ' 7680 x 4320', ' 1 x DisplayPort 1.4', ' 1 x DVI-D', '90YV0E42-M0NA00', '9SIAGKCJZ84136']]"
9SIAGKCJZ83460,GIGABYTE AORUS GeForce RTX 2070 SUPER 8GB GDDR6 PCI Express 3.0 x16 SLI Support ATX Video Card GV-N207SAORUS-8GC (rev. 2.0),GIGABYTE,,,299.99,0,https://c1.neweggimages.com/ProductImageCompressAll300/AGKCS2306180EZ6TI6E.jpg,"[[' 7680 x 4320 @ 60 Hz', ' 3 x DisplayPort 1.4', ' 3 x HDMI 2.0b', ' 11.42"" x 5.29""', 'GV-N207SAORUS-8GC V2', '9SIAGKCJZ83460']]"
9SIAPMXJJW8207,GIGABYTE AORUS GeForce RTX 3080 10GB GDDR6X PCI Express 4.0 ATX GAMING BOX GV-N3080IXEB-10GD (rev. 2.0) (LHR),GIGABYTE,3.6,15.0,1199.99,0,https://c1.neweggimages.com/ProductImageCompressAll300/14-932-471-12.jpg,"[[' 1710 MHz', ' 7680 x 4320', ' 3 x DisplayPort', ' 2 x HDMI', 'GV-N3080IXEB-10GD R2', '9SIAPMXJJW8207']]"
9SIB0TFJNN0757,ASUS GeForce GTX 960 2GB GDDR5 PCI Express 3.0 Video Card STRIX-GTX960-DC2OC-2GD5,ASUS,4.2,67.0,132.66,0,https://c1.neweggimages.com/ProductImageCompressAll300/14-121-913-04.jpg,"[[' OC Mode: 1253 MHz\nGaming Mode: 1228 MHz', ' 3x Native DisplayPort 1.2', ' 1x Native Dual-link DVI-I', ' 1x Native HDMI 2.0', 'STRIX-GTX960-DC2OC-2']]"
9SIARA8J9R7926,ASUS GeForce GTX 980 Ti 6GB GDDR5 PCI Express 3.0 SLI Support Video Card STRIX-GTX980TI-DC3-6GD5-GAMING,ASUS,4.2,26.0,,0,https://c1.neweggimages.com/ProductImageCompressAll300/14-121-979-08.jpg,"[[' 1000 MHz', ' 4096 x 2160', ' 3 x DisplayPort', ' 1 x DVI-I', 'SX-GTX980TI-DC3-6GD5']]"
9SIARA8JAF1168,ASUS Expedition GeForce GTX 1060 6GB GDDR5 PCI Express 3.0 Video Card EX-GTX1060-O6G,ASUS,4.2,15.0,,0,https://c1.neweggimages.com/ProductImageCompressAll300/14-126-301-Z01.jpg,"[[' OC Mode: 1594 MHz\nGaming Mode (Default): 1569 MHz', ' 7680 x 4320', ' 2 x DisplayPort 1.4', ' 1 x DVI-D', 'EX-GTX1060-O6G']]"
9SIARA8JAK2747,ASUS GeForce DUAL GTX 1050 Ti 4GB Dual-fan Edition DVI-D HDMI DP 1.4 Gaming Graphics Card (DUAL-GTX1050TI-4G),ASUS,4.7,3.0,,0,https://c1.neweggimages.com/ProductImageCompressAll300/14-126-151-05.jpg,"[[' 1290 MHz', ' 7680 x 4320', ' 1 x DisplayPort 1.4', ' 1 x DVI-D', 'DUAL-GTX1050TI-4G']]"
9SIBF9VJZY3865,ASUS ROG Strix GeForce RTX 2070 DirectX 12 ROG-STRIX-RTX2070-O8G-GAMING 8GB 256-Bit GDDR6 PCI Express 3.0 HDCP Ready Video Card,ASUS,,,240.99,$45.00 Shipping,https://c1.neweggimages.com/ProductImageCompressAll300/ARA8S210402UW6ym.jpg,"[[' 2.5-slot', 'ASUS ROG Strix GeForce RTX 2070']]"
9SIAGGGHSH7118,GIGABYTE GeForce GTX 1080 FE DirectX 12 GV-N1080D5X-8GD-B 8GB 256-Bit GDDR5X PCI Express 3.0 x16 SLI Support ATX Video Card,GIGABYTE,5,1.0,200.91,$10.00 Shipping,https://c1.neweggimages.com/ProductImageCompressAll300/AGKCD2204110OW1FB9B.jpg,"[[' 1607 MHz', ' 7680 x 4320 @ 60 Hz', ' 3 x DisplayPort 1.4', ' 1 x Dual-link DVI-D', '99%newGTX1080SNRFB']]"
9SIAGGGHR60374,GIGABYTE GeForce GTX 1080 8GB GDDR5X PCI Express 3.0 x16 ATX Video Cards GV-N1080G1 GAMING-8GD,GIGABYTE,5,1.0,162.05,$7.99 Shipping,https://c1.neweggimages.com/ProductImageCompressAll300/14-125-937-Z01.jpg,"[[' 1721 MHz in OC Mode\n1695 MHz in Gaming Mode', ' Digital: 7680 x 4320 (requires 2*DP1.3 connectors)\nAnalog: 4096 x 2160', ' 3 x DisplayPort 1.4', ' 1 x Dual-link DVI-D', 'GV-N1080G1 GAMING-8G']]"
9SIAPMXJ949954,MSI Ventus GeForce RTX 3060 Ti 8GB GDDR6 PCI Express 4.0 Video Card RTX 3060 Ti VENTUS 2X 8G OCV1 LHR,MSI,4.2,6.0,324.98,0,https://c1.neweggimages.com/ProductImageCompressAll300/14-137-748-03.jpg,"[[' 7680 x 4320', ' 3 x DisplayPort 1.4a', ' 1 x HDMI 2.1', ' 9.25"" x 4.88""', 'RTX 3060 Ti VENTUS 2X 8G OCV1 LHR']]"
9SIAGGGHT30293,ASUS GeForce GTX 1060 DUAL-GTX1060-O3G 3GB 192-Bit GDDR5 PCI Express 3.0 HDCP Ready Video Card,ASUS,,,127.41,$20.00 Shipping,https://c1.neweggimages.com/ProductImageCompressAll300/AGKCD2204110ONDU0C4.jpg,"[[' OC mode: 1594 MHz/Gaming mode: 1569 MHz', ' 7680 x 4320', ' 2 x Native DisplayPort 1.4', ' 1 x Native-link DVI-D', 'DUAL-GTX1060-O3GSNRFB']]"
9SIBJNCJNM2571,ASUS TUF Gaming GeForce RTX 3060 Ti 8GB GDDR6 PCI Express 4.0 Video Card TUF-RTX3060TI-O8G-GAMING,ASUS,4.8,23.0,449.9,0,https://c1.neweggimages.com/ProductImageCompressAll300/14-126-471-V14.jpg,"[[' 1785 MHz', ' 7680 x 4320', ' 3 x DisplayPort 1.4a', ' 2 x HDMI 2.1', 'TUF-RTX3060TI-O8G-GA', '9SIBJNCJNM2571']]"
9SIBF9VJXS0850,Yeston RTX 3080 10GB GDDR6X 320bit LHR Graphics cards Nvidia pci express x16 4.0 HDMI 2.1*1 + DP1.4a*3 video cards Desktop computer PC video gaming graphics card,yeston,4.8,4.0,655.99,$45.00 Shipping,https://c1.neweggimages.com/ProductImageCompressAll300/AZUES220421BD1w1.jpg,"[[' 1440 MHz', ' 7680 x 4320', ' 3 x DisplayPort 1.4a', ' 1 x HDMI 2.1', 'RTX3080-10G D6X YA', '9SIBF9VJXS0850']]"
9SIBF9VJMR5595,ASUS ROG STRIX GeForce RTX 2080 TI Overclocked O11G GDDR6 HDMI DP 1.4 USB Type-c  (ROG-STRIX-RTX2080TI-O11G-WHITE-GAMING),ASUS,5,11.0,450.0,$45.00 Shipping,https://c1.neweggimages.com/ProductImageCompressAll300/14-126-302-V04.jpg,"[[' 1350 MHz', ' 7680 x 4320', ' 2 x DisplayPort 1.4', ' 2 x HDMI 2.0b', 'ROG-STRIX-RTX2080TI-']]"
9SIBF9VJZP0037,"GIGABYTE Radeon RX 6800 GAMING OC 16G Graphics Card,GV-R68GAMING OC-16GD Video Card",GIGABYTE,,,405.0,$45.00 Shipping,https://c1.neweggimages.com/ProductImageCompressAll300/BF9VS2306240P6RRY87.jpg,"[[' 7680 x 4320\n', ' 2 x DisplayPort 1.4a\n', ' 2 x HDMI 2.1\n', ' 11.26"" x 4.41""\n', '6800 GAMING OC 16G', '9SIBF9VJZP0037']]"
9SIBF9VK038409,ASUS Radeon R9 Nano 4GB HBM PCI Express 3.0 CrossFireX Support Video Card R9NANO-4G-WHITE,ASUS,4.5,4.0,200.99,$45.00 Shipping,https://c1.neweggimages.com/ProductImageCompressAll300/14-126-049-05.jpg,"[[' 1000 MHz', ' 4096 x 2160', ' 3 x DisplayPort', ' 1 x HDMI', 'R9NANO-4G-WHITE', '9SIBF9VK038409']]"
9SIAT8UJMD3262,"SAPPHIRE R9 380 4G D5 Ultra Platinum OC Video Card,4GB 256-bit GDDR5,PCI Express 3.0,1 x HDMI Interface, 2 x DVI Interface, 1 x DisplayPort Interface",Sapphire Tech,,,137.1,0,https://c1.neweggimages.com/ProductImageCompressAll300/A4RES2201100I022A77.jpg,"[[' 985 MHz', ' 4096 x 2160', ' 1 x DisplayPort', ' 2 x DVI', 'SAPPHIRE R9 380 4GD5 Ultra Platinm OC-UL']]"
9SIAT8UJFD7106,"GIGABYTE Radeon RX 6800 GAMING OC 16G Graphics Card,GV-R68GAMING OC-16GD Video Card",GIGABYTE,,,429.99,$49.99 Shipping,https://c1.neweggimages.com/ProductImageCompressAll300/AG7RS22062305VATSB0.jpg,"[[' \t7680 x 4320', ' \t2 x DisplayPort 1.4a', ' 2 x HDMI 2.1', ' 11.26"" x 4.41""', 'GV-R68GAMING OC-16GD.', '9SIAT8UJFD7106']]"
9SIAT8UJMD1706,Sapphire Radeon NITRO+ RX 580 4GB GDDR5 PCI-E Dual HDMI / DVI-D / Dual DP w/ Backplate (UEFI),Sapphire Tech,4,26.0,240.0,$49.99 Shipping,https://c1.neweggimages.com/ProductImageCompressAll300/14-202-279-V03.jpg,"[[' 5120 x 2880', ' 2 x DisplayPort 1.4', ' 1 x DL-DVI-D', ' 2 x HDMI 2.0b', '11265-07-20G']]"
9SIBF9VJV76755,ASUS Turbo GeForce RTX 2070 8GB GDDR6 PCI Express 3.0 Video Card TURBO-RTX2070-8G,ASUS,3.3,7.0,210.0,$45.00 Shipping,https://c1.neweggimages.com/ProductImageCompressAll300/14-126-273-V50.jpg,"[[' 1410 MHz', ' 7680 x 4320', ' 2 x DisplayPort 1.4', ' 1 x HDMI 2.0b', 'TURBO-RTX2070-8G']]"
9SIAPNMJKD6648,MSI Gaming Radeon RX 6900 XT 16GB GDDR6 PCI Express 4.0 x16 Video Card RX 6900 XT Gaming X Trio 16G,MSI,,,959.0,$49.99 Shipping,https://c1.neweggimages.com/ProductImageCompressAll300/AKEXS210721H8Yg3.jpg,[['MSI RX 6900 XT Gaming X Trio 16G']]
9SIAPMXJ948122,"XFX SPEEDSTER QICK308 RADEON RX 6600 XT BLACK Gaming Graphics Card with 8GB GDDR6 HDMI 3xDP, AMD RDNA 2 (RX-66XT8LBDQ)",XFX,,,314.99,0,https://c1.neweggimages.com/ProductImageCompressAll300/AYTVD210823KI6M1.jpg,"[['6600XT-10', '9SIAPMXJ948122']]"
9SIAPMXJN41854,"ZOTAC GAMING GeForce RTX 3070 Twin Edge 8GB GDDR6 256-bit 14 Gbps PCIE 4.0 Gaming Graphics Card, IceStorm 2.0 Advanced Cooling, White LED Logo Lighting, ZT-A30700E-10P",ZOTAC,4.6,5.0,379.98,0,https://c1.neweggimages.com/ProductImageCompressAll300/14-500-501-01.jpg,"[[' 7680 x 4320 @ 60Hz', ' 3 x DisplayPort 1.4a', ' 1 x HDMI 2.1', ' 9.10"" x 5.60""', 'ZT-A30700E-10P']]"
9SIAPMXJK68262,ASUS ROG Strix Radeon RX 570 4G Gaming GDDR5 DP HDMI DVI VR Ready AMD Graphics Card with RGB Lighting (ROG-STRIX-RX570-4G-GAMING),ASUS,4,1.0,149.99,0,https://c1.neweggimages.com/ProductImageCompressAll300/14-126-190-V01.jpg,"[[' 5120 x 2880', ' 1 x DisplayPort 1.4', ' 2 x DVI-D', ' 1 x HDMI 2.0', 'ROG-STRIX-RX570-4G-G', '9SIAPMXJK68262']]"
9SIAPMXJK63977,ASUS ROG STRIX AMD Radeon RX 5500 XT Overclocked 8G GDDR6 HDMI DisplayPort Gaming Graphics Card (ROG-STRIX-RX5500XT-O8G-GAMING),ASUS,4.4,15.0,249.99,0,https://c1.neweggimages.com/ProductImageCompressAll300/14-126-364-V07.jpg,"[[' 7680 x 4320', ' 3 x DisplayPort 1.4', ' 1 x HDMI 2.0b', ' 11.00"" x 5.00""', 'ROG-STRIX-RX5500XT-O', '9SIAPMXJK63977']]"
9SIBF9VJZK5551,Gigabyte GeForce RTX 2080 Ti Gaming OC RGB 82 mm Triple Fan Graphics Card - 11 GB,GIGABYTE,,,,$45.00 Shipping,https://c1.neweggimages.com/ProductImageCompressAll300/A4YU_1_202004141722781125.jpg,[['GV-N208TGAMING OC-11GC']]
9SIA4REJWE7544,MSI Radeon RX 5700 8GB GDDR6 PCI Express 4.0 CrossFireX Support Video Card RX 5700 EVOKE OC,MSI,3.8,50.0,194.99,0,https://c1.neweggimages.com/ProductImageCompressAll300/14-137-467-V08.jpg,"[[' 1540 MHz', ' 7680 x 4320', ' 3 x DisplayPort 1.4', ' 1 x HDMI 2.0b', 'RX 5700 EVOKE OC', '9SIA4REJWE7544']]"
9SIA4REJRH6770,AMD Radeon RX 6900 XT 16GB GDDR6,AMD,,,969.89,0,https://c1.neweggimages.com/ProductImageCompressAll300/ARUXS2202240KM2O4EF.jpg,"[['AMD Radeon RX 6900 XT', '9SIA4REJRH6770']]"
9SIAWFGJSN1294,GIGABYTE GV-N780GHZ-3GD G-SYNC Support GeForce GTX 780 3GB 384-Bit GDDR5 PCI Express 3.0 HDCP Ready Video Card,GIGABYTE,4,63.0,226.64,0,https://c1.neweggimages.com/ProductImageCompressAll300/14-125-488-04.jpg,"[[' 1017MHz', ' 1 x DisplayPort', ' 1 x DVI-I\n1 x DVI-D', ' 1 x HDMI', 'GV-N780GHZ-3GD']]"
9SIAWFGJUG2906,XFX Double D FX-787A-CDBC Radeon HD 7870 GHz Edition Black Edition 2GB 256-bit GDDR5 PCI Express 3.0 x16 HDCP Ready CrossFireX Support Video Card,XFX,4.2,87.0,118.99,0,https://c1.neweggimages.com/ProductImageCompressAll300/14-150-606-05.jpg,"[[' 1050 MHz', ' 2 x Mini DisplayPort', ' 2 x DVI (1 Single Link, 1 Dual Link)', ' 1 x HDMI', 'FX-787A-CDBC']]"
9SIAWFGJVP4511,Gigabyte GeForce GTX 1080 Ti Gaming 11GB PCI-E x16 3.0 GDDR5X Graphics Card (GV-N108TGAMING-11GD),GIGABYTE,,,352.13,0,https://c1.neweggimages.com/ProductImageCompressAll300/AD7H_1_20171209836872047.jpg,[['GV-N108TGAMING-11GD']]
9SIAWFGJUT0971,ASUS ROG GeForce GTX 980 4GB GDDR5 PCI Express 3.0 SLI Support Gaming Video Card MATRIX-GTX980-P-4GD5,ASUS,4,24.0,,0,https://c1.neweggimages.com/ProductImageCompressAll300/14-121-908-22.jpg,"[[' 1241 MHz', ' 3 x Native DisplayPort 1.2', ' 1 x Native Dual-link DVI-I', ' 1 x Native HDMI 2.0', 'MATRIX-GTX980-P-4GD5']]"
9SIAT8UJMD1665,GIGABYTE AORUS GeForce RTX 3080 12GB GDDR6X PCI Express 4.0 ATX Video Card GV-N3080AORUSX W-12GD,GIGABYTE,4.1,8.0,1512.98,$49.99 Shipping,https://c1.neweggimages.com/ProductImageCompressAll300/14-932-503-V09.jpg,"[[' 1830 MHz', ' 7680 x 4320', ' 3 x DisplayPort 1.4a', ' 2 x HDMI 2.1, 1 x HDMI 2.0 (The middle HDMI output supports up to HDMI 2.0)', 'GV-N3080AORUSX W-12GD']]"
9SIB69WJN13470,MSI ARMOR Radeon RX 6600 8GB GDDR6 PCI Express 4.0 ATX Video Card RX 6600 ARMOR 8G,MSI,4.7,12.0,279.9,0,https://c1.neweggimages.com/ProductImageCompressAll300/14-137-706-S01.jpg,"[[' 7680 x 4320', ' 3 x DisplayPort 1.4', ' 1 x HDMI 2.1', ' 9.37"" x 5.04""', 'RX 6600 ARMOR 8G']]"
9SIBJNCJMZ6710,MSI Radeon RX 6600 8GB GDDR6 PCI Express 4.0 ATX Video Card RX 6600 ARMOR 8G V1,MSI,4.3,10.0,,0,https://c1.neweggimages.com/ProductImageCompressAll300/14-137-696-S01.jpg,"[[' 7680 x 4320', ' 3 x DisplayPort 1.4', ' 1 x HDMI 2.1', ' DirectX 12', 'RX 6600 ARMOR 8G V1']]"
9SIAPMXJ950192,MSI Suprim GeForce RTX 3070 8GB GDDR6 PCI Express 4.0 Video Card RTX 3070 Suprim X 8G LHR,MSI,,,454.98,0,https://c1.neweggimages.com/ProductImageCompressAll300/AGKCD2204110O9KEE7E.jpg,"[[' 7680 x 4320', ' 3 x DisplayPort 1.4a', ' 1 x HDMI 2.1', ' 13.19"" x 5.51""', 'RTX3070SuprimX8GLHRSNRFB']]"
9SIBF9VJ942632,MSI Gaming GeForce RTX 3070 Ti 8GB GDDR6X PCI Express 4.0 Video Card RTX 3070 Ti Gaming X Trio 8G,MSI,,,505.0,$45.00 Shipping,https://c1.neweggimages.com/ProductImageCompressAll300/BF9VS2210130G7OIZ7C.jpg,"[[' 7680 x 4320', ' 3 x DisplayPort 1.4a', ' 1 x HDMI 2.1', ' 12.72"" x 5.51""', 'MSI-RTX 3070 Ti Gaming X Trio 8G']]"
9SIAG20JGU1674,NVIDIA Quadro NVS 310 2560x1600 512 MB DDR3 SDRAM PCI Express 2.0 x16 Video Graphic Card 678929-002 707252-001 QUADRONVS310,NVIDIA,,,23.8,0,https://c1.neweggimages.com/ProductImageCompressAll300/A9AX_131812375363044829tOCcLmIYYk.jpg,[['QUADRONVS310']]
9SIAGGGHR59018,"GIGABYTE AORUS GeForce RTX 2060 Super 8G Graphics Card, WINDFORCE Stack, 8GB 256-Bit GDDR6, GV-N206SAORUS-8GC Video Card",GIGABYTE,,,261.02,$10.00 Shipping,https://c1.neweggimages.com/ProductImageCompressAll300/AGKCD2204110P1S3VC0.jpg,"[[' 1845 MHz', ' 7680 x 4320 @ 60 Hz', ' 3 x DisplayPort 1.4', ' 3 x HDMI 2.0b', 'CGV-N206SAORUS-8GCSNRFB']]"
9SIAGGGHSH7294,EVGA 06G-P4-6163-KR GeForce GTX 1060 SC ACX copper HP Video Card,EVGA,5,1.0,185.89,$30.00 Shipping,https://c1.neweggimages.com/ProductImageCompressAll300/AGKCD2204110OR1SFEB.jpg,"[[' 1607 MHz', ' 7680 x 4320', ' 3 x DisplayPort 1.4', ' 1 x Dual-Link DVI-D', '06G-P4-6163-KRSNRFB']]"
9SIBF9VJZS1301,Colorful iGame GeForce RTX 2080 Ti Advanced OC Graphics Card GDDR6 11G Computer Video Card 1635MHz DirectX 12.1(RTX 2080 Ti Ad OC),Colorful,,,430.99,$45.00 Shipping,https://c1.neweggimages.com/ProductImageCompressAll300/BF9VS2306260N61MA5D.jpg,"[[' 7680×4320\n', ' 3 x DisplayPort', ' 1 x HDMI', ' 315*136*53mm', 'RTX 2080 Ti Advanced OC', '9SIBF9VJZS1301']]"
9SIBF9VJCC0409,NVidia GeForce RTX 3090 Founders Edition 24GB GDDR6 Geforce RTX 3090 FE Video Graphic Card,NVIDIA,,,1070.99,$65.00 Shipping,https://c1.neweggimages.com/ProductImageCompressAll300/BF9VS221123141H4Q27.jpg,"[[' 1400 MHz\n', ' 7680x4320\n', ' 3 x DisplayPort\n', ' 1 x HDMI 2.1\n', 'RTX 3090 FE', '9SIBF9VJCC0409']]"
9SIADFRJ7R9455,ASUS Phoenix GeForce GTX 1660 SUPER 6GB GDDR6 PCI Express 3.0 Video Card PH-GTX1660S-6G,ASUS,,,179.99,0,https://c1.neweggimages.com/ProductImageCompressAll300/14-126-547-01.jpg,"[[' 1530 MHz', ' 7680 x 4320', ' 1 x DisplayPort 1.4', ' 1 x DVI-D', 'PH-GTX1660S-6G', '9SIADFRJ7R9455']]"
9SIAGSC8MU6678,"EVGA GeForce GTX 950 02G-P4-2951-KR 2GB GAMING, Silent Cooling Gaming Graphics Card",EVGA,4.4,34.0,119.99,0,https://c1.neweggimages.com/ProductImageCompressAll300/14-487-156-09.jpg,"[[' 1152 MHz', ' Analog: 2048 x 1536\nDigital: 4096 x 2160', ' 3 x DisplayPort 1.2', ' 1 x Dual-link DVI-I', '02G-P4-2951-KR', '9SIAGSC8MU6678']]"
9SIAGSC83H9363,EVGA GeForce GT 630 2GB DDR3 PCI Express 2.0 x16 Video Card 02G-P3-2639-KR,EVGA,4.2,46.0,59.99,0,https://c1.neweggimages.com/ProductImageCompressAll300/14-130-821-15.jpg,"[[' 810 MHz', ' 2560 x 1600', ' 2 x DVI', ' 1 x mini HDMI', '02G-P3-2639-KR', '9SIAGSC83H9363']]"
9SIAT8UJMF2669,Sapphire 11266-09-20G Radeon NITRO+ RX 570 8GB GDDR5 DUAL HDMI / DVI-D / DUAL DP with backplate (UEFI) PCI-E Graphics Card,Sapphire Tech,,,249.95,$49.99 Shipping,https://c1.neweggimages.com/ProductImageCompressAll300/AD6H_131383008881977253smWT2jtxsS.jpg,"[[' 5120 x 2880', ' 2 x DisplayPort 1.4', ' 1 x DL-DVI-D', ' 2 x HDMI', '11266-09-20G']]"
9SIB0TFJMT0860,ASUS Turbo GeForce RTX 2060 SUPER 8GB GDDR6 PCI Express 3.0 Video Card TURBO-RTX2060S-8G-EVO,ASUS,4,5.0,253.78,0,https://c1.neweggimages.com/ProductImageCompressAll300/14-126-343-V02.jpg,"[[' OC Mode: 1500 MHz\nGaming Mode (Default): 1470 MHz', ' 7680 x 4320', ' 2 x DisplayPort 1.4', ' 2 x HDMI 2.0b', 'TURBO-RTX2060S-8GEVO']]"
9SIAPMXJJW8206,GIGABYTE AORUS GeForce RTX 3080 10GB GDDR6X PCI Express 4.0 GAMING BOX GV-N3080IXEB-10GD,GIGABYTE,3.8,10.0,1133.45,0,https://c1.neweggimages.com/ProductImageCompressAll300/14-932-383-01.jpg,"[[' 1710 MHz', ' 7680 x 4320', ' 3 x DisplayPort', ' 2 x HDMI', 'GV-N3080IXEB-10GD']]"
9SIAWFGJSN1295,MSI Armor 2X GTX 960 4GB OC Dual Fan HDCP Ready SLI Support (GTX 960 4GD5T OC),MSI,,,115.18,0,https://c1.neweggimages.com/ProductImageCompressAll300/A7U1_1_20200215552446177.jpg,[['h2020PB011S6GUCQ']]
9SIAWFGJT34725,"PowerColor Hellhound Sakura AMD Radeon RX 6650 XT Graphics Card, 8GB 128-bit GDDR6 Gaming Graphics Card,PCI Express 4.0, 1 x HDMI 2.1 , 3 x DisplayPort 1.4, Pink GPU",PowerColor,5,1.0,538.0,0,https://c1.neweggimages.com/ProductImageCompressAll300/AYTVS2206080KM1SS62.jpg,"[[' 3 x DisplayPort 1.4a', ' 1 x HDMI 2.1', ' DirectX 12', ' AMD', 'B-PowerColor RX 6650XT PINK', '9SIAWFGJT34725']]"
9SIARA8JVS8883,MSI Gaming N760 TF 4GD5/OC G-SYNC Support GeForce GTX 760 4GB 256-Bit GDDR5 PCI Express 3.0 SLI Support Video Card,MSI,4.3,79.0,119.98,0,https://c1.neweggimages.com/ProductImageCompressAll300/14-127-748-16.jpg,"[[' 1085 MHz', ' 4096 x 2160', ' 1 x DisplayPort', ' 1 x DVI-I\n1 x DVI-D', 'N760 TF 4GD5/OC']]"
9SIAPW2JMJ9453,ASUS Dual GeForce RTX 2060 6GB GDDR6 PCI Express 3.0 Video Card DUAL-RTX2060-A6G,ASUS,4.8,4.0,397.99,0,https://c1.neweggimages.com/ProductImageCompressAll300/14-126-284-V02.jpg,"[[' Gaming Mode: 1365 MHz', ' 7680 x 4320', ' 2 x DisplayPort 1.4', ' 1 x DVI-D', 'DUAL-RTX2060-A6G']]"
9SIAGGGHYV9415,"GIGABYTE AORUS GeForce RTX 2060 Super 8G Graphics Card, WINDFORCE Stack, 8GB 256-Bit GDDR6, GV-N206SAORUS-8GC Video Card",GIGABYTE,,,239.21,$10.00 Shipping,https://c1.neweggimages.com/ProductImageCompressAll300/A73M_132088430556572734XvddA510Ej.jpg,"[[' 1845 MHz', ' 7680 x 4320 @ 60 Hz', ' 3 x DisplayPort 1.4', ' 3 x HDMI 2.0b', 'CGV-N206SAORUS-8GC']]"
9SIAGGGHT36579,ASUS ROG STRIX GeForce RTX 2060 SUPER 8GB GDDR6 PCI Express 3.0 Video Card ROG-STRIX-RTX2060S-A8G-EVO-V2-GAMING,ASUS,4.8,5.0,240.11,$31.00 Shipping,https://c1.neweggimages.com/ProductImageCompressAll300/14-126-444-V02.jpg,"[[' 1470 MHz', ' 7680 x 4320', ' 2 x DisplayPort 1.4', ' 2 x HDMI 2.0b', 'RTX2060S-A8G-EVO-V2-']]"
9SIARA8J9X9681,"EVGA GeForce GTX 1660 SUPER SC ULTRA GAMING, 06G-P4-1068-KR, 6GB GDDR6, Dual Fan, Metal Backplate",EVGA,4.6,109.0,222.99,0,https://c1.neweggimages.com/ProductImageCompressAll300/14-487-479-V07.jpg,"[[' 7680 x 4320', ' 1 x DisplayPort 1.4', ' 1 x Dual-Link DVI-D', ' 1 x HDMI 2.0b', '06G-P4-1068-KR']]"
9SIA4REJWM1060,ASRock Phantom Gaming Elite Radeon RX 5700 XT 8GB GDDR6 PCI Express 4.0 x16 Video Card RX5700XT PG E,ASRock,,,,0,https://c1.neweggimages.com/ProductImageCompressAll300/14-930-040-V01.jpg,"[[' 1650 MHz', ' 8K HDR 60 Hz', ' 3 x DisplayPort 1.4', ' 1 x HDMI 2.0b', 'RX5700XT PG E']]"
9SIAPMXJKC6458,ASUS GeForce GTX 960 STRIX-GTX960-DC2OC-4GD5 4GB 128-Bit GDDR5 PCI Express 3.0 HDCP Ready SLI Support Video Card,ASUS,5,1.0,109.82,0,https://c1.neweggimages.com/ProductImageCompressAll300/ADDZS210401ret3l.jpg,"[[' OC Mode - 1253MHzGaming Mode (Default) - 1228MHz', ' 3 x DisplayPort', ' 1 x DVI-I', ' 1 x HDMI', 'STRIX-GTX960-DC2OC-4']]"
9SIAPMXJ949980,GIGABYTE GV-N306TGAMINGOC PRO-8GD (rev. 3.0) Gaming GeForce RTX 3060 Ti Video Card,GIGABYTE,,,345.5,0,https://c1.neweggimages.com/ProductImageCompressAll300/AGKCD2204110NP58X19.jpg,"[[' 1770 MHz', ' 7680 x 4320', ' 2 x DisplayPort 1.4a', ' 2 x HDMI 2.1', 'GV-N306TGAMINGOCPRO8SNRFB']]"
9SIAPMXJMB7980,MSI GeForce GTX 1050 Ti 4GB GDDR5 PCI Express 3.0 x16 ATX Video Card GTX 1050 Ti 4GT OC,MSI,5,1.0,122.01,0,https://c1.neweggimages.com/ProductImageCompressAll300/14-137-304-Z01.jpg,"[[' 1341 MHz', ' 7680 x 4320', ' 1 x DisplayPort 1.4', ' 1 x DL-DVI-D', 'MSI-GTX1050TI4GTOC-R']]"
9SIAPMXJ950183,"GIGABYTE GeForce RTX 3080 GAMING OC 10GB Video Card, GV-N3080GAMING OC-10GD (REV 2.0)",GIGABYTE,,,555.97,0,https://c1.neweggimages.com/ProductImageCompressAll300/AGKCD2204110O3J9G90.jpg,[['GV-N3080GAMINGOC-10GDREV2SNRFB']]
9SIAPMXJMS1142,GIGABYTE GeForce GTX 1050 2GB GDDR5 PCI Express 3.0 x16 ATX Video Card GV-N1050OC-2GD,GIGABYTE,4.1,7.0,111.55,0,https://c1.neweggimages.com/ProductImageCompressAll300/14-932-016-Z01.jpg,"[[' 1404 MHz in OC Mode\n1379 MHz in Gaming', ' 7680 x 4320', ' 1 x DisplayPort 1.4', ' 1 x Dual-Link DVI-D', 'GV-N1050OC-2GD']]"
9SIAGSC7U18333,EVGA 02G-P4-2678-KR GeForce GTX 670 FTW 2GB 256-bit GDDR5 PCI Express 3.0 x16 HDCP Ready SLI Support Video Card,EVGA,4.4,538.0,169.99,0,https://c1.neweggimages.com/ProductImageCompressAll300/14-130-787-10.jpg,"[[' 1006 MHz', ' 2560 x 1600 (DL-DVI)', ' 1 x DisplayPort', ' 2 x DVI', '02G-P4-2678-KR', '9SIAGSC7U18333']]"
9SIAGSCEDX4844,EVGA 03G-P3-1588-AR GeForce GTX 580 (Fermi) Classified 3072MB 384-bit GDDR5 PCI Express 2.0 x16 HDCP Ready SLI Support Video Card,EVGA,4.9,16.0,169.99,0,https://c1.neweggimages.com/ProductImageCompressAll300/14-130-732-06.jpg,"[[' 855MHz', ' 2560 x 1600', ' 2 x DVI', ' 11"" x 5.42""', '03G-P3-1588-AR', '9SIAGSCEDX4844']]"
9SIAEEN6B84621,Nvidia NVS 300 512MB GDDR3 PCI-E 2.0 x16 Low Profile Video Card,NVIDIA,,,9.99,Special Shipping,https://c1.neweggimages.com/ProductImageCompressAll300/AEEN_1_201901082126070405.jpg,"[[' NVIDIA', 'NVA-P1035-000(B)', '9SIAEEN6B84621']]"
9SIADFRJ6D6679,GIGABYTE GeForce GT 1030 Low Profile D4 2G DirectX 12 GV-N1030D4-2GL Video Card,GIGABYTE,,,79.99,0,https://c1.neweggimages.com/ProductImageCompressAll300/APNMD210604KKZHO.jpg,[['GV-N1030D4-2GL-001']]
9SIARA8JAK4193,MSI GeForce GTX 1080 8GB GDDR5X PCI Express 3.0 x16 SLI Support Video Cards GTX 1080 DUKE 8G OC,MSI,4.4,150.0,235.24,0,https://c1.neweggimages.com/ProductImageCompressAll300/14-137-084-S99.jpg,"[[' 1708 MHz', ' 7680 x 4320', ' 3 x DisplayPort 1.4', ' 1 x DL-DVI-D', 'GTX 1080 DUKE 8G OC']]"
9SIARA8JVT0919,MSI GeForce GTX 650 Ti BOOST 2GB GDDR5 PCI Express 3.0 SLI Support Video Card N650TI TF 2GD5/OC BE,MSI,4.6,36.0,119.99,0,https://c1.neweggimages.com/ProductImageCompressAll300/14-127-728-10.jpg,"[[' 1033MHz', ' 1 x DisplayPort', ' 2 x DVI', ' 1 x HDMI', 'N650TI TF 2GD5/OC BE']]"
9SIARA8JMB5047,MSI GeForce RTX 2080 TI GAMING X TRIO Video Card,MSI,,,575.98,0,https://c1.neweggimages.com/ProductImageCompressAll300/ARA8D210902JY7MN.jpg,[['MSI86']]
9SIBF9VJZ36155,ASUS Turbo GeForce GTX 1070 8GB GDDR5 PCI Express 3.0 SLI Support Video Card TURBO-GTX1070-8G,ASUS,4.5,30.0,160.0,$45.00 Shipping,https://c1.neweggimages.com/ProductImageCompressAll300/14-126-112-S99.jpg,"[[' 1506 MHz', ' 7680 x 4320', ' 2 x DisplayPort 1.4', ' 1 x Native DVI-D', 'TURBO-GTX1070-8G']]"
9SIA4REJNM8358,MSI Gaming GeForce RTX 3090 24GB GDDR6X PCI Express 4.0 ATX Video Card RTX 3090 GAMING TRIO 24G,MSI,,,1149.99,0,https://c1.neweggimages.com/ProductImageCompressAll300/14-137-645-V01.jpg,"[[' 7680 x 4320', ' 3 x DisplayPort 1.4a', ' 1 x HDMI 2.1', ' 12.72"" x 5.51""', 'RTX3090GAMINGTRIO24G']]"
9SIAGKCJEZ4303,[OB] MSI Gaming GeForce RTX 2080 Super 8GB GDRR6 256-Bit (RTX 2080 Super Ventus XS OC),MSI,,,532.51,$32.00 Shipping,https://c1.neweggimages.com/ProductImageCompressAll300/A24G_1_20191026268891345.jpg,[['G2080SVXC']]
9SIAGGGHYW0021,MSI GeForce RTX 2070 Gaming Z 8GB GDDR6 Graphics Card,MSI,,,261.27,$30.00 Shipping,https://c1.neweggimages.com/ProductImageCompressAll300/A4YU_1_201908171458847499.jpg,[['V373-007R']]
9SIARA8JNH9040,ASUS Dual GeForce RTX 2070 8GB GDDR6 PCI Express 3.0 Video Card DUAL-RTX2070-A8G,ASUS,2.7,7.0,269.95,0,https://c1.neweggimages.com/ProductImageCompressAll300/14-126-272-V50.jpg,"[[' 1410 MHz', ' 7680 x 4320', ' 3 x DisplayPort 1.4', ' 1 x HDMI 2.0b', 'DUAL-RTX2070-A8G']]"
9SIA4REJSR5268,"ASUS ATS-RTX3060TI-O8G-GAMING(LHR) Video Card,8GB 256-bit GDDR6 PCI Express 4.0 x16,1740MHz Core Frequency,2×HDMI2.1, 3×DisplayPort1.4a",ASUS,,,399.99,0,https://c1.neweggimages.com/ProductImageCompressAll300/A4RES211029AAD84.jpg,"[[' 1740 MHz', ' 7680 x 4320', ' 3 x DisplayPort 1.4a', ' 2 x HDMI 2.1', 'ASUS ATS-RTX3060TI-O8G-GAMING']]"
9SIAGGGHSH7836,"GIGABYTE GeForce GTX 1660 Ti GAMING OC 6G Graphics Card, 3 x WINDFORCE Fans, 6GB 192-Bit GDDR6, GV-N166TGAMING OC-6GD Video Card",GIGABYTE,,,178.19,$10.00 Shipping,https://c1.neweggimages.com/ProductImageCompressAll300/AGKCD2204110NUV02F5.jpg,[['eeette109SNRFB']]
9SIAPMXJJV5199,GIGABYTE GeForce RTX 2070 SUPER GAMING OC 3X WHITE DirectX 12 GV-N207SGAMINGOC WHITE-8GD 8GB 256-Bit GDDR6 PCI Express 3.0 x16 SLI Support ATX Video Card,GIGABYTE,1,1.0,330.28,0,https://c1.neweggimages.com/ProductImageCompressAll300/AGKCD2204110O2G5330.jpg,"[[' 1815 MHz', ' 3 x DisplayPort 1.4', ' 1 x HDMI 2.0b', ' DirectX 12', 'GVN207SGAMINGOCWHISNRFB']]"
9SIAPMXJJK6502,GIGABYTE GeForce GTX 1070 8GB GDDR5 PCI Express 3.0 x16 ATX Video Cards GV-N1070G1 GAMING-8GD,GIGABYTE,4.7,3.0,159.12,0,https://c1.neweggimages.com/ProductImageCompressAll300/14-125-923-Z01.jpg,"[[' 1620 MHz in OC Mode\n1594 MHz in Gaming Mode', ' Digital: 7680 x 4320 (requires 2*DP1.3 connectors)\nAnalog: 4096 x 2160', ' 3 x DisplayPort 1.4', ' 1 x Dual-link DVI-D', 'GV-N1070G1 GAMING-8G']]"
9SIAPMXJJH9168,GIGABYTE GeForce GTX 960 2GB GDDR5 PCI Express 3.0 ATX Video Cards GV-N960WF2CN-2GD (rev. 1.0),GIGABYTE,4.7,6.0,84.93,0,https://c1.neweggimages.com/ProductImageCompressAll300/14-125-884-01.jpg,"[[' 1152 MHz in OC Mode\n1127 MHz in Gaming Mode', ' Digital: 4096 x 2160\nAnalog: 2048 x 1536', ' 1 x DisplayPort', ' 1 x Dual-link DVI-I\n1 x Dual-link DVI-D', 'GV-N960WF2CN-2GD']]"
9SIAGSCBVV2720,MSI GeForce GT 640 2GB DDR3 PCI Express 3.0 x16 Video Card N640GT-MD2GD3,MSI,4.3,4.0,74.99,0,https://c1.neweggimages.com/ProductImageCompressAll300/14-127-680-03.jpg,"[[' 900 MHz', ' 2560 x 1600', ' 1 x DVI', ' 1 x HDMI', 'N640GT-MD2GD3', '9SIAGSCBVV2720']]"
9SIAGSC8SJ2954,EVGA GeForce GT 520 (Fermi) 1GB DDR3 PCI Express 2.0 x16 Video Card 01G-P3-1526-KR,EVGA,4.4,39.0,34.99,0,https://c1.neweggimages.com/ProductImageCompressAll300/14-130-680-04.jpg,"[[' 810MHz', ' 2560 x 1600', ' 2 x DVI (1 Single Link, 1 Dual Link)', ' 1 x mini HDMI', '01G-P3-1526-KR', '9SIAGSC8SJ2954']]"
9SIAEEN6B84058,Nvidia Quadro 600 1GB DDR3 SDRAM PCI Express x16 Desktop Video Card,NVIDIA,,,27.49,Special Shipping,https://c1.neweggimages.com/ProductImageCompressAll300/AEEN_1_201708291797680150.jpg,"[[' NVIDIA', '180-12009-1005-A01', '9SIAEEN6B84058']]"
9SIAGSCGMK7070,MSI Radeon HD 4770 512MB GDDR5 PCI Express 2.0 x16 CrossFireX Support Video Card R4770-T2D512,MSI,4.4,14.0,34.99,0,https://c1.neweggimages.com/ProductImageCompressAll300/14-127-432-03.jpg,"[[' 750 MHz', ' 2560 x 1600', ' 2 x DVI', ' AMD', 'R4770-T2D512', '9SIAGSCGMK7070']]"
9SIAGSC99V7213,GIGABYTE GeForce GTX 650 Ti 2GB GDDR5 PCI Express 3.0 x16 Video Card GV-N65TOC-2GI,GIGABYTE,4.2,31.0,112.99,0,https://c1.neweggimages.com/ProductImageCompressAll300/14-125-446-04.jpg,"[[' 1032MHz', ' 2560 x 1600', ' 2 x DVI-I', ' 1 x HDMI', 'GV-N65TOC-2GI', '9SIAGSC99V7213']]"
9SIAYTVJYB4666,MSI RTX 3060 Ti Gaming X 8G LHR Gaming GeForce RTX 3060 Ti Video Card,MSI,,,289.99,$49.99 Shipping,https://c1.neweggimages.com/ProductImageCompressAll300/AGKCD2204110NS1Q055.jpg,"[[' 7680 x 4320', ' 3 x DisplayPort 1.4a', ' 1 x HDMI 2.1', ' 10.94"" x 5.16""', 'RTX3060TGamingX8GLHRSNRFB']]"
9SIAGSCG068193,EVGA GeForce GT 610 2GB DDR3 PCI Express 2.0 x16 Video Card 02G-P3-2617-KR,EVGA,3.8,10.0,54.99,0,https://c1.neweggimages.com/ProductImageCompressAll300/14-130-789-08.jpg,"[[' 810 MHz', ' 2560 x 1600', ' 2 x DVI', ' 1 x mini HDMI', '02G-P3-2617-KR', '9SIAGSCG068193']]"
9SIARA8JJR5392,MSI GeForce RTX 2080 SUPER DirectX 12 RTX 2080 Super Ventus XS OC 8GB 256-Bit GDDR6 PCI Express 3.0 x16 HDCP Ready SLI Support Video Card,MSI,,,459.99,0,https://c1.neweggimages.com/ProductImageCompressAll300/APBUS201017ab4P3.jpg,[['MSI RTX 2080 SUPER V']]
9SIBJNCJN44402,MSI GeForce RTX 2080 Ti DirectX 12 GeForce RTX 2080 Ti VENTUS GP OC 11GB 352-Bit GDDR6 PCI Express 3.0 x16 SLI Support Video Card,MSI,,,509.9,0,https://c1.neweggimages.com/ProductImageCompressAll300/14-137-560-S01.jpg,"[[' 7680 x 4320', ' 3 x DisplayPort 1.4', ' 1 x HDMI 2.0b', ' DirectX 12', 'GeForceRTX2080TiVGO']]"
9SIAWFGJT19331,"ASRock Radeon RX 6900 XT Phantom Gaming D 16G OC Graphics Card, 16GB 256-bit GDDR6, Support PCI Express 4.0,1 x HDMI 2.1, 3 x DisplayPort 1.4",ASRock,,,1029.0,0,https://c1.neweggimages.com/ProductImageCompressAll300/A4RES22010705MO3R8F.jpg,"[[' 1925 MHz', ' 7680 x 4320', ' 3 x DisplayPort 1.4', ' 1 x HDMI 2.1', 'ASROCK Radeon RX6900XT PGD 16GO']]"
9SIAWFGJT04368,MSI GeForce GTX 1660 SUPER DirectX 12 GTX 1660 SUPER GAMING Z PLUS 6GB 192-Bit GDDR6 PCI Express 3.0 x16 HDCP Ready Video Card,MSI,5,1.0,203.22,0,https://c1.neweggimages.com/ProductImageCompressAll300/AGKCS210117KX3NH.jpg,"[[' 7680 x 4320', ' 3 x DisplayPort 1.4', ' 1 x HDMI 2.0b', ' 9.72"" x 5.00""', '1660SuperGamingZPLU']]"
9SIARA8JBR7479,GIGABYTE AORUS Radeon RX 5700 XT DirectX 12 GV-R57XTAORUS-8GD 8GB 256-Bit GDDR6 PCI Express 4.0 x16 ATX Video Card,GIGABYTE,,,299.98,0,https://c1.neweggimages.com/ProductImageCompressAll300/A73MS201022hq8if.jpg,"[[' 1770 MHz', ' 3 x DisplayPort 1.4', ' DirectX 12', ' AMD', 'GIGGV-R57XTAORUS-8GD']]"
9SIAGKCJXV4138,MSI GeForce RTX 2070 8GB GDDR6 PCI Express 3.0 x16 Video Card RTX 2070 AERO 8G,MSI,3.7,3.0,,0,https://c1.neweggimages.com/ProductImageCompressAll300/14-137-367-V18.jpg,"[[' 1410 MHz', ' 7680 x 4320', ' 3 x DisplayPort 1.4', ' 1 x HDMI 2.0b', 'RTX 2070 AERO 8G']]"
9SIAGGGHYV9531,"GIGABYTE GeForce GTX 1660 Ti OC 6G Graphics Card, 2 x WINDFORCE Fans, 6GB 192-Bit GDDR6, GV-N166TOC-6GD Video Card",GIGABYTE,,,146.33,$20.00 Shipping,https://c1.neweggimages.com/ProductImageCompressAll300/AUH5S210330MyzRS.jpg,"[[' 1800 MHz', ' 7680x4320@60Hz', ' 3 x DisplayPort 1.4', ' 1 x HDMI 2.0', 'GV-N16TOC']]"
9SIA4REJWM0915,GIGABYTE Radeon RX 5600 XT 6GB GDDR6 PCI Express 4.0 x16 ATX Video Card GV-R56XTGAMING OC-6GD,GIGABYTE,3.2,111.0,169.99,0,https://c1.neweggimages.com/ProductImageCompressAll300/14-932-244-S03.jpg,"[[' 7680 x 4320 @ 60 Hz', ' 3 x DisplayPort 1.4', ' 1 x HDMI 2.0b', ' 11.02"" x 4.50""', 'GV-R56XTGAMING OC-6G', '9SIA4REJWM0915']]"
9SIA4REJX92221,"GIGABYTE Radeon RX 5700 GAMING OC 8G Graphics Card, PCIe 4.0, 8GB 256-Bit GDDR6, GV-R57GAMING OC-8GD Video Card",GIGABYTE,3.8,24.0,179.99,0,https://c1.neweggimages.com/ProductImageCompressAll300/14-932-209-V01.jpg,"[[' 1565 MHz', ' 7680 x 4320 @ 60 Hz', ' 3 x DisplayPort 1.4', ' 1 x HDMI 2.0b', 'GV-R57GAMING OC-8GD', '9SIA4REJX92221']]"
9SIAPMXJMM6327,"EVGA GeForce GTX 970 04G-P4-2974-KR 4GB SC GAMING w/ACX 2.0, Silent Cooling Graphics Card Double fan",EVGA,3.3,3.0,153.42,0,https://c1.neweggimages.com/ProductImageCompressAll300/APHAS210406JW9b1.jpg,"[[' 1165 MHz', ' 4096 x 2160', ' 1 x DisplayPort 1.2', ' 1 x Dual-link DVI-I 1 x Dual-link DVI-D', 'L267']]"
9SIAWFGJGF2980,GIGABYTE GeForce GTX 1050 3GB GDDR5 PCI Express 3.0 x16 Low Profile Video Card GV-N1050OC-3GL,GIGABYTE,,,179.94,0,https://c1.neweggimages.com/ProductImageCompressAll300/14-932-405-01.jpg,"[[' 1430 MHz in OC mode\n1404 MHz in Gaming mode', ' 7680 x 4320', ' 1 x DisplayPort 1.4', ' 1 x Dual-link DVI-D', 'GV-N1050OC-3GL']]"
9SIAPMXJJK7061,GIGABYTE GeForce GTX 1070 Ti DirectX 12 GV-N107TGAMING-8GD 8GB 256-Bit GDDR5 PCI Express 3.0 x16 SLI Support ATX Video Card,GIGABYTE,4.8,4.0,183.79,0,https://c1.neweggimages.com/ProductImageCompressAll300/V0M5_1_20180322163602730.jpg,"[[' Base: 1632 MHz in OC Mode\nBase: 1607 MHz in Gaming Mode', ' HDMI-2.0b: 4096 x 2160 @ 60 Hz\nDisplay Port-1.4: 7680 x 4320 @ 60 Hz', ' 3 x DisplayPort 1.4', ' 1 x Dual-link DVI-D', 'GV-N107TGAMING-8GD']]"
9SIARA8J9Z6404,GIGABYTE GeForce GTX 1060 3GB GDDR5 PCI Express 3.0 x16 ATX Video Cards GV-N1060WF2OC-3GD,GIGABYTE,3.4,19.0,115.97,0,https://c1.neweggimages.com/ProductImageCompressAll300/ADFR_1_201709011125791276.jpg,"[[' 1582 MHz in OC Mode\n1556 MHz in Gaming Mode', ' HDMI-2.0b: Max 4096x2160 @ 60 Hz\nDisplay Port-1.4: Max 7680x4320 @ 60 Hz', ' 1 x DisplayPort 1.4', ' 2 x Dual-link DVI-D', 'GV-N1060WF2OC-3GD']]"
9SIBF9VJ826803,"ATS RTX3060TI-O8G-V2-GAMING LHR(LHR) Video Card,8GB 256-bit GDDR6 PCI Express 4.0 x16,1740MHz Core Frequency,2×HDMI2.1, 3×DisplayPort1.4a",ASUS,,,285.0,$45.00 Shipping,https://c1.neweggimages.com/ProductImageCompressAll300/BF9VS2209290UU3VVD2.jpg,"[[' \t1740 MHz', ' \t7680 x 4320', ' \t3 x DisplayPort 1.4a', ' 2 x HDMI 2.1', 'ASUS ATS-RTX3060TI-O8G-GAMING']]"
9SIAGSCJ7X4766,ASUS Radeon HD 5450 1GB DDR3 PCI Express 2.1 x16 Low Profile Ready Video Card EAH5450 SILENT/DI/1GD3(LP),ASUS,2.8,17.0,39.99,0,https://c1.neweggimages.com/ProductImageCompressAll300/14-121-365-02.jpg,"[[' 650 MHz', ' 2560 x 1600', ' 1 x DVI', ' 1 x HDMI', 'EAH5450 SILENT/D DUP', '9SIAGSCJ7X4766']]"
9SIAGSCJJY3728,ASUS GeForce GT 740 1GB GDDR5 PCI Express 3.0 Video Card GT740-OC-1GD5,ASUS,4.8,8.0,79.99,0,https://c1.neweggimages.com/ProductImageCompressAll300/14-121-876-03.jpg,"[[' 1033MHz', ' 1 x DVI-D', ' 1 x HDMI', ' 1.4"" x 7.3"" x 4.5"" (H x W x D)', 'GT740-OC-1GD5', '9SIAGSCJJY3728']]"
9SIAGSCJJY3783,SAPPHIRE Radeon HD 5570 1GB DDR3 PCI Express 2.1 x16 CrossFireX Support Low Profile Ready Video Card w/ Eyefinity 100293DP,Sapphire Tech,4.4,102.0,49.99,0,https://c1.neweggimages.com/ProductImageCompressAll300/14-102-875-02.jpg,"[[' 650 MHz', ' 2560 x 1600', ' 1 x DisplayPort', ' 1 x DVI', '100293DP', '9SIAGSCJJY3783']]"
9SIAGSC8KE7084,"EVGA GeForce GTX 980 04G-P4-2983-KR 4GB SC GAMING w/ACX 2.0, 26% Cooler and 36% Quieter Cooling Graphics Card",EVGA,4.5,233.0,178.99,0,https://c1.neweggimages.com/ProductImageCompressAll300/14-487-079-15.jpg,"[[' 1266 MHz', ' 4096 x 2160', ' 3 x DisplayPort', ' 1 x DVI', '04G-P4-2983-KR']]"
9SIAPMXJKW4258,MSI AMD Radeon RX 570 MINER 8G Graphics Card,MSI,1,1.0,138.99,0,https://c1.neweggimages.com/ProductImageCompressAll300/AMY5S200726eLTnk.jpg,"[[' 1 x DVI', ' 2 Slots', ' DirectX 12', ' AMD', 'MSI-RX570MINER8G-RFB']]"
9SIA639JK07773,MSI Computer Graphics Card GTX 960 2GD5T OC,MSI,3,1.0,88.97,0,https://c1.neweggimages.com/ProductImageCompressAll300/A85V_1_201607281429951734.jpg,"[[' Yes', ' With Fan', ' 90 days', ' 90 days', 'GTX 960 2GD5T OC']]"
9SIAPMXJKW4248,MSI Radeon RX 570 4GB GDDR5 PCI Express x16 CrossFireX Support ATX Video Card RADEON RX 570 ARMOR 4G OC,MSI,2.8,11.0,140.43,0,https://c1.neweggimages.com/ProductImageCompressAll300/14-137-270-Z01.jpg,"[[' 3 x DisplayPort', ' 1 x DVI-D', ' 1 x HDMI', ' 9.69"" x 5.12""', 'MSI-RX570ARMOR4GOC-R']]"
9SIB86XJ813930,51RISC RTX2060Super 8GB Graphics Card GDDR6 256Bit PCI Express 3.0x16 1470MHz 2176units rtx2060super Gaming 8G Video Card,51Risc,,,259.0,0,https://c1.neweggimages.com/ProductImageCompressAll300/B86XS2209290GR8R1FF.jpg,"[[' Double Fans', 'Manli RTX2060Super', '9SIB86XJ813930']]"
9SIADRAJ7E9098,PNY GeForce GTX 580 (Fermi) 1536MB GDDR5 PCI Express 2.0 x16 SLI Support Video Card RVCGGTX580XXB,"PNY Technologies, Inc.",4,4.0,285.0,$12.00 Shipping,https://c1.neweggimages.com/ProductImageCompressAll300/14-133-400-02.jpg,"[[' 2560 x 1600', ' 2 x DVI', ' 1 x mini HDMI', ' DirectX 11', 'RVCGGTX580XXB', '9SIADRAJ7E9098']]"
9SIAGSCJJY3485,EVGA 06G-P4-3790-KR G-SYNC Support GeForce GTX TITAN BLACK 6GB 384-Bit GDDR5 PCI Express 3.0 SLI Support Video Card,EVGA,4.9,8.0,269.99,0,https://c1.neweggimages.com/ProductImageCompressAll300/14-487-029-10.jpg,"[[' 889MHz', ' 1 x DisplayPort', ' 1 x DVI-D\n1 x DVI-I', ' 1 x HDMI', '06G-P4-3790-KR', '9SIAGSCJJY3485']]"
9SIADFRJ8P9430,MSI RTX 2060 VENTUS GP OC GeForce RTX 2060 6GB GDDR6 PCIE 3.0 x16 Video Card,MSI,,,244.99,0,https://c1.neweggimages.com/ProductImageCompressAll300/ARUXS2110236D893.jpg,[['RTX 2060 VENTUS GP OC']]
9SIAGSCA689503,PNY VCGGTX660XPB G-SYNC Support GeForce GTX 660 2GB 192-Bit GDDR5 PCI Express 3.0 x16 HDCP Ready SLI Support Video Card,"PNY Technologies, Inc.",4.3,65.0,109.99,0,https://c1.neweggimages.com/ProductImageCompressAll300/14-133-470-05.jpg,"[[' 980MHz', ' 2560 x 1600', ' 1 x DisplayPort', ' 2 x DVI', 'VCGGTX660XPB']]"
9SIAGSCFCY0592,SPARKLE GeForce GT 640 2GB DDR3 PCI Express 3.0 x16 Video Card 700003,,2.5,4.0,74.99,0,https://c1.neweggimages.com/ProductImageCompressAll300/14-187-184-02.jpg,"[[' 954MHz', ' 2560 x 1600', ' 1 x DL-DVI-I\n1 x DL-DVI-D\n1 x SL-DVI-D', ' 1 x mini HDMI', '700003', '9SIAGSCFCY0592']]"
9SIAGSCJJY3479,"PNY GeForce GTX 980 4GB XLR8 OC EDITION, VCGGTX9804XPB-XP-OC","PNY Technologies, Inc.",4.3,11.0,164.99,0,https://c1.neweggimages.com/ProductImageCompressAll300/14-133-580-S99.jpg,"[[' 1228 MHz', ' 4096 x 2160 (Digital)', ' 3 x DisplayPort', ' 1 x Dual-link DVI', 'VCGGTX9804XPB-XP-OC', '9SIAGSCJJY3479']]"
9SIARA8JA30732,Zotac GeForce GTX 1060 AMP! Edition Core 3GB ZT-P10610H-10M Video Graphics Card GPU,ZOTAC,4,2.0,136.19,0,https://c1.neweggimages.com/ProductImageCompressAll300/ADFR_1_201907241334473239.jpg,"[[' NVIDIA', ' NVIDIA GeForce GTX 10 Series', ' Double Fans', ' 120W', 'ZT-P10610H-10M MR']]"
9SIAGSC7R15309,EVGA 01G-P3-1556-KR GeForce GTX 550 Ti (Fermi) FPB 1GB 192-bit GDDR5 PCI Express 2.0 x16 HDCP Ready SLI Support Video Card,EVGA,4.5,891.0,59.99,0,https://c1.neweggimages.com/ProductImageCompressAll300/14-130-625-03.jpg,"[[' 951MHz (vs. NV Ref. 900 Mhz)', ' 2560 x 1600', ' 2 x DVI', ' 1 x mini HDMI', '01G-P3-1556-KR']]"
9SIARA8J9X6864,"GIGABYTE GeForce GTX 1050 Ti OC Low Profile 4GB Video Card, GV-N105TOC-4GL",GIGABYTE,,,146.39,0,https://c1.neweggimages.com/ProductImageCompressAll300/AGKCD2204110OUFW66E.jpg,"[[' 1328 MHz in OC Mode 1303 MHz in Gaming Mode', ' 7680 x 4320', ' 1 x DisplayPort 1.4', ' 1 x Dual-link DVI-D', 'GeForceGTX1050TiSNRFB']]"
9SIAPMXJJV6116,GIGABYTE GeForce RTX 2080 8GB GDDR6 PCI Express 3.0 x16 SLI Support ATX Video Card GV-N2080GAMING OC-8GC,GIGABYTE,5,4.0,410.81,0,https://c1.neweggimages.com/ProductImageCompressAll300/14-932-143-Z01.jpg,"[[' 1830 MHz in OC mode\n1815 MHz in Gaming mode', ' 7680 x 4320 @ 60 Hz', ' 3 x DisplayPort 1.4', ' 1 x HDMI 2.0b', 'GV-N2080GAMINGOC-8GC']]"
9SIBHDHJUD4572,MSI GeForce GTX 1660 SUPER VENTUS XS OC EDITION 6GB GDDR6 192-bit HDMI/DP Support PCI Express 3.0 x16 DirectX 12 Dual Fan VR Ready Graphics Card,MSI,5,1.0,139.88,0,https://c1.neweggimages.com/ProductImageCompressAll300/AGKCD2204110O7SC629.jpg,"[[' 7680 x 4320', ' 3 x DisplayPort 1.4', ' 1 x HDMI 2.0b', ' 8.03"" x 5.04""', '768697040876SNRFB']]"
9SIAGGGHT29654,ASUS Dual GeForce RTX 3060 Ti V2 MINI OC Edition 8GB GDDR6 PCI Express 4.0 Video Card DUAL-RTX3060TI-O8G-MINI-V2 (LHR),ASUS,,,429.99,$30.00 Shipping,https://c1.neweggimages.com/ProductImageCompressAll300/AGKCD2204110OMCN8C2.jpg,"[[' 7680 x 4320', ' 3 x DisplayPort 1.4a', ' 1 x HDMI 2.1', ' 7.87"" x 4.84""', 'DUAL-RTX3060TI-O8G-MINI-V2SNRFB']]"
9SIB11NJ706821,ASUS ROG STRIX GeForce RTX 2060 DirectX 12 ROG-STRIX-RTX2060-O6G-EVO-GAMING 6GB 192-Bit GDDR6 PCI Express 3.0 HDCP Ready Video Card,ASUS,,,262.39,$45.00 Shipping,https://c1.neweggimages.com/ProductImageCompressAll300/AGKCD2204110P3Z243C.jpg,"[[' 1365 MHz', ' 7680 x 4320', ' 2 x DisplayPort 1.4', ' 2 x HDMI 2.0b', 'STRIXGeForceRTX2060SNRFB']]"
9SIB11NJ706606,ASUS ROG-STRIX-RTX2060-6G-GAMING ROG STRIX GeForce RTX 2060 Video Card,ASUS,,,286.79,$75.00 Shipping,https://c1.neweggimages.com/ProductImageCompressAll300/AGKCD2204110PLX7F28.jpg,"[[' Gaming Mode: 1365 MHz', ' 7680 x 4320', ' 2 x DisplayPort 1.4', ' 2 x HDMI 2.0b', 'RTX2060-6G-GAMINGSNRFB']]"
9SIADFRJ6D6685,MSI GTX 1660 Ti Ventus XS 6GB GDDR6 HDMI/3DisplayPort PCI-Express Graphics Card,MSI,3,1.0,199.99,0,https://c1.neweggimages.com/ProductImageCompressAll300/ARUXS210923E8854.jpg,"[[' NVIDIA', 'MSI GTX 1660 Ti Ventus XS 6G']]"
9SIADFRJEC6631,MSI RTX 3070 GAMING Z TRIO 8G LHR Gaming 8GB 256-Bit GDRR6 OC Graphics Card,MSI,,,489.99,0,https://c1.neweggimages.com/ProductImageCompressAll300/ARUXS21092305879.jpg,[['MSI \tRTX 3070 GAMING Z TRIO 8G LHR']]
9SIADFRJS04717,ASUS ROG Strix GeForce GTX 1660 SUPER Advanced 6GB Edition GDDR6 HDMI 2.0 DP 1.4 Gaming Graphics Card (ROG-STRIX-GTX1660S-A6G-GAMING),ASUS,4.8,55.0,249.99,0,https://c1.neweggimages.com/ProductImageCompressAll300/14-126-362-V01.jpg,"[[' 1530 MHz', ' 7680 x 4320', ' 2 x DisplayPort 1.4', ' 2 x HDMI 2.0b', 'ROG-STRIX-GTX1660S-A', '9SIADFRJS04717']]"
9SIAG20JJD5399,ATI Radeon HD 3450 256MB DDR2 PCI-E x16 Low Profile Desktop Video Card,,,,35.0,0,https://c1.neweggimages.com/ProductImageCompressAll300/AEEN_1_202002162128215770.jpg,"[[' AMD', 'Y103D', '9SIAG20JJD5399']]"
9SIADFRGZA1303,PNY XLR8 GeForce GTX 1660 SUPER 6GB GDDR6 PCI Express 3.0 x16 Video Card VCG16606SSFPPB-O,"PNY Technologies, Inc.",,,179.99,0,https://c1.neweggimages.com/ProductImageCompressAll300/V0M5D210128J6RNU.jpg,"[[' 1530 MHz', ' 7680 x 4320 @60Hz', ' 1 x DisplayPort 1.4', ' DVI-D', 'VCG16606SSFPPB-O']]"
9SIB1PGJS38418,"EVGA GeForce RTX 3080 Ti FTW3 ULTRA GAMING Video Card, 12G-P5-3967-KR, 12GB GDDR6X, iCX3 Technology, ARGB LED, Metal Backplate",EVGA,,,1150.0,0,https://c1.neweggimages.com/ProductImageCompressAll300/BF9VS2210290R9WFFBF.jpg,"[[' 3 x DisplayPort 1.4a\n', ' 1 x HDMI 2.1\n', ' 11.81"" x 5.38""', ' 2.75 Slots\n', '12G-P5-3967-KR']]"
9SIB11NJ706788,ASUS TUF Gaming GeForce GTX 1660 SUPER Overclocked 6GB Edition HDMI DP DVI Gaming Graphics Card (TUF-GTX1660S-O6G-GAMING),ASUS,,,159.99,$4.99 Shipping,https://c1.neweggimages.com/ProductImageCompressAll300/AGKCD2204110OT8GJ60.jpg,[['ZXHD-4SNRFB']]
9SIAG20JB04678,Dell NVIDIA Quadro K600 1GB GDDR3 128-Bit PCI-Express x16 Workstation Video Graphic Card V5WK5 0V5WK5,NVIDIA,5,1.0,32.8,0,https://c1.neweggimages.com/ProductImageCompressAll300/A9AX_131980547421539905jjfhWzcVCJ.jpg,[['V5WK5_1']]
9SIAPMXJKD6660,ASUS ROG-STRIX-RTX3050-O8G-GAMING ROG Strix GeForce RTX 3050 Video Card,ASUS,,,853.97,0,https://c1.neweggimages.com/ProductImageCompressAll300/AGKCD2204110NZ8O1EB.jpg,"[[' 7680 x 4320', ' 3 x DisplayPort 1.4a', ' 2 x HDMI 2.1', ' 11.81"" x 5.26""', 'STRIX-RTX3050-O8G-GAMINGSNRFB']]"
9SIB11NJ706778,ASUS DUAL-RTX2080-O8G Dual GeForce RTX 2080 Video Card,ASUS,,,396.79,$45.00 Shipping,https://c1.neweggimages.com/ProductImageCompressAll300/AGKCD2204110P571LAA.jpg,"[[' 1515 MHz', ' 7680 x 4320', ' 3 x DisplayPort 1.4', ' 1 x HDMI 2.0b', 'DUAL-RTX2080-O8GSNRFB']]"
9SIAGGGHT38736,"ASUS TUF Gaming NVIDIA GeForce RTX 3070 Ti OC Edition Graphics Card (PCIe 4.0, 8GB GDDR6X, HDMI 2.1, DisplayPort 1.4a, Dual Ball Fan Bearings, Military-Grade Certification, GPU Tweak II)",ASUS,,,684.59,$30.00 Shipping,https://c1.neweggimages.com/ProductImageCompressAll300/AGKCD2204110OGII4A2.jpg,"[[' NVIDIA GeForce RTX 30 Series', ' OC mode: 1815 MHz Gaming mode: 1785 MHz', ' 6144 Cores', 'RTX3070TIO8G-GAMINGSNRFB']]"
9SIACTNAWK4693,Nvidia Geforce G210 DDR3 512MB MXM A 3.0 Laptop Graphics Video Card 594505-001 Laptop Video Cards,NVIDIA,,,14.16,Special Shipping,https://c1.neweggimages.com/ProductImageCompressAll300/ACTN_1_20191227885175606.jpg,"[['594505-001', '9SIACTNAWK4693']]"
9SIAEENJEK9372,PNY Verto GeForce 210 1GB DDR2 PCI Express 2.0 x16 Low Profile Ready Video Card VCGG2101XPB,"PNY Technologies, Inc.",4.7,12.0,36.24,Special Shipping,https://c1.neweggimages.com/ProductImageCompressAll300/14-133-320-02.jpg,"[[' 475 MHz', ' 2560 x 1600', ' 1 x DVI', ' 1 x HDMI', 'VCGG2101XPB', '9SIAEENJEK9372']]"
9SIAEEN6B84544,ATI Radeon HD 3450 256MB DDR2 PCI Express x16 Desktop Video Card,,,,9.99,Special Shipping,https://c1.neweggimages.com/ProductImageCompressAll300/AEEN_1_20170829808840114.jpg,"[[' AMD', 'ATI-102-B62902(B)', '9SIAEEN6B84544']]"
9SIAEENA237417,Nvidia Quadro NVS 290 256MB GDDR2 SDRAM PCI -E x16 Low Profile Video Card,NVIDIA,,,12.49,Special Shipping,https://c1.neweggimages.com/ProductImageCompressAll300/AEEN_1_201708291321822045.jpg,"[[' NVIDIA', 'P536', '9SIAEENA237417']]"
9SIAEENDTC8475,Nvidia Quadro K4100M 4GB GDDR5 SDRAM MXM III B Laptop Video Card,NVIDIA,,,162.49,Special Shipping,https://c1.neweggimages.com/ProductImageCompressAll300/AEEN_1_20190820548073731.jpg,"[[' NVIDIA', 'N15E-Q3-A2', '9SIAEENDTC8475']]"
9SIAN7CJWJ8724,GIGABYTE GeForce GTX 1050 Ti 4GB GDDR5 PCI Express 3.0 x16 ATX Video Card GV-N105TWF2OC-4GD,GIGABYTE,3.7,53.0,119.97,0,https://c1.neweggimages.com/ProductImageCompressAll300/14-125-914-01.jpg,"[[' 1354 MHz in OC Mode\n1328 MHz in Gaming', ' HDMI-2.0b: 4096 x 2160 @ 60 Hz\nDisplay Port-1.4: 7680 x 4320 @ 60 Hz', ' 1 x DisplayPort 1.4', ' 1 x Dual-Link DVI-D', 'GV-N105TWF2OC-4GD', '9SIAN7CJWJ8724']]"
9SIA4REDUK2111,MSI GeForce GTX 1050 2GB GDDR5 PCI Express 3.0 x16 ATX Video Card GTX 1050 2G OC,MSI,4.3,28.0,219.99,0,https://c1.neweggimages.com/ProductImageCompressAll300/14-137-058-08.jpg,"[[' 1404 MHz', ' 1 x DisplayPort 1.4', ' 1 x DL-DVI-D', ' 1 x HDMI 2.0', 'GTX 1050 2G OC', '9SIA4REDUK2111']]"
9SIAUNCK0V9673,ASUS TUF-RTX3090-O24G-GAMING TUF Gaming GeForce RTX 3090 Video Card,ASUS,,,945.98,$49.99 Shipping,https://c1.neweggimages.com/ProductImageCompressAll300/AGKCD2204110OT2QW6C.jpg,"[[' 1770 MHz', ' 7680 x 4320', ' 3 x DisplayPort 1.4a', ' 2 x HDMI 2.1', 'TUF-RTX3090-O24G-GAMSNRFB']]"
9SIB11NJ707139,ASUS ROG STRIX GeForce RTX 3080 10GB GDDR6X PCI Express 4.0 x16 ATX Video Card ROG-STRIX-RTX3080-O10G-WHITE-V2,ASUS,,,1175.99,$75.00 Shipping,https://c1.neweggimages.com/ProductImageCompressAll300/AGKCD2204110OGOCR65.jpg,[['LHR-14SNRFB']]
9SIB11NJ707373,ASUS ROG-STRIX-LC-RTX3080TI-O12G-GAMING ROG STRIX GeForce RTX 3080 Ti Video Card,ASUS,,,1757.99,$165.00 Shipping,https://c1.neweggimages.com/ProductImageCompressAll300/AGKCD2204110NZ2ZA1B.jpg,"[[' 7680 x 4320', ' 3 x DisplayPort 1.4a', ' 2 x HDMI 2.1', ' Card: 11.54"" x 5.24"" /Radiator: 10.71"" x 4.76"" (including fan)', 'STX-LC-RTX3080TI-O12SNRFB']]"
9SIBF9VJ8H3097,ASUS ROG Strix Radeon RX 5700 XT 8GB GDDR6 PCI Express 4.0 CrossFireX Support Video Card ROG-STRIX-RX5700XT-O8G-GAMING,ASUS,,,150.0,$45.00 Shipping,https://c1.neweggimages.com/ProductImageCompressAll300/BF9VS2210080F7S0763.jpg,"[[' OC Mode: 1840 MHz\nGaming Mode: 1770 MHz', ' 7680 x 4320', ' 3 x DisplayPort 1.4', ' 1 x HDMI 2.0b', 'ROG-STRIX-RX5700XT-O8G-GAMING']]"
9SIAA4TJK31415,PNY nVidia RTX A2000 6GB GDDR6 ECC PCIe x16 4xminiDP VCNRTXA2000,"PNY Technologies, Inc.",,,439.0,$18.00 Shipping,https://c1.neweggimages.com/ProductImageCompressAll300/AA4TS22092915ZR8YD7.jpg,"[['VCNRTXA2000-ref', '9SIAA4TJK31415']]"
9SIACSJHV33382,EVGA GeForce GT 640 2GB DDR3 PCI Express 3.0 x16 Video Card 02G-P4-2645-KR,EVGA,4.3,36.0,29.99,0,https://c1.neweggimages.com/ProductImageCompressAll300/14-130-796-05.jpg,"[[' 901MHz', ' 2560 x 1600', ' 2 x DVI', ' 1 x mini HDMI', '02G-P4-2645-KR', '9SIACSJHV33382']]"
9SIAWFGJUG2932,XFX Radeon R9 390X 8GB GDDR5 PCI Express 3.0 CrossFireX Support Video Card R9-390X-8256,XFX,4.1,54.0,278.99,0,https://c1.neweggimages.com/ProductImageCompressAll300/14-150-727-11.jpg,"[[' 1060 MHz', ' ANALOG: 2048 x 1536\r\nDIGITAL: 2560 x 1600 (DVI); 4096 x 2160 (HDMI; DP)', ' 1 x DisplayPort 1.2', ' 2 x DL-DVI-D', 'R9-390X-8256']]"
14-932-553,GIGABYTE EAGLE OC GeForce RTX 3070 8GB GDDR6 PCI Express 4.0 x16 ATX Video Card GV-N3070EAGLE OC-8GD R2,GIGABYTE,,,349.99,0,https://c1.neweggimages.com/ProductImageCompressAll300/14-932-553-04.jpg,"[[' 1770 MHz', ' 7680 x 4320', ' 2 x DisplayPort 1.4a', ' 2 x HDMI 2.1', 'GV-N3070EAGLE OC-8GD R2', 'N82E16814932553']]"
9SIAWFGJRH7641,GIGABYTE GeForce GTX 1650 4GB GDDR5 PCI Express 3.0 x16 Low Profile Video Card GV-N1650OC-4GL,GIGABYTE,,,183.43,0,https://c1.neweggimages.com/ProductImageCompressAll300/14-932-388-V06.jpg,"[[' 1695 MHz', ' 7680 x 4320 @ 60 Hz', ' 1 x DisplayPort 1.4', ' 1 x Dual-link DVI-D', 'GV-N1650OC-4GL']]"
9SIAGGGHR59013,MSI GeForce GTX 1080 Ti FE DirectX 12 GTX 1080 Ti Founders Edition 11GB 352-Bit GDDR5X PCI Express 3.0 x16 HDCP Ready SLI Support Video Card,MSI,5,1.0,329.99,$20.00 Shipping,https://c1.neweggimages.com/ProductImageCompressAll300/AGKCD2204110PAV4FD7.jpg,"[[' 1480 MHz', ' 7680 x 4320', ' 3 x DisplayPort 1.4', ' 1 x HDMI 2.0', 'GTX1080TiFEEditionSNRFB']]"
9SIB1PGJT77942,"NVIDIA GeForce GTX 1080 Founders Edition, 8GB GDDR5X PCI Express 3.0 Graphics Card",NVIDIA,,,520.0,0,https://c1.neweggimages.com/ProductImageCompressAll300/AWFGD210824C7DUM.jpg,[['NVIDIA-26']]
9SIAWFGJT27372,MSI Radeon RX 480 4GB GDDR5 PCI Express 3.0 x16 CrossFireX Support ATX Video Card RX 480 GAMING X 4G,MSI,4.2,97.0,157.99,0,https://c1.neweggimages.com/ProductImageCompressAll300/14-137-032-S99.jpg,"[[' 2 x DisplayPort 1.4', ' 1 x DL-DVI-D', ' 2 x HDMI 2.0b', ' 10.87"" x 5.51""', 'RX 480 GAMING X 4G']]"
9SIARA8JB67841,MSI Radeon RX 570 DirectX 12 RX 570 ARMOR 8G OC 8GB 256-Bit GDDR5 PCI Express x16 HDCP Ready CrossFireX Support ATX Video Card,MSI,,,158.99,0,https://c1.neweggimages.com/ProductImageCompressAll300/A73M_131805248490227477VKSK4reyiv.jpg,"[[' 1268 MHz', ' 3 x DisplayPort', ' 1 x DL-DVI-D', ' 1 x HDMI', 'MSIARMOR 8G OC']]"
9SIAPMXJ949967,"GIGABYTE GeForce RTX 3080 GAMING OC 12G Graphics Card, 3 x WINDFORCE Fans, 12GB 384-bit GDDR6X, GV-N3080GAMING OC-12GD Video Card",GIGABYTE,5,1.0,799.99,0,https://c1.neweggimages.com/ProductImageCompressAll300/14-932-542-10.jpg,"[[' 1755 MHz', ' 7680 x 4320', ' 3 x DisplayPort 1.4a', ' 2 x HDMI 2.1', 'GV-N3080GAMING OC-12']]"
9SIAT8UJKM8463,GIGABYTE GeForce GTX 1660 SUPER 6GB GDDR6 PCI Express 3.0 x16 ATX Video Card GV-N166SGAMING-6GD,GIGABYTE,4.7,3.0,109.8,$49.99 Shipping,https://c1.neweggimages.com/ProductImageCompressAll300/14-932-362-V01.jpg,"[[' 1785 MHz', ' 7680 x 4320 @ 60 Hz', ' 3 x DisplayPort 1.4', ' 1 x HDMI 2.0b', 'GV-N166SGAMING-6GD']]"
9SIAPMXJMC0205,MSI GTX 1060 GAMING X 3G GeForce GTX 1060 Video Card,MSI,,,131.33,0,https://c1.neweggimages.com/ProductImageCompressAll300/AGKCD2204110OES6C0E.jpg,"[[' 1594 MHz (OC)/1569 MHz (Gaming)/1506 MHz (Silent)', ' 3 x DisplayPort', ' 1 x DL-DVI-D', ' 1 x HDMI', '-GTX1060GAMINGX3GSNRFB']]"
9SIARA8JJX2071,GIGABYTE GV-N1650GAMING OC-4GD GeForce GTX 1650 Video Card,GIGABYTE,,,189.99,0,https://c1.neweggimages.com/ProductImageCompressAll300/AGKCD2204110OVFTFE5.jpg,"[[' 1815 MHz', ' 7680 x 4320 @ 60 Hz', ' 1 x DisplayPort 1.4', ' 3 x HDMI 2.0b', 'GV-N1650GAMINGOC4GDSNRFB']]"
9SIBGFDJKZ4972,MSI Gaming GeForce RTX 3080 Ti 12GB GDDR6X PCI Express 4.0 x16 Video Card RTX 3080 Ti Gaming X Trio 12G,MSI,3,1.0,927.99,$53.00 Shipping,https://c1.neweggimages.com/ProductImageCompressAll300/AYTVD210628HC37N.jpg,[['RTX 3080 TI GAMING1']]
9SIBF9VJ7S0560,GIGABYTE Eagle Radeon RX 6600 8GB GDDR6 PCI Express 4.0 ATX Video Card GV-R66EAGLE-8GD,GIGABYTE,5,2.0,131.0,$45.00 Shipping,https://c1.neweggimages.com/ProductImageCompressAll300/14-932-535-V01.jpg,"[[' 7680 x 4320', ' 2 x DisplayPort 1.4a', ' 2 x HDMI 2.1', ' 11.10"" x 4.45""', 'GV-R66EAGLE-8GD']]"
9SIAPMXJ949777,"GIGABYTE EAGLE OC GeForce RTX 3060 12GB GDDR6 PCI Express 4.0 ATX Video Card, LHR GV-N3060EAGLE OC-12GD (rev. 2.0)",GIGABYTE,3,2.0,299.98,0,https://c1.neweggimages.com/ProductImageCompressAll300/14-932-531-V01.jpg,"[[' 7680 x 4320', ' 2 x DisplayPort 1.4a', ' 2 x HDMI 2.1', ' 9.53"" x 4.88""', 'GV-N3060EAGLE OC-12GD REV2.0']]"
9SIAPMXJ950203,MSI Gaming GeForce RTX 3060 12GB GDDR6 PCI Express 4.0 Video Card RTX 3060 Gaming X 12G LHR,MSI,,,344.98,0,https://c1.neweggimages.com/ProductImageCompressAll300/AGKCD2204110M54W977.jpg,"[[' 7680 x 4320', ' 3 x DisplayPort 1.4a', ' \t1 x HDMI 2.1', ' 10.87"" x 5.16""', '3060GamingX12GLHRSNRFB']]"
9SIBF9VJZT6871,GIGABYTE GeForce RTX 2070 8GB GDDR6 PCI Express 3.0 x16 ATX Video Card GV-N2070WF2-8GD,GIGABYTE,5,5.0,195.0,$45.00 Shipping,https://c1.neweggimages.com/ProductImageCompressAll300/14-932-321-V01.jpg,"[[' 1620 MHz', ' 7680 x 4320 @ 60 Hz', ' 3 x DisplayPort 1.4', ' 1 x HDMI 2.0b', 'GV-N2070WF2-8GD']]"
9SIAYTVJYB4666,MSI RTX 3060 Ti Gaming X 8G LHR Gaming GeForce RTX 3060 Ti Video Card,MSI,,,289.99,$49.99 Shipping,https://c1.neweggimages.com/ProductImageCompressAll300/AGKCD2204110NS1Q055.jpg,"[[' 7680 x 4320', ' 3 x DisplayPort 1.4a', ' 1 x HDMI 2.1', ' 10.94"" x 5.16""', 'RTX3060TGamingX8GLHRSNRFB']]"
9SIAPMXJYH9532,MSI Gaming GeForce RTX 3060 12GB GDDR6 PCI Express 4.0 Video Card RTX 3060 Gaming Z Trio 12G LHR,MSI,,,430.97,0,https://c1.neweggimages.com/ProductImageCompressAll300/AGKCD2204110LNJ8N6F.jpg,[['RTX3060GAMINGXSNRFB']]
9SIAPMXJKC9463,ASUS ROG GeForce GTX 1080 Ti DirectX 12 STRIX-GTX1080TI-11G-GAMING 11GB 352-Bit GDDR5X HDCP Ready SLI Support Video Card,ASUS,5,1.0,354.52,0,https://c1.neweggimages.com/ProductImageCompressAll300/A85V_1_201803021706626130.jpg,[['STRIX-GTX1080TI-11G-']]
9SIARA8JJJ6551,NVIDIA QUADRO RTX A2000 12GB 192-bit GDDR6 PCI Express 4.0 x16 Low Profile Workstation Video Card,"PNY Technologies, Inc.",,,1393.98,0,https://c1.neweggimages.com/ProductImageCompressAll300/AGKCD2204110OG48437.jpg,[['XRL-105SNRFB']]
9SIAPMXJJH8378,GIGABYTE GeForce GTX 1050 Ti 4GB GDDR5 PCI Express 3.0 x16 ATX Video Cards GV-N105TD5-4GD,GIGABYTE,4.7,14.0,101.39,0,https://c1.neweggimages.com/ProductImageCompressAll300/14-932-020-05.png,"[[' 1316 MHz in OC Mode\n1290 MHz in Gaming', ' 7680 x 4320', ' 1 x DisplayPort 1.4', ' 1 x Dual-Link DVI-D', 'GV-N105TD5-4GD']]"
9SIBF9VJZK2145,"EVGA GeForce RTX 3080 FTW3 ULTRA GAMING Video Card, 10G-P5-3897-KL, 10GB GDDR6X, iCX3 Technology, ARGB LED, Metal Backplate, LHR",EVGA,5,1.0,550.0,$45.00 Shipping,https://c1.neweggimages.com/ProductImageCompressAll300/BF9VS2306230ITYJ7B6.jpg,"[[' 7680 x 4320', ' 3 x DisplayPort 1.4a', ' 1 x HDMI 2.1', ' 11.81"" x 5.38""', '10G-P5-3897-KL']]"
9SIBJR8JU54381,GIGABYTE GeForce GTX 1660 SUPER 6GB GDDR6 PCI Express 3.0 x16 ATX Video Card GV-N166SOC-6GD,GIGABYTE,3.7,7.0,134.0,0,https://c1.neweggimages.com/ProductImageCompressAll300/14-932-302-S01.jpg,"[[' 1830 MHz', ' 7680 x 4320 @ 60 Hz', ' 3 x DisplayPort 1.4', ' 1 x HDMI 2.0b', 'GV-N166SOC-6GD']]"
9SIBF9VJ947826,"ASUS TUF Gaming GeForce RTX 3080 Ti OC Edition Graphics Card (PCIe 4.0, 12GB GDDR6X, HDMI 2.1, DisplayPort 1.4a, Dual Ball Fan Bearings, Military-grade Certification, GPU Tweak II), TUF-RTX3080TI-O12G",ASUS,,,635.0,$65.00 Shipping,https://c1.neweggimages.com/ProductImageCompressAll300/BF9VS2210130IFLNJA6.jpg,"[[' 7680 x 4320', ' 3 x DisplayPort 1.4a', ' 2 x HDMI 2.1', ' 11.81"" x 5.00""', 'TUF-RTX3080TI-O12G']]"
9SIBF9VJ8S1514,GIGABYTE Eagle OC GeForce RTX 3060 Ti 8GB GDDR6 PCI Express 4.0 ATX Video Card GV-N306TEAGLE OC-8GD (rev. 2.0) (LHR),GIGABYTE,,,290.0,$45.00 Shipping,https://c1.neweggimages.com/ProductImageCompressAll300/AYTVS2204130QPDHO20.jpg,"[[' 1695 MHz', ' 7680 x 4320', ' 2 x DisplayPort 1.4a', ' 2 x HDMI 2.1', 'TH-GIGABYTE GV-N306TEAGLE OC-8GD (rev. 2']]"
9SIAPMXJ949786,ASUS ROG-STRIX-RTX3090-O24G-GAMING ROG Strix GeForce RTX 3090 Video Card,ASUS,,,964.98,0,https://c1.neweggimages.com/ProductImageCompressAll300/AGKCD2204110OD2I73B.jpg,"[[' 1890 MHz', ' 7680 x 4320', ' 3 x DisplayPort 1.4a', ' 2 x HDMI 2.1', 'STRIX-RTX3090-O24G-GSNRFB']]"
9SIAPMXJ949993,MSI RTX 3080 VENTUS 3X 10G OC LHR Ventus GeForce RTX 3080 Video Card,MSI,4,3.0,549.98,0,https://c1.neweggimages.com/ProductImageCompressAll300/AGKCD2204110M6TGX27.jpg,"[[' 7680 x 4320', ' 3 x DisplayPort 1.4a', ' 1 x HDMI 2.1', ' 12.01"" x 4.72""', 'RTX308Ventus3X10GOCLSNRFB']]"
9SIBF9VJ8H3097,ASUS ROG Strix Radeon RX 5700 XT 8GB GDDR6 PCI Express 4.0 CrossFireX Support Video Card ROG-STRIX-RX5700XT-O8G-GAMING,ASUS,,,150.0,$45.00 Shipping,https://c1.neweggimages.com/ProductImageCompressAll300/BF9VS2210080F7S0763.jpg,"[[' OC Mode: 1840 MHz\nGaming Mode: 1770 MHz', ' 7680 x 4320', ' 3 x DisplayPort 1.4', ' 1 x HDMI 2.0b', 'ROG-STRIX-RX5700XT-O8G-GAMING']]"
9SIAGGGHR60370,GIGABYTE GeForce RTX 2070 SUPER 8GB GDDR6 PCI Express 3.0 x16 SLI Support ATX Video Card GV-N207SGAMINGOC WHITE-8GD,GIGABYTE,,,321.65,$30.00 Shipping,https://c1.neweggimages.com/ProductImageCompressAll300/14-932-310-01.jpg,"[[' 1815 MHz', ' 7680 x 4320 @ 60 Hz', ' 3 x DisplayPort 1.4', ' 1 x HDMI 2.0b', 'GVN207SGAMINGOCWHI']]"
9SIAGGGHSJ0729,Sapphire 11265-05-20G Radeon PULSE RX 580 8GB GDDR5 DUAL HDMI / DVI-D / DUAL DP OC Graphic Cards,Sapphire Tech,5,1.0,132.22,$10.00 Shipping,https://c1.neweggimages.com/ProductImageCompressAll300/ARA8S210423C9OhK.jpg,[['Sapphire RX 580']]
14-932-509,"GIGABYTE Gaming GeForce RTX 3060 12GB GDDR6 PCI Express 4.0 ATX Video Card, LHR GV-N3060GAMING OC-12GD (rev. 2.0)",GIGABYTE,4.7,7.0,269.99,0,https://c1.neweggimages.com/ProductImageCompressAll300/14-932-509-11.jpg,"[[' 7680 x 4320', ' 2 x DisplayPort 1.4a', ' 2 x HDMI 2.1', ' 11.10"" x 4.61""', 'GV-N3060GAMOC-12GDR2', 'N82E16814932509']]"
9SIAGGGHSJ0690,GIGABYTE GV-N65TOC-2GI GeForce GTX 650 Ti 2GB 128-Bit GDDR5 PCI Express 3.0 x16 HDCP Ready Video Card Manufactured Recertified,GIGABYTE,3.6,7.0,99.99,$6.99 Shipping,https://c1.neweggimages.com/ProductImageCompressAll300/14-125-602-06.jpg,"[[' 1032MHz', ' 2560 x 1600', ' 2 x DVI-I', ' 1 x HDMI', 'GV-N65TOC-2GI']]"
9SIAGGGHSH9979,"Sapphire Nitro+ AMD Radeon RX 6700 XT Gaming OC Video Card, 12GB GDDR6 HDMI / Triple DP (11306-01-20T) -OPENBOX",Sapphire Tech,,,360.11,$10.00 Shipping,https://c1.neweggimages.com/ProductImageCompressAll300/AYTVS220124gdKK4.jpg,[['THAMD-14']]
9SIARA8JVM9142,"EVGA GeForce GTX 980 04G-P4-2981-KR 4GB GAMING w/ACX 2.0, 26% Cooler and 36% Quieter Cooling For Gaming Graphics Card",EVGA,,,274.75,0,https://c1.neweggimages.com/ProductImageCompressAll300/ADRAS210809mJfU2.jpg,"[[' 1126 MHz', ' 4096 x 2160', ' 3 x DisplayPort', ' 1 x DVI', '04G-P4-2981-KR']]"
9SIB11NJ709895,ASUS Dual GeForce RTX 3060 Ti V2 MINI OC Edition 8GB GDDR6 PCI Express 4.0 Video Card DUAL-RTX3060TI-O8G-MINI-V2 (LHR -OPENBOX,ASUS,,,493.99,$10.00 Shipping,https://c1.neweggimages.com/ProductImageCompressAll300/AYTVD2201200GVQ7EAA.jpg,[['THUOT-19']]
9SIB11NJ707150,ASUS ROG Strix GeForce RTX 3070 8GB GDDR6 PCI Express 4.0 Video Card ROG-STRIX-RTX3070-O8G-V2-GAMING,ASUS,,,625.99,$10.00 Shipping,https://c1.neweggimages.com/ProductImageCompressAll300/AGKCD2204110ONGXL55.jpg,[['LHR-8SNRFB']]
9SIAPNMJ3R5962,"GIGABYTE GeForce GTX 1050 Ti OC Low Profile 4GB Video Card, GV-N105TOC-4GL",GIGABYTE,,,134.68,$49.99 Shipping,https://c1.neweggimages.com/ProductImageCompressAll300/ARA8S210327wqyKX.jpg,[['GIGABYTE GeForce GTX 1050 Ti']]
9SIAPMXJKC9383,ASUS ROG GeForce GTX 1080 Ti DirectX 12 ROG-STRIX-GTX1080TI-11G-GAMING 11GB 352-Bit GDDR5X HDCP Ready SLI Support Video Card,ASUS,5,1.0,354.5,0,https://c1.neweggimages.com/ProductImageCompressAll300/ADRA_132156492275885967kBEi3o3RFS.jpg,"[[' 1518 MHz', ' 7680 x 4320', ' 2 x DisplayPort 1.4', ' 1 x DVI', 'GTX1080TI-11G-GAMING']]"
9SIA88FJJM4989,Dell CDMJ9 AMD Radeon Pro WX2100 2GB GDDR5 PCIe 3.0 High Profile Bracket,DELL,5,1.0,47.7,0,https://c1.neweggimages.com/ProductImageCompressAll300/AKATS210129unjlA.jpg,"[[' 1 x Mini DisplayPort', ' AMD', ' Single Fan', 'CDMJ9']]"
9SIAGGGHSH8225,GIGABYTE GV-N108TAORUSX W-11GD AORUS GeForce GTX 1080 Ti Video Card,GIGABYTE,,,374.12,$31.00 Shipping,https://c1.neweggimages.com/ProductImageCompressAll300/AGKCD2204110MDV4J4C.jpg,"[[' 1632 MHz (OC Mode)/1607 MHz (Gaming Mode)', ' 3 x DisplayPort', ' 1 x Dual-Link DVI-D (Thin)', ' 3 x HDMI', 'GV-N108TAORUSXW-11GDSNRFB']]"
9SIADFRJCC6244,ASUS GeForce GTX 1660 Super 6GB Phoenix PH-GTX1660S-O6G Video Graphics Card GPU,ASUS,,,179.99,0,https://c1.neweggimages.com/ProductImageCompressAll300/ADFRS2211261FCT1R4E.jpg,"[[' Single Fan', 'PH-GTX1660S-O6G']]"
9SIAPMXJJH8385,GIGABYTE GeForce GTX 1050 Ti 4GB GDDR5 PCI Express 3.0 x16 ATX Video Card GV-N105TWF2OC-4GD,GIGABYTE,5,2.0,149.42,0,https://c1.neweggimages.com/ProductImageCompressAll300/14-932-015-Z01.jpg,"[[' 1354 MHz in OC Mode\n1328 MHz in Gaming', ' 7680 x 4320', ' 1 x DisplayPort 1.4', ' 1 x Dual-Link DVI-D', 'GV-N105TWF2OC-4GD']]"
9SIBF9VJ9Z9218,MSI Ventus GeForce RTX 3060 Ti 8GB GDDR6 PCI Express 4.0 Video Card RTX 3060 Ti VENTUS 3X 8G OC LHR,MSI,,,275.0,$45.00 Shipping,https://c1.neweggimages.com/ProductImageCompressAll300/BF9VS2210260VDFLG79.jpg,"[[' \t7680 x 4320', ' 3 x DisplayPort 1.4a', ' 1 x HDMI 2.1', ' 12.44"" x 4.72""', 'RTX 3060 Ti VENTUS 3X 8G OC LHR']]"
9SIAPNMJNS0056,MSI Gaming GeForce RTX 3060 Ti 8GB GDDR6 PCI Express 4.0 Video Card RTX 3060 Ti GAMING X TRIO LHR,MSI,,,350.7,$49.99 Shipping,https://c1.neweggimages.com/ProductImageCompressAll300/BF9VS2210030TNVV47C.jpg,"[[' 1830 MHz', ' 7680x4320', ' 3 x DisplayPort 1.4a', ' 1 x HDMI 2.1', 'MSI-RTX 3060 Ti GAMING X TRIO LHR']]"
9SIAGGGHSH7216,GIGABYTE GeForce GTX 1660 Ti DirectX 12 GV-N166TOC-6GD 6GB 192-Bit GDDR6 PCI Express 3.0 x16 ATX Video Card,GIGABYTE,,,159.68,$10.00 Shipping,https://c1.neweggimages.com/ProductImageCompressAll300/AGKCD2204110ORM5PAB.jpg,[['GV-N166TOC-SNRFB']]
9SIAPMXJ949759,"ASUS TUF Gaming NVIDIA GeForce RTX 3080 O10G V2 GAMING Edition Graphics Card (PCIe 4.0, 10GB GDDR6X, LHR, HDMI 2.1, DisplayPort 1.4a, Dual Ball Fan Bearings, Military-grade Certification)",ASUS,5,4.0,504.98,0,https://c1.neweggimages.com/ProductImageCompressAll300/AGKCD2204110OKUQX6C.jpg,"[[' 1440 MHz', ' 7680 x 4320', ' 3 x DisplayPort 1.4a', ' 2 x HDMI 2.1', 'TUF3080O10GV2GAMINGSNRFB']]"
9SIAPMXJ949781,ASUS ROG-STRIX-RTX3090-O24G-WHITE ROG Strix GeForce RTX 3090 Video Card,ASUS,,,1169.98,0,https://c1.neweggimages.com/ProductImageCompressAll300/AGKCD2204110OCHBJF4.jpg,"[[' 1890 MHz', ' 7680 x 4320', ' 3 x DisplayPort 1.4a', ' 2 x HDMI 2.1', 'STRIX3090-O24G-WHITESNRFB']]"
9SIBF9VJ6C6679,GIGABYTE GeForce RTX 2070 8GB GDDR6 PCI Express 3.0 x16 ATX Video Card GV-N2070WF2-8GD Rev 3.0,GIGABYTE,5,1.0,180.0,$45.00 Shipping,https://c1.neweggimages.com/ProductImageCompressAll300/14-932-304-S09.jpg,"[[' 1620 MHz', ' 7680 x 4320 @ 60 Hz', ' 3 x DisplayPort 1.4', ' 1 x HDMI 2.0b', 'GV-N2070WF2-8GD Rev3']]"
9SIBF9VJ7R9680,"ASUS ROG Strix NVIDIA GeForce RTX 3060 Ti V2 OC Edition Gaming Graphics Card (PCIe 4.0, 8GB GDDR6, LHR, HDMI 2.1, DisplayPort 1.4a, Axial-tech Fan Design, 2.9-slot, Super Alloy Power II, GPU Tweak II)",ASUS,,,370.0,$45.00 Shipping,https://c1.neweggimages.com/ProductImageCompressAll300/BF9VS22092715V1BB74.jpg,"[[' 7680 x 4320', ' 3 x DisplayPort 1.4a', ' 2 x HDMI 2.1', ' 12.53"" x 5.51""', 'STRIX-RTX3060TI-O8G-V2-GAMING']]"
9SIBF9VJ8X5948,MSI Mech Radeon RX 6600 8GB GDDR6 PCI Express 4.0 Video Card RX 6600 MECH 2X 8G,MSI,,,125.0,$45.00 Shipping,https://c1.neweggimages.com/ProductImageCompressAll300/BF9VS2210120X258P5D.jpg,"[[' \t7680 x 4320', ' \t3 x DisplayPort 1.4', ' 1 x HDMI 2.1', ' DirectX 12 Ultimate', 'RX 6600 MECH 2X 8G']]"
9SIAPMXJ950018,ASUS TUF Gaming GeForce RTX 3060 Ti 8GB GDDR6 PCI Express 4.0 x16 Video Card TUF-RTX3060TI-O8G-V2-GAMING,ASUS,,,384.98,0,https://c1.neweggimages.com/ProductImageCompressAll300/AGKCD2204110OK5VB11.jpg,"[[' \t7680 x 4320', ' 3 x DisplayPort 1.4a', ' 2 x HDMI 2.1', ' 11.85"" x 5.63""', 'TUF-RTX3060TI-O8G-V2-GAMINGSNRFB']]"
9SIBF9VJ899503,MSI Gaming GeForce RTX 3090 24GB GDDR6X PCI Express 4.0 SLI Support Video Card RTX 3090 GAMING X TRIO 24G,MSI,,,905.0,$65.00 Shipping,https://c1.neweggimages.com/ProductImageCompressAll300/BF9VS22100315H0VD46.jpg,"[[' 1785 MHz', ' \t7680 x 4320', ' \t3 x DisplayPort 1.4a', ' 1 x HDMI 2.1', 'MSI-RTX 3090 GAMING X TRIO 24G']]"
9SIAGGGHT37826,ASUS ROG-STRIX-RTX2080TI-A11G-GAMING ROG Strix GeForce RTX 2080 Ti Video Card,ASUS,,,572.18,$31.00 Shipping,https://c1.neweggimages.com/ProductImageCompressAll300/AGKCD2204110PIHV73F.jpg,"[[' 1350 MHz', ' 7680 x 4320', ' 2 x DisplayPort 1.4', ' 2 x HDMI 2.0b', 'RTX2080TI-A11G-GAMINSNRFB']]"
9SIAGGGHSH7756,GIGABYTE GV-N1070AORUS-8GD R2 AORUS GeForce GTX 1070 Video Card,GIGABYTE,2,1.0,299.95,$30.00 Shipping,https://c1.neweggimages.com/ProductImageCompressAll300/AGKCD2204110O0MXB68.jpg,"[[' 1632 MHz (OC Mode)/1607 MHz (Gaming Mode)', ' 7680 x 4320', ' 3 x DisplayPort', ' 1 x Dual-Link DVI-D', 'GV-N1070AORUS-8GDR2SNRFB']]"
9SIA639JYK2892,MSI GeForce GTX 1060 6GB GDDR5 PCI Express 3.0 x16 Video Card MSI-GeForceGTX10606GTOC-RFB,MSI,5,1.0,149.24,0,https://c1.neweggimages.com/ProductImageCompressAll300/14-137-230-V01.jpg,"[[' 1544 MHz', ' 1 x DisplayPort 1.4', ' DL-DVI-D', ' 1 x HDMI 2.0', 'GTX 1060 6GT OC']]"
9SIB0TFJNN0836,ASUS GeForce GTX 970 4GB GDDR5 PCI Express 3.0 SLI Support Plug-in Card Video Card TURBO-GTX970-OC-4GD5,ASUS,,,126.23,0,https://c1.neweggimages.com/ProductImageCompressAll300/14-126-138-Z01.jpg,"[[' 1088 MHz', ' 4096 x 2160', ' 1 x DisplayPort', ' 1 x DVI-I\n1 x DVI-D', 'TURBO-GTX970-OC-4GD5']]"
9SIAT8UJMS0819,GIGABYTE GeForce GTX 1660 Ti 6GB GDDR6 PCI Express 3.0 x16 ATX Video Card GV-N166TOC-6GD,GIGABYTE,2.8,4.0,107.0,$49.99 Shipping,https://c1.neweggimages.com/ProductImageCompressAll300/14-932-216-Z01.jpg,"[[' 1800 MHz', ' 7680 x 4320 @ 60 Hz', ' 3 x DisplayPort 1.4', ' 1 x HDMI 2.0b', 'GV-N166TOC-6GD']]"
9SIAPMXJJH8525,"GIGABYTE GeForce GTX 970 4GB WINDFORCE 3X OC EDITION, GV-N970WF3OC-4GD Three fan",GIGABYTE,5,1.0,154.47,0,https://c1.neweggimages.com/ProductImageCompressAll300/APHAS210411EW39c.jpg,"[[' 1149 MHz in OC Mode 1114 MHz in Gaming Mode', ' Digital: 4096 x 2160 Analog: 2048 x 1536', ' 3 x DisplayPort', ' 1 x Dual-link DVI-I 1 x Dual-link DVI-D', 'x970']]"
9SIAGGGHSH7752,GIGABYTE GV-N165SWF2OC-4GD GeForce GTX 1650 SUPER Video Card,GIGABYTE,,,207.09,$20.00 Shipping,https://c1.neweggimages.com/ProductImageCompressAll300/AGKCD2204110O0X4HC4.jpg,"[[' 1755 MHz', ' 7680 x 4320 @ 60 Hz', ' 1 x DisplayPort 1.4', ' 1 x DVI-D', 'GV-N165SWF2OC-4GDSNRFB']]"
9SIAGGGHT39280,ASUS TURBO-RTX2060S-8G-EVO Turbo GeForce RTX 2060 SUPER Video Card,ASUS,,,239.21,$30.00 Shipping,https://c1.neweggimages.com/ProductImageCompressAll300/AGKCD2204110PMC2M95.jpg,"[[' OC Mode: 1500 MHz/Gaming Mode (Default): 1470 MHz', ' 7680 x 4320', ' 2 x DisplayPort 1.4', ' 2 x HDMI 2.0b', 'TURBO-RTX2060S-8GEVOSNRFB']]"
9SIAYTVFY05411,MSI GeForce GT 730 2GB DDR3 PCI Express 2.0 ATX Video Card N730-2GD3V3,MSI,3.8,12.0,74.99,0,https://c1.neweggimages.com/ProductImageCompressAll300/14-137-212-Z01.jpg,"[[' 700 MHz', ' DVI: Max Resolution: 2560 x 1600 @ 60 Hz \nHDMI: Max Resolution: 4096 x 2160 @ 24 Hz', ' 1 x DL-DVI-I', ' 1 x HDMI 1.4a', 'N730-2GD3V3']]"
9SIAYTVJ0X3587,"ASUS TUF Gaming GeForce RTX 3090 24GB Gaming Graphics Cards, 384-Bit GDDR6X PCI Express 4.0 SLI Support Video Card TUF-RTX3090-O24G-GAMING",ASUS,,,1112.61,$49.99 Shipping,https://c1.neweggimages.com/ProductImageCompressAll300/AYTVS2207050GVEAHD9.jpg,"[[' 1770 MHz', ' 7680 x 4320', ' 3 x DisplayPort 1.4a', ' 2 x HDMI 2.1', 'B-ASUS TUF-RTX3090-O24G-GAMING FANXIN']]"
14-932-604,GIGABYTE Gaming GeForce RTX 4090 24GB GDDR6X PCI Express 4.0 x16 ATX Video Card GV-N4090GAMING OC-24GD G10-R,GIGABYTE,5,1.0,1499.99,0,https://c1.neweggimages.com/ProductImageCompressAll300/14-932-550-23.jpg,"[[' 7680 x 4320', ' 3 x DisplayPort 1.4', ' 1 x HDMI 2.1', ' L=340 mm, W=150.2 mm, H=75.2 mm', 'GV-N4090GAMING OC-24GD G10-R', 'N82E16814932604']]"
9SIAPMXJ949784,ASUS ROG STRIX GeForce RTX 3080 10GB GDDR6X PCI Express 4.0 x16 ATX Video Card ROG-STRIX-RTX3080-O10G-WHITE-V2 (LHR),ASUS,2,1.0,704.98,0,https://c1.neweggimages.com/ProductImageCompressAll300/AGKCD2204110OGZRQ9B.jpg,"[[' 7680 x 4320', ' 3 x DisplayPort 1.4a', ' 2 x HDMI 2.1', ' 12.53"" x 5.51""', 'RTX3080-O10G-WHT-V2SNRFB']]"
9SIAPMXJ950436,ASUS Dual GeForce RTX 3060 Ti V2 OC Edition 8GB GDDR6 PCI Express 4.0 Video Card DUAL-RTX3060TI-O8G-V2 (LHR),ASUS,,,354.98,0,https://c1.neweggimages.com/ProductImageCompressAll300/AGKCD2204110O2S0PA3.jpg,"[[' 7680 x 4320', ' 3 x DisplayPort 1.4a', ' 2 x HDMI 2.1', ' 10.56"" x 5.35""', 'DUAL-RTX3060Ti-O8G-V2SNRFB']]"
9SIBF9VJ7A7656,"GIGABYTE VISION OC GeForce RTX 3060 12GB GDDR6 PCI Express 4.0 ATX Video Card, LHR GV-N3060VISION OC-12GD (rev. 2.0)",GIGABYTE,5,1.0,265.0,$45.00 Shipping,https://c1.neweggimages.com/ProductImageCompressAll300/14-932-532-V02.jpg,"[[' 7680 x 4320', ' 2 x DisplayPort 1.4a', ' 2 x HDMI 2.1', ' 11.02"" x 4.57""', 'GV-N3060VISION OC-12GD REV2.0']]"
9SIAPMXJ950125,GIGABYTE AORUS GeForce RTX 3080 MASTER 10GB GDDR6X PCI Express 4.0 ATX Video Card GV-N3080AORUS M-10GD   (R. 3.0) LHR,GIGABYTE,1.5,2.0,659.98,0,https://c1.neweggimages.com/ProductImageCompressAll300/BF9VS2210100IRL7FB0.jpg,"[[' 1845 MHz', ' 7680 x 4320', ' 3 x DisplayPort 1.4a', ' 2 x HDMI 2.1, 1 x HDMI 2.0 (The middle HDMI output supports up to HDMI 2.0)', 'N3080AORUS M-10GD (rev. 3.0) (LHR)-']]"
9SIAG20JU32221,Dell AMD Radeon R7 250 2GB DDR3 PCI-E x16 DVI-DP 9C8C0 FDT1K,DELL,,,40.5,0,https://c1.neweggimages.com/ProductImageCompressAll300/AA4TS200826wzc6Q.jpg,[['9C8C0_Dell']]
9SIAG20JB04678,Dell NVIDIA Quadro K600 1GB GDDR3 128-Bit PCI-Express x16 Workstation Video Graphic Card V5WK5 0V5WK5,NVIDIA,5,1.0,32.8,0,https://c1.neweggimages.com/ProductImageCompressAll300/A9AX_131980547421539905jjfhWzcVCJ.jpg,[['V5WK5_1']]
9SIARA8J9Z6403,ASUS Dual GeForce RTX 2080 SUPER 8GB GDDR6 PCI Express 3.0 SLI Support Video Card DUAL-RTX2080S-O8G-EVO-V2,ASUS,,,422.64,0,https://c1.neweggimages.com/ProductImageCompressAll300/AYTVS2204110XP66R72.jpg,[['EB-ASUS DUAL-RTX2080S-O8G-EVO-V2']]
9SIAPMXJJK5714,GIGABYTE GeForce GTX 1060 Windforce OC GV-N1060WF2OC-6GD Video Card,GIGABYTE,5,1.0,139.99,0,https://c1.neweggimages.com/ProductImageCompressAll300/14-125-944-Z01.jpg,"[[' OC Mode: 1582 MHz\nGaming Mode: 1556 MHz', ' HDMI-2.0b: 4096 x 2160 @60 Hz\nDisplay Port-1.4: 7680 x 4320 @60 Hz', ' 1 x DisplayPort 1.4', ' 2 x Dual-link DVI-D', 'GV-N1060WF2OC-6GD']]"
9SIAPMXJ950162,"ASUS ROG Strix NVIDIA GeForce RTX 3070 V2 White OC Edition Gaming Graphics Card (PCIe 4.0, 8GB GDDR6, LHR, HDMI 2.1, DisplayPort 1.4a, White Color Scheme,) ROG-STRIX-RTX3070-O8G-WHITE-V2",ASUS,,,615.97,0,https://c1.neweggimages.com/ProductImageCompressAll300/BF9VS2210100R2R8H38.jpg,"[[' 7680 x 4320', ' 3 x DisplayPort 1.4a', ' 2 x HDMI 2.1', ' 12.53"" x 5.51""', 'ASUS ROG Strix NVIDIA GeForce RTX 3070 V']]"
9SIAWFGJ9J2950,MSI N750TI TF 2GD5/OC Computer Corp. NVIDIA GeForce GTX 750 Ti Gaming OC 2GB GDDR5 VGA/DVI/HDMI PCI-Express Video Card,MSI,3.7,7.0,81.87,0,https://c1.neweggimages.com/ProductImageCompressAll300/V0M5_1_20170901480065685.jpg,"[[' 1085 MHz (OC mode)1059 MHz (Gaming mode)1020 MHz (Silent mode)', ' 4096 x 2160', ' 1 x Dual-link DVI-D', ' 1 x HDMI', 'N750TI TF 2GD5/OC']]"
9SIAG20JGU1989,Dell ATI AMD FirePro V4900 1GB Video Card C8MR2 102C3380301 000001,DELL,5,1.0,55.4,0,https://c1.neweggimages.com/ProductImageCompressAll300/AA4TS200220rvrTN.jpg,"[[' 800 MHz', ' 4096 x 2160 (DisplayPort)', ' 2 x DisplayPort', ' 1 x DVI', 'C8MR2']]"
9SIAG20JH98985,HP Nvidia Quadro M2000 4GB GDDR5 844223-001 846379-001 T7T60AT T7T60AA,HP,,,119.1,0,https://c1.neweggimages.com/ProductImageCompressAll300/AA4TS210811yBwrC.jpg,[['844223-001']]
9SIARA8J9Z3024,MSI GeForce GTX 1080 Ti FE DirectX 12 GTX 1080 Ti Founders Edition 11GB 352-Bit GDDR5X PCI Express 3.0 x16 HDCP Ready SLI Support Video Card,MSI,5,1.0,349.98,0,https://c1.neweggimages.com/ProductImageCompressAll300/AGKCD2204110PAV4FD7.jpg,"[[' 1480 MHz', ' 7680 x 4320', ' 3 x DisplayPort 1.4', ' 1 x HDMI 2.0', 'GTX1080TiFEEditionSNRFB']]"
9SIAGKCJEZ5309,ASUS Gaming GeForce GTX 1660 SUPER Overclocked 6GB Dual-fan Edition HDMI DP DVI Gaming Graphics Card (GTX1660S-O6G-GAMING),ASUS,,,124.99,$10.00 Shipping,https://c1.neweggimages.com/ProductImageCompressAll300/AGKCD2204110PFZTIDE.jpg,[['xianka-24SNRFB']]
9SIBF9VJZR9615,MSI RTX 2080 Ti VENTUS GP OC GeForce RTX 2080 Ti Video Card,MSI,,,390.0,$45.00 Shipping,https://c1.neweggimages.com/ProductImageCompressAll300/AGKCD2204110PR0YW4A.jpg,"[[' 7680 x 4320', ' 3 x DisplayPort 1.4', ' 1 x HDMI 2.0b', ' 10.55"" x 4.41""', 'RTX2080TiVENTUSGPOCSNRFB']]"
9SIAWFGJW99748,Asus Radeon RX 460 2GB Dual Video Graphics Card DUAL-RX460-O2G,ASUS,,,108.99,0,https://c1.neweggimages.com/ProductImageCompressAll300/ADFR_1_20170922958462066.jpg,[['DUAL-RX460-O2G']]
9SIADFRGPN7134,Gigabyte GeForce RTX 2080 SUPER 8GB GAMING OC GDDR6 Video Graphics Card GPU,GIGABYTE,4.5,2.0,499.99,0,https://c1.neweggimages.com/ProductImageCompressAll300/ADFRS211206ViJqC.jpg,"[[' NVIDIA', ' AMD Radeon HD 6000 Series', ' Triple Fans', 'Gigabyte GV-N208SGAMING OC-8GC SR']]"
9SIB1PGFBZ7260,HP 519295-001 Quadro FX 580 512MB 128-bit GDDR3 PCI Express 2.0 x16 Workstation Video Card,HP,,,114.0,0,https://c1.neweggimages.com/ProductImageCompressAll300/ADRA_131427052074254415hghnU9QEtL.jpg,"[[' 2560 x 1600', ' 2 x DisplayPort', ' 1 x DVI', ' Single Slot', '519295-001', '9SIB1PGFBZ7260']]"
9SIAPMXJ950387,ASUS TUF Gaming GeForce RTX 3070 V2 OC Edition 8GB GDDR6 PCI Express 4.0 Video Card TUF-RTX3070-O8G-V2-GAMING (LHR),ASUS,,,430.97,0,https://c1.neweggimages.com/ProductImageCompressAll300/BF9VS2210120H23J961.jpg,"[[' 7680 x 4320', ' 3 x DisplayPort 1.4a', ' \t2 x HDMI 2.1', ' \tDirectX 12 Ultimate', 'RTX3070-O8G-V2-GAMING (LHR)']]"
9SIAWFGJGT3881,GIGABYTE Gaming Radeon RX 580 8GB GDDR5 PCI Express 3.0 ATX Video Card GV-RX580GAMING-8GD REV2.0,GIGABYTE,3.7,6.0,87.07,0,https://c1.neweggimages.com/ProductImageCompressAll300/14-932-313-11.jpg,"[[' OC mode: up to 1355 MHz\nGaming mode: up to 1340 MHz', ' 7680 x 4320', ' 3 x DisplayPort 1.4', ' 1 x HDMI 2.0b', 'GV-RX580GAMING-8GDV2']]"
9SIAPMXJMG1206,MSI GeForce RTX 2080 8GB GDDR6 PCI Express 3.0 x16 SLI Support Video Card RTX 2080 VENTUS 8G OC,MSI,5,1.0,379.99,0,https://c1.neweggimages.com/ProductImageCompressAll300/14-137-525-V01.jpg,"[[' 7680 x 4320', ' 3 x DisplayPort 1.4', ' 1 x HDMI 2.0b', ' 10.55"" x 4.49""', 'RTX2080 VENTUS 8GOC']]"
9SIB1PGFBX0435,Nvidia Geforce GTX 1080 Ti Founders Edition (GTX1080TI-FE),NVIDIA,,,710.0,0,https://c1.neweggimages.com/ProductImageCompressAll300/ADFR_131810934148622040Dz7ESfBfIN.jpg,[['GTX1080TI-FE R']]
9SIAG20JGU1808,AMD Radeon HD6450 HD 6450 PCIe x16 1GB GDDR3 Video Graphics Card Dell 0WH7F,DELL,5,3.0,41.6,0,https://c1.neweggimages.com/ProductImageCompressAll300/A6TP_1_20151009542977082.jpg,[['109463']]
9SIAG20JGD8493,Dell AMD Radeon R5 240 1GB DDR3 DVI/ D-Port Video Card F9P1R 0F9P1R,DELL,,,22.4,0,https://c1.neweggimages.com/ProductImageCompressAll300/AK42_1_20190731776892343.jpg,[['F9P1R']]
9SIAPMXJJK8210,GIGABYTE GeForce GTX 1080 Ti 11GB Video Card GV-N108TGAMINGOC11GD,GIGABYTE,5,2.0,287.67,0,https://c1.neweggimages.com/ProductImageCompressAll300/14-932-041-Z01.jpg,"[[' 1544 MHz in OC Mode \n1518 MHz in Gaming Mode', ' 2 Slots', ' NVIDIA', ' NVIDIA GeForce GTX 10 Series', 'GV-N108TGAMINGOC11GD']]"
14-932-045,GIGABYTE GeForce GT 1030 2GB GDDR5 Low Profile Video Card GV-N1030D5-2GL,GIGABYTE,4,11.0,67.99,0,https://c1.neweggimages.com/ProductImageCompressAll300/14-932-045-Z02.jpg,"[[' 1252 MHz in OC Mode\n1227 MHz in Gaming Mode', ' 4096 x 2160', ' 1 x DVI-D', ' 1 x HDMI 2.0b', 'GV-N1030D5-2GL', 'N82E16814932045']]"
9SIBF9VK0A4374,GIGABYTE GeForce RTX 2080 Ti 11GB GDDR6 PCI Express 3.0 x16 SLI Support ATX Video Cards GV-N208TWF3OC-11GC,GIGABYTE,,,430.0,$45.00 Shipping,https://c1.neweggimages.com/ProductImageCompressAll300/A4K0_1_201906271417952961.jpg,"[[' 1635 MHz in OC mode\n1620 MHz in Gaming mode', ' 7680 x 4320 @ 60 Hz', ' 3 x DisplayPort 1.4', ' 1 x HDMI 2.0b', 'GV-N208TWF3OC-11GC']]"
9SIAPMXJMC1916,MSI GeForce GTX 1070 DirectX 12 GTX 1070 GAMING X 8G 8GB 256-Bit GDDR5 PCI Express 3.0 x16 HDCP Ready SLI Support ATX Video Card,MSI,4.4,5.0,158.1,0,https://c1.neweggimages.com/ProductImageCompressAll300/ACZ1_131855595363659742Dvwcg2UQAi.jpg,"[[' 1607 MHz (OC Mode) 1582 MHz (Gaming Mode) 1506 MHz (Silent Mode)', ' 7680 x 4320', ' 3 x DisplayPort 1.4', ' 1 x DL-DVI-D', 'GTX1070']]"
9SIARA8JA32326,MSI GeForce GTX 1080 8GB GDDR5X PCI Express 3.0 x16 SLI Support Video Card MSI-GEFORCEGTX1080DUKE8GOC-RFB,MSI,,,198.52,0,https://c1.neweggimages.com/ProductImageCompressAll300/AE8D_131966692307025594Eqr3Pa8gkD.jpg,"[[' 1708 MHz', ' 7680 x 4320', ' 3 x DisplayPort 1.4', ' DL-DVI-D', 'GTX 1080 DUKE 8G OC']]"
9SIAGGGHSH9775,MSI GeForce GT 730 4GB DDR3 PCI Express 2.0 x16 ATX Video Card N730-4GD3V2,MSI,,,79.99,$20.00 Shipping,https://c1.neweggimages.com/ProductImageCompressAll300/14-137-109-Z01.jpg,"[[' 700 MHz', ' 2560 x 1600', ' 1 x DL-DVI-I', ' 1 x HDMI', 'VDN730-4GD3V2']]"
9SIAGKCJEZ5686,GIGABYTE GeForce RTX 2060 SUPER 8GB GDDR6 PCI Express 3.0 x16 ATX Video Card GV-N206SGAMINGOC WHITE-8GD,GIGABYTE,,,289.99,$30.00 Shipping,https://c1.neweggimages.com/ProductImageCompressAll300/14-932-289-V08.jpg,"[[' 1815 MHz', ' 7680 x 4320 @ 60 Hz', ' 3 x DisplayPort 1.4', ' 1 x HDMI 2.0b', 'GV-N206SGAMINGOCWH8G']]"
9SIAPMXJKW4596,MSI GeForce GTX 960 DirectX 12 GTX 960 2GD5T OC 2GB 128-Bit GDDR5 PCI Express 3.0 x16 HDCP Ready SLI Support ATX Video Card,MSI,3.5,2.0,100.42,0,https://c1.neweggimages.com/ProductImageCompressAll300/14-127-973-01.jpg,"[[' 1178 MHz', ' 4096 x 2160', ' 3 x DisplayPort 1.2', ' 1 x Dual-link DVI-I', 'VDGTX9602GD5TOC']]"
9SIAPMXJKC8824,ASUS GeForce GTX 1060 DUAL-GTX1060-O3G 3GB 192-Bit GDDR5 PCI Express 3.0 HDCP Ready Video Card,ASUS,5,2.0,128.94,0,https://c1.neweggimages.com/ProductImageCompressAll300/ADFR_1_20170922731564114.jpg,"[[' OC mode: 1594 MHz\nGaming mode: 1569 MHz', ' 7680 x 4320', ' 2 x Native DisplayPort 1.4', ' 1 x Native-link DVI-D', 'DUAL-GTX1060-O3G']]"
9SIAPMXJ949946,MSI RTX 3070 Ventus 2X 8G OC LHR Ventus GeForce RTX 3070 Video Card,MSI,4.2,5.0,364.98,0,https://c1.neweggimages.com/ProductImageCompressAll300/AGKCD2204110LOACJ31.jpg,"[[' 7680 x 4320', ' 3 x DisplayPort 1.4a', ' 1 x HDMI 2.1', ' 9.13"" x 4.88""', 'RTX307Ventus2X8OCLHRSNRFB']]"
9SIAPMXJ950504,ASUS TUF Gaming GeForce GTX 1660 SUPER Overclocked 6GB Edition HDMI DP DVI Gaming Graphics Card (TUF-GTX1660S-O6G-GAMING),ASUS,,,134.98,0,https://c1.neweggimages.com/ProductImageCompressAll300/AGKCD2204110O2YWFBD.jpg,"[[' 1530 MHz', ' 1 x DisplayPort 1.4', ' 1 x DVI-D', ' 1 x HDMI 2.0b', 'TUF-GTX1660S-O6G-GAMINGSNRFB']]"
9SIB1PGJEY8968,NVIDIA TESLA M40 24GB GDDR5 PCI-E 3.0X16 GPU CARD CUDA PG600,NVIDIA,,,495.0,0,https://c1.neweggimages.com/ProductImageCompressAll300/AS68S210803kXMfY.jpg,[['900-2g600-0310-030']]
9SIAG20JGD8496,Dell Radeon R5 240 Single Fan 1GB GDDR3 F9P1R Video Graphic Card GPU,DELL,3.8,5.0,24.0,0,https://c1.neweggimages.com/ProductImageCompressAll300/ADFRD201229GDEN4.jpg,"[[' AMD', ' Single Fan', 'F9P1R-R']]"
9SIAGGGHSH7662,GIGABYTE GV-N1080IX-8GD GeForce GTX 1080 Video Card,GIGABYTE,,,183.95,$20.00 Shipping,https://c1.neweggimages.com/ProductImageCompressAll300/AGKCD2204110O1GYN29.jpg,"[[' 1632 MHz in OC Mode/1607 MHz in Gaming Mode', ' 7680 x 4320', ' 3 x DisplayPort', ' 1 x Dual-link DVI-D', 'GV-N1080IX-8GDSNRFB']]"
9SIAGGGHR60103,MSI RTX 3070 Ti SUPRIM X 8G Suprim GeForce RTX 3070 Ti Video Card,MSI,,,499.99,$33.00 Shipping,https://c1.neweggimages.com/ProductImageCompressAll300/AGKCD2204110NTX8E5F.jpg,"[[' 7680 x 4320', ' 3 x DisplayPort 1.4a', ' 1 x HDMI 2.1', ' 13.19"" x 5.51""', 'RTX3070TiSUPRIMX8GSNRFB']]"
9SIAG20JZ60448,Radeon HD 7570 1GB GDDR5 DVI Display Video Card KFWWP NJ0D3 9M4KG 4C5DK,,,,35.9,0,https://c1.neweggimages.com/ProductImageCompressAll300/B7VES2203230FQAHQA4.jpg,[['BA0498VVA7D']]
9SIAGGGHSH7654,"GIGABYTE AORUS RTX 3090 GAMING BOX eGPU, WATERFORCE All-in-One Cooling System, Thunderbolt 3, GV-N3090IXEB-24GD External Graphics Card",GIGABYTE,,,1671.99,$10.00 Shipping,https://c1.neweggimages.com/ProductImageCompressAll300/AGKCD2204110O9JFP65.jpg,"[['B-GV-N3090IXEB-24GDSNRFB', '9SIAGGGHSH7654']]"
9SIAPMXJJV4202,GIGABYTE GeForce RTX 2070 SUPER 8GB GDDR6 PCI Express 3.0 x16 SLI Support ATX Video Card GV-N207SWF3OC-8GD,GIGABYTE,3.6,7.0,309.97,0,https://c1.neweggimages.com/ProductImageCompressAll300/14-932-260-Z01.jpg,"[[' 1785 MHz', ' 7680 x 4320 @ 60 Hz', ' 3 x DisplayPort 1.4', ' 1 x HDMI 2.0b', 'GV-N207SWF3OC-8GD']]"
9SIAGGGHSH8705,GIGABYTE Vision OC GeForce RTX 3070 8GB GDDR6 PCI Express 4.0 ATX Video Card GV-N3070VISION OC-8GD (rev. 2.0) (LHR) -OPENBOX,GIGABYTE,,,479.11,$10.00 Shipping,https://c1.neweggimages.com/ProductImageCompressAll300/AYTVD210902J99MW.jpg,[['THUOT-35']]
9SIAGGGHSH7855,MSI GTX 1080 Ti SEA HAWK X GeForce GTX 1080 Ti Graphic Card - 1.57 GHz Core - 1.68 GHz Boost Clock - 11 GB GDDR5X,MSI,,,417.99,$10.00 Shipping,https://c1.neweggimages.com/ProductImageCompressAll300/AGKCD2204110NYR2G38.jpg,"[[' 1.57 GHz', ' Yes', ' Yes', ' Yes', 'G1080TSHXSNRFB']]"
9SIAGGGHSH8945,GIGABYTE AORUS GeForce RTX 3090 24GB GDDR6X PCI Express 4.0 SLI Support ATX Video Card GV-N3090AORUSX WB-24GD,GIGABYTE,,,1267.99,$31.00 Shipping,https://c1.neweggimages.com/ProductImageCompressAll300/14-932-502-S10.jpg,"[[' 1785 MHz', ' 3 x DisplayPort 1.4a', ' 2 x HDMI 2.1, 1 x HDMI 2.0 (The middle HDMI output supports up to HDMI 2.0)', ' 9.92"" x 6.42""', 'GV-N3090AORUSX WB-24GD', '9SIAGGGHSH8945']]"
9SIAGGGHSJ0681,MSI GeForce GTX 960 DirectX 12 GTX 960 4GD5T OC 4GB 128-Bit GDDR5 PCI Express 3.0 HDCP Ready SLI Support ATX Video Card,MSI,3.3,9.0,79.99,$20.00 Shipping,https://c1.neweggimages.com/ProductImageCompressAll300/14-127-979-01.jpg,"[[' 1178 MHz', ' 3 x DisplayPort', ' 1 x DL-DVI-I', ' 1 x HDMI', 'VDGTX9604GD5TOC']]"
9SIAPMXJJV5806,GIGABYTE GV-N208TAORUS-11GC AORUS GeForce RTX 2080 Ti Video Card,GIGABYTE,,,602.71,0,https://c1.neweggimages.com/ProductImageCompressAll300/AGKCD2204110PKT5XEC.jpg,"[[' 1695 MHz', ' 7680 x 4320', ' 3 x DisplayPort 1.4', ' 3 x HDMI 2.0b', 'GV-N208TAORUS-11GCSNRFB']]"
9SIAPMXJMT7403,XFX Radeon RX 590 Fatboy OC+ 8GB GDDR5 RX-590P8D Video Graphic Card GPU,XFX,5,1.0,196.88,0,https://c1.neweggimages.com/ProductImageCompressAll300/ADFRD2110061OL7K.jpg,"[[' AMD', 'XFX RX-590P8D SR']]"
9SIAPMXJJH8321,GIGABYTE Radeon RX 580 8GB GDDR5 PCI Express 3.0 x16 CrossFireX Support ATX Video Cards GV-RX580GAMING-8GD,GIGABYTE,4.3,3.0,89.96,0,https://c1.neweggimages.com/ProductImageCompressAll300/ABVR_131765113151380951dMgjSjEySN.jpg,"[[' OC mode: 1355 MHz\nGaming mode: 1340 MHz', ' 7680 x 4320', ' 3 x DisplayPort 1.4', ' 1 x Dual-link DVI-D', 'GV-RX580GAMING-8GD']]"
9SIARA8JJX3248,GIGABYTE Radeon RX 5700 XT 8GB GDDR6 PCI Express 4.0 x16 ATX Video Card GV-R57XTGAMING-8GD rev. 2.0,GIGABYTE,,,222.31,0,https://c1.neweggimages.com/ProductImageCompressAll300/14-932-429-04.jpg,"[[' 1605 MHz', ' 7680 x 4320 @ 60 Hz', ' 3 x DisplayPort 1.4', ' 1 x HDMI 2.0b', 'GV-R57XTGAMING-8GDV2']]"
9SIAPMXJJH6277,GIGABYTE Radeon RX 5600 XT 6GB GDDR6 PCI Express 4.0 x16 ATX Video Card GV-R56XTGAMING OC-6GD,GIGABYTE,4.7,3.0,169.93,0,https://c1.neweggimages.com/ProductImageCompressAll300/14-932-305-S01.jpg,"[[' 7680 x 4320 @ 60 Hz', ' 3 x DisplayPort 1.4', ' 1 x HDMI 2.0b', ' 11.02"" x 4.50""', 'GV-R56XTGAMING OC-6G']]"
9SIAPMXJNM3447,SAPPHIRE Radeon RX 550 2GB GDDR5 Video Card 11268-03CPO,Sapphire Tech,,,143.64,0,https://c1.neweggimages.com/ProductImageCompressAll300/14-202-328-Z01.jpg,"[[' 5120 x 2880', ' 1 x DisplayPort 1.4', ' 1 x DVI-D', ' 1 x HDMI', '11268-03CPO']]"
9SIAPMXJJH8385,GIGABYTE GeForce GTX 1050 Ti 4GB GDDR5 PCI Express 3.0 x16 ATX Video Card GV-N105TWF2OC-4GD,GIGABYTE,5,2.0,149.42,0,https://c1.neweggimages.com/ProductImageCompressAll300/14-932-015-Z01.jpg,"[[' 1354 MHz in OC Mode\n1328 MHz in Gaming', ' 7680 x 4320', ' 1 x DisplayPort 1.4', ' 1 x Dual-Link DVI-D', 'GV-N105TWF2OC-4GD']]"
9SIADFRH1Y0788,ASUS GeForce RTX 2080 TURBO 8GB GDDR6 TURBO-RTX2080-8G-EVO Video Graphic Card GPU,ASUS,,,379.99,0,https://c1.neweggimages.com/ProductImageCompressAll300/ADFR_1_20200323728926637.jpg,"[[' 260W', 'TRB-RTX2080-8G-EVO-R']]"
9SIAT8UJ6A3320,GIGABYTE GeForce GTX 1050 Ti 4GB GDDR5 PCI Express 3.0 x16 ATX Video Cards GV-N105TOC-4GD,GIGABYTE,,,144.9,0,https://c1.neweggimages.com/ProductImageCompressAll300/1FT-000A-00018-02.jpg,"[[' 1341 MHz in OC Mode \n1316 MHz in Gaming', ' 7680 x 4320', ' 1 x DisplayPort 1.4', ' 1 x Dual-Link DVI-D', 'GV-N105TOC-4GD']]"
9SIAJR2JPY9933,GIGABYTE GeForce GTX 750 Ti DirectX 12 GV-N75TD5-2GI 2GB 128-Bit GDDR5 PCI Express 3.0 x16 ATX Video Card,GIGABYTE,,,59.51,0,https://c1.neweggimages.com/ProductImageCompressAll300/ABVR_131765995955843457BP5CT2myIw.jpg,"[[' 1020 MHz', ' 4096 x 2160', ' 1 x Dual-link DVI-I\n1 x DVI-D', ' 2 x HDMI', 'GV-N75TD5-2GI']]"
14-932-095,GIGABYTE GeForce GT 1030 2GB DDR4 Low Profile Video Card GV-N1030D4-2GL,GIGABYTE,3.8,5.0,79.99,0,https://c1.neweggimages.com/ProductImageCompressAll300/14-932-095-01.jpg,"[[' OC mode: 1177 MHz\nGaming mode: 1151 MHz', ' 4096 x 2160', ' 1 x DVI-D', ' 1 x HDMI 2.0b', 'GV-N1030D4-2GL', 'N82E16814932095']]"
9SIARA8JAZ3635,Gigabyte GeForce GTX 1660 Super 6GB OC Windforce GDDR6 Video Graphics Card GPU,GIGABYTE,,,179.84,0,https://c1.neweggimages.com/ProductImageCompressAll300/ADFRS211207FdEuS.jpg,"[[' NVIDIA', ' NVIDIA GeForce GTX 16 Series', ' Double Fans', 'Gigabyte GV-N166SOC-6GD SR']]"
9SIAPMXJKW5248,MSI GeForce GTX 970 4GB GDDR5 PCI Express 3.0 x16 SLI Support Video Card VDGTX970GM4G,MSI,1,1.0,123.54,0,https://c1.neweggimages.com/ProductImageCompressAll300/14-137-044-08.jpg,"[[' 1140 MHz (OC Mode)\n1114 MHz (Gaming Mode)\n1051 MHz (Silent Mode)', ' 4096 x 2160', ' 1 x DisplayPort 1.2', ' 1 x Dual-link DVI-I\n1 x Dual-link DVI-D', 'VDGTX970GM4G']]"
9SIAGKCJEZ5704,MSI Gaming GeForce GTX 1070 Ti 256-Bit 8GB GDDR5 VR Ready DirectX12 SLI Support Graphics Card (GTX 1070 TI DUKE 8G),MSI,,,159.99,$32.00 Shipping,https://c1.neweggimages.com/ProductImageCompressAll300/V0M5_1_201801291906059079.jpg,"[[' Triple Fans', 'GTX 1070 TI DUKE 8G']]"
9SIB0TFJMS7025,ASUS GTX 1070 8GB Dual OC Video Card DUAL-GTX1070-O8G Nvidia GPU Graphics Card,ASUS,3,2.0,190.9,0,https://c1.neweggimages.com/ProductImageCompressAll300/ADFR_131715780841300883aYhjlPFSnm.jpg,"[[' 150W', 'DUAL-GTX1070-O8G']]"
9SIAPMXJMN6991,"EVGA GeForce GTX 1080 SC GAMING, 08G-P4-6183-KR, 8GB GDDR5X, ACX 3.0 & LED DX12 Graphics Card",EVGA,,,245.43,0,https://c1.neweggimages.com/ProductImageCompressAll300/ADRA_132157335805376251PE1GWDxizj.jpg,"[[' 1708 MHz', ' 7680 x 4320', ' 3 x DisplayPort 1.4', ' 1 x DVI', '08G-P4-6183-KR']]"
9SIAWFGJGF3084,ASUS GeForce GTX 750 Ti 2GB GDDR5 PCI Express 3.0 Plug-in Card Video Card STRIX-GTX750TI-OC-2GD5,ASUS,5,1.0,105.36,0,https://c1.neweggimages.com/ProductImageCompressAll300/14-126-143-01.jpg,"[[' 1124 MHz', ' 1 x DisplayPort', ' 1 x DVI', ' 1 x HDMI', 'STRIX-GTX750TI-OC-2G']]"
9SIAPMXJ949990,GIGABYTE GV-N3070VISION OC-8GD (rev. 2.0) Vision GeForce RTX 3070 Video Card,GIGABYTE,,,519.97,0,https://c1.neweggimages.com/ProductImageCompressAll300/AGKCD2204110OCYFQ3F.jpg,"[[' 1815 MHz', ' 7680 x 4320', ' 2 x DisplayPort 1.4a', ' 2 x HDMI 2.1', 'GV-N3070VISIONOC-8GSNRFB']]"
9SIB1PGFBX2082,HP Quadro NVS 290 256MB 64-bit DDR2 PCI Express x16 Plug-in card Workstation Video Card,HP,,,58.0,0,https://c1.neweggimages.com/ProductImageCompressAll300/ADRA_131426193980998291o0tiNW6AD5.jpg,"[[' Single Slot', ' DirectX 10', ' NVIDIA', ' 64-Bit', '454319-001', '9SIB1PGFBX2082']]"
9SIAG20JYS8335,HP Quadro K6000 Single Fan 12GB GDDR5 713207-002 Video Graphic Card GPU,HP,,,398.0,0,https://c1.neweggimages.com/ProductImageCompressAll300/ADFRD210625BGRIM.jpg,"[[' 1 x DisplayPort', ' 1 x DVI', ' NVIDIA', '713207-002-R']]"
9SIAPMXJMG1085,MSI GeForce RTX 2080 SUPER 8GB GDDR6 PCI Express 3.0 x16 SLI Support Video Card RTX 2080 Super Gaming X TRIO,MSI,4.7,6.0,423.06,0,https://c1.neweggimages.com/ProductImageCompressAll300/14-137-627-V01.jpg,"[[' 7680 x 4320', ' 3 x DisplayPort 1.4a', ' 1 x HDMI 2.0b', ' 12.91"" x 5.51""', '2080SuperGamingXTrio']]"
9SIAGGGHR60371,MSI GeForce GTX 1080 Ti FE DirectX 12 GTX 1080 Ti Founders Edition 11GB 352-Bit GDDR5X PCI Express 3.0 x16 HDCP Ready SLI Support Video Card,MSI,,,329.99,$20.00 Shipping,https://c1.neweggimages.com/ProductImageCompressAll300/ABRD_131602827433294302Kddo3Hpckr.jpg,"[[' 1480 MHz', ' 7680 x 4320', ' 3 x DisplayPort 1.4', ' 1 x HDMI 2.0', 'GTX1080Ti FE Edition']]"
9SIARA8JHC5277,ASUS GeForce GTX 1070 8GB Dual-fan Gaming Graphics Card (DUAL-GTX1070-8G) GPU,ASUS,4,1.0,192.82,0,https://c1.neweggimages.com/ProductImageCompressAll300/ADFR_131837577563447901nCEAYERTyK.jpg,"[[' NVIDIA', ' NVIDIA GeForce GTX 10 Series', ' Double Fans', ' 150W', 'DUAL-GTX1070-8G R']]"
9SIAWFGJHE5994,"EVGA GeForce GTX 1070, 8GB GDDR5, DX12 OSD Support (PXOC) Graphics Card",EVGA,,,390.79,0,https://c1.neweggimages.com/ProductImageCompressAll300/A85V_1_201802081837166980.jpg,[['08G-P4-5170-KR']]
9SIAPMXJMG1033,MSI GeForce RTX 2080 TI GAMING X TRIO Video Card,MSI,5,2.0,519.84,0,https://c1.neweggimages.com/ProductImageCompressAll300/ADDZS210408LpihB.jpg,"[[' 1350 MHz', ' 7680 x 4320', ' 3 x DisplayPort 1.4', ' 1 x HDMI 2.0b', 'RTX2080TI GAM X TRIO']]"
9SIAWFGJEM2058,"ZOTAC GeForce GTX 1060 Mini, ZT-P10610A-10L, 3GB GDDR5 Super Compact",NVIDIA,,,248.99,0,https://c1.neweggimages.com/ProductImageCompressAll300/AWFGD2206090A1BLK5E.jpg,"[['NVIDIA-33', '9SIAWFGJEM2058']]"
9SIAG20JUR8547,"HP NVIDIA Quadro K2200 4GB GDDR5 PCI Express 2.0 x16 Video Card, 765148-001",NVIDIA,,,179.12,0,https://c1.neweggimages.com/ProductImageCompressAll300/A4GH_131218177757383845GEA9ek9Q02.jpg,"[[' DirectX 11', ' NVIDIA', ' Quadro K2200', ' 640 Cores', '765148-001']]"
9SIAGGGHSH7838,MSI GeForce RTX 2070 SUPER DirectX 12 RTX 2070 SUPER VENTUS GP OC 8GB 256-Bit GDDR6 PCI Express 3.0 x16 HDCP Ready SLI Support Video Card,MSI,,,322.25,$30.00 Shipping,https://c1.neweggimages.com/ProductImageCompressAll300/AGKCD2204110NY91R4E.jpg,"[[' 1605 MHz', ' 7680 x 4320', ' 3 x DisplayPort 1.4', ' 1 x HDMI 2.0b', 'GeForceRTX2070SSNRFB']]"
9SIAGGGHSH7216,GIGABYTE GeForce GTX 1660 Ti DirectX 12 GV-N166TOC-6GD 6GB 192-Bit GDDR6 PCI Express 3.0 x16 ATX Video Card,GIGABYTE,,,159.68,$10.00 Shipping,https://c1.neweggimages.com/ProductImageCompressAll300/AGKCD2204110ORM5PAB.jpg,[['GV-N166TOC-SNRFB']]
9SIAGGGHSH7777,MSI GTX 1650 Super Ventus XS OC GeForce GTX 1650 SUPER Video Card,MSI,,,198.89,$20.00 Shipping,https://c1.neweggimages.com/ProductImageCompressAll300/AGKCD2204110O0SPKDD.jpg,"[[' 7680 x 4320', ' 1 x DisplayPort 1.4', ' 1 x DL-DVI-D', ' 1 x HDMI 2.0b', '1650SuperVentusXSOCSNRFB']]"
9SIAPMXJKC8326,"ASUS Cerberus GeForce GTX 1050 Ti 4GB GDDR5 Gaming Graphics Card, CERBERUS-GTX1050TI-A4G",ASUS,4,2.0,133.42,0,https://c1.neweggimages.com/ProductImageCompressAll300/APBUD2104116BAG4.jpg,[['XK-18']]
9SIAG20JYU6361,Nvidia Geforce GTX 690 4GB GDDR5 Dual Height 2x DVI PCI Express 3.0 x16 Video Graphic Card VCGGTX6904XPB-CG,NVIDIA,,,273.99,0,https://c1.neweggimages.com/ProductImageCompressAll300/A9AXS210401u6NS6.jpg,"[[' 1 x DisplayPort', ' 1x DVI-D,2x DVI-i', ' Nvidia', 'VCGGTX6904XPB-CG_9']]"
9SIAWFGJEM2042,EVGA NVIDIA GeForce GTX 950 Superclocked 2GB GDDR5 DVI/HDMI/3DisplayPort,NVIDIA,,,159.99,0,https://c1.neweggimages.com/ProductImageCompressAll300/AWFGD210824BKC8H.jpg,"[['NVIDIA-41', '9SIAWFGJEM2042']]"
9SIARA8J8B7557,PNY GeForce GTX 1070 DirectX 12 VCGGTX10708PB 8GB 256-Bit GDDR5 PCI Express 3.0 x16 SLI Support Video Card,"PNY Technologies, Inc.",5,1.0,198.99,0,https://c1.neweggimages.com/ProductImageCompressAll300/ADRA_132173666060606484pGSXTfqipg.jpg,"[[' 1506 MHz', ' 7680 x 4320', ' 3 x DisplayPort 1.4', ' 1 x DVI', 'RVCGGTX10708PB']]"
9SIARA8J239151,EVGA Nvidia Geforce GTX 1080Ti 11GB Founders Edition Gaming GDDR5X GPU,EVGA,,,242.02,0,https://c1.neweggimages.com/ProductImageCompressAll300/ADFR_131947394257358002CeHsHfR043.jpg,[['11G-P4-6390-KR MR']]
9SIAPMXJJH8377,GIGABYTE GeForce GTX 1050 Ti 4GB GDDR5 PCI Express 3.0 x16 ATX Video Card GV-N105TG1 GAMING-4GD,GIGABYTE,5,1.0,111.93,0,https://c1.neweggimages.com/ProductImageCompressAll300/14-932-044-Z01.jpg,"[[' 1392 MHz in OC Mode\n1366 MHz in Gaming', ' 7680 x 4320', ' 1 x DisplayPort 1.4', ' 1 x Dual-link DVI-D', 'GV-N105TG1GAMING-4GD']]"
9SIAG20JGD8593,Dell Optiplex SFF 360 380 755 760 780 Graphic Video Card PCI-e SFF Y103D 0Y103D CN-0Y103D,DELL,,,59.5,0,https://c1.neweggimages.com/ProductImageCompressAll300/A9AXS210813F851D.jpg,[['Y103D-9']]
9SIAPMXJJK5110,GIGABYTE GeForce GTX 1060 DirectX 12 GV-N1060G1 GAMING-6GD REV 2.0 6GB 192-Bit GDDR5 PCI Express 3.0 x16 ATX Video Card,GIGABYTE,5,1.0,139.87,0,https://c1.neweggimages.com/ProductImageCompressAll300/ARA8S210406dkvwJ.jpg,[['GIGABYTE GeForce GTX 1060']]
9SIAGGGHSJ0750,GIGABYTE GeForce RTX 2060 SUPER 8GB GDDR6 PCI Express 3.0 x16 ATX Video Card GV-N206SGAMING OC-8GD,GIGABYTE,5,1.0,279.99,$30.00 Shipping,https://c1.neweggimages.com/ProductImageCompressAll300/14-932-303-S01.jpg,"[[' 1710 MHz', ' 7680 x 4320 @ 60 Hz', ' 3 x DisplayPort 1.4', ' 1 x HDMI 2.0b', 'GVN206SGAMINGOC8GD']]"
9SIAG20JSS5023,Dell ATI Radeon HD X2400 XT 256MB PCI-E DMS-59 Port DDR2 Graphics Card HW916,DELL,,,24.98,0,https://c1.neweggimages.com/ProductImageCompressAll300/AP9PS201211qMR7l.jpg,[['0HW916*']]
9SIAGGGHSH7228,MSI RTX 2060 GAMING 6G GeForce RTX 2060 Video Card,MSI,,,242.56,$30.00 Shipping,https://c1.neweggimages.com/ProductImageCompressAll300/AGKCD2204110OORNX80.jpg,"[[' 7680 x 4320', ' 3 x DisplayPort 1.4', ' 1 x HDMI 2.0b', ' 9.72"" x 5.08""', 'RTX2060GAMING6GSNRFB']]"
9SIAGGGHSH9226,MSI GeForce GT 710 2GB DDR3 PCI Express 2.0 Low Profile Video Card GT 710 2GD3H LP,MSI,4.2,12.0,178.99,$10.00 Shipping,https://c1.neweggimages.com/ProductImageCompressAll300/14-137-247-Z01.jpg,"[[' 954 MHz', ' 4096 x 2160', ' 1 x Dual-link DVI-D', ' 1 x HDMI', 'MSI-GT7102GD3HLP', '9SIAGGGHSH9226']]"
9SIAGGGHSH7400,"MSI Gaming GeForce RTX 3060 Ti 8GB GDDR6 PCI Express 4.0 Video Card RTX 3060 Ti GAMING Z TRIO LHR,Graphics card bracket included",MSI,,,429.99,$10.00 Shipping,https://c1.neweggimages.com/ProductImageCompressAll300/AGKCD2204110OHTJX39.jpg,[['zxsj-23SNRFB']]
9SIAPMXJMS0993,MSI Radeon R9 380 DirectX 12 R9 380 4GD5T OC 4GB 256-Bit GDDR5 HDCP Ready CrossFireX Support ATX Video Card,MSI,5,1.0,343.86,0,https://c1.neweggimages.com/ProductImageCompressAll300/ABRD_131285638883963393f04yj6XU6M.jpg,"[[' 90 days', ' 90 days', '912-V314-024']]"
9SIAG20JYS7715,Dell ATI Radeon X600 SE 128MB PCI Express DMS-59 Video Graphics Card F9595,DELL,,,48.0,0,https://c1.neweggimages.com/ProductImageCompressAll300/A9AX_130893904183686445Lgxh5Xyy0Q.jpg,[['F9595']]
9SIAG20JYS7718,Genuine ATI Radeon X1300 102A6290300 256MB PCI-e Video Card DMS59 F9595 0F9595 CN-0F9595,,,,37.6,0,https://c1.neweggimages.com/ProductImageCompressAll300/A9AXS201027XARV2.jpg,"[[' AMD', 'F9595-5']]"
9SIAG20JGU1808,AMD Radeon HD6450 HD 6450 PCIe x16 1GB GDDR3 Video Graphics Card Dell 0WH7F,DELL,5,3.0,41.6,0,https://c1.neweggimages.com/ProductImageCompressAll300/A6TP_1_20151009542977082.jpg,[['109463']]
9SIADFRJRW3204,ASUS GeForce RTX 3070 DUAL 8GB GDDR6 DUAL-RTX3070-8G Video Graphic Card GPU,ASUS,,,369.99,0,https://c1.neweggimages.com/ProductImageCompressAll300/ADFRD2205091DRGZR99.jpg,"[[' 1 x DisplayPort', ' 1 x HDMI', ' NVIDIA', ' NVIDIA GeForce GTX 30 Series', 'DUAL-3070-8G-R', '9SIADFRJRW3204']]"
9SIAGGGHSH8208,GIGABYTE GV-N165SOC-4GD GeForce GTX 1650 SUPER Video Card,GIGABYTE,,,171.13,$20.00 Shipping,https://c1.neweggimages.com/ProductImageCompressAll300/AGKCD2204110MFRHPF9.jpg,"[[' 1740 MHz', ' 7680 x 4320 @ 60 Hz', ' 1 x DisplayPort 1.4', ' 1 x DVI-D', 'GV-N165SOC-4GDSNRFB']]"
9SIAGGGHSH7214,GIGABYTE GV-N1050OC-2GD GeForce GTX 1050 Video Card,GIGABYTE,,,142.77,$6.99 Shipping,https://c1.neweggimages.com/ProductImageCompressAll300/AGKCD2204110ORX3R8D.jpg,"[[' 1404 MHz in OC Mode/1379 MHz in Gaming', ' 7680 x 4320', ' 1 x DisplayPort 1.4', ' 1 x Dual-Link DVI-D', 'GV-N1050OC-2GDSNRFB']]"
9SIAGGGHSH7321,"GIGABYTE GeForce RTX 3060 VISION OC 12G (LHR) Video Card,12GB 192-bit GDDR6 PCI Express 4.0 x16,1837MHz Core Frequency,2×HDMI 2.1 interface, 2×DisplayPort 1.4 interface",GIGABYTE,,,399.99,$31.00 Shipping,https://c1.neweggimages.com/ProductImageCompressAll300/AGKCD2204110ONBSD78.jpg,"[[' 1837 MHz', ' 7680 x 4320', ' 2 x DisplayPort 1.4a', ' 2 x HDMI 2.1', '3060VISIONOC12GLHRSNRFB', '9SIAGGGHSH7321']]"
9SIAG20JU30898,NVIDIA Quadro 6000 VCQ6000-PB 6GB 384-bit GDDR5 PCI Express 2.0 x16 Workstation Video Card,NVIDIA,5,1.0,319.82,0,https://c1.neweggimages.com/ProductImageCompressAll300/A60G_131067636777758790VoxqkHvU4A.jpg,"[[' 2 x DisplayPort', ' 1 x DVI', ' NVIDIA', 'X256P']]"
9SIAG20JU31056,"HP NVIDIA Quadro NVS 450 512MB GDDR3 PCI Express x16 Video Card, 492187-001",NVIDIA,,,89.16,0,https://c1.neweggimages.com/ProductImageCompressAll300/A4GH_131227632199829414T1xFoub5zv.jpg,"[[' 4 x DisplayPort', ' DirectX 10', ' NVIDIA', ' 16 Cores', '492187-001']]"
9SIAG20JYS7737,Dell Radeon RX 560 Single Fan 2GB GDDR5 JR3PR Video Graphic Card GPU,DELL,,,108.6,0,https://c1.neweggimages.com/ProductImageCompressAll300/ADFRD2109211WM2T.jpg,"[[' AMD', 'Dell JR3PR SR']]"
9SIAG20JGD8496,Dell Radeon R5 240 Single Fan 1GB GDDR3 F9P1R Video Graphic Card GPU,DELL,3.8,5.0,24.0,0,https://c1.neweggimages.com/ProductImageCompressAll300/ADFRD201229GDEN4.jpg,"[[' AMD', ' Single Fan', 'F9P1R-R']]"
9SIAGSCJR28695,NVIDIA QUADRO 4000 2GB GDDR5 X1 VIDEO CARD V2 DELL 731Y3,NVIDIA,,,112.93,0,https://c1.neweggimages.com/ProductImageCompressAll300/AA4T_131715650054387646r8xuH6XCrj.jpg,[['731Y3']]
9SIAZRPH7U5816,MSI GeForce GTX 960 4GB GDDR5 PCI Express 3.0 x16 SLI Support ATX Video Card GTX 960 GAMING 4G,MSI,4,1.0,102.26,0,https://c1.neweggimages.com/ProductImageCompressAll300/14-137-175-Z01.jpg,"[[' 1241 MHz (OC Mode)\n1216 MHz (Gaming Mode)\n1127 MHz (Silent Mode)', ' 4096 x 2160', ' 3 x DisplayPort 1.2', ' 1 x Dual-link DVI-I', 'MSI-GTX960GAMING4G-R']]"
9SIADFRJRW3189,ASUS GeForce RTX 3060 DUAL 12GB GDDR6 DUAL-RTX3060-12G Video Graphic Card GPU,ASUS,,,349.99,0,https://c1.neweggimages.com/ProductImageCompressAll300/ADFRD23041117DFBI3E.jpg,"[[' 1 x DisplayPort', ' 1 x HDMI', ' NVIDIA', ' NVIDIA GeForce GTX 30 Series', 'DUAL-3060-12G-R', '9SIADFRJRW3189']]"
9SIBF9VK028905,ASUS GeForce RTX 3070 TUF GAMING 8GB GDDR6 TUF-RTX3070-8G-V2-GAMING Video Graphic Card GPU,ASUS,,,390.0,$45.00 Shipping,https://c1.neweggimages.com/ProductImageCompressAll300/ADFRD23041117F5XYB9.jpg,"[[' 1 x DisplayPort', ' 1 x HDMI', ' NVIDIA', ' NVIDIA GeForce GTX 30 Series', 'TUF-3070-8G-V2-GAM-R']]"
9SIADFRJRW3210,ASUS GeForce RTX 3070 V2 LHR 8GB GDDR6 DUAL-RTX3070-8G-V2 Video Graphic Card GPU,ASUS,,,369.99,0,https://c1.neweggimages.com/ProductImageCompressAll300/APBUD210706EQ374.jpg,"[[' 1 x DisplayPort', ' 1 x HDMI', ' NVIDIA', ' NVIDIA GeForce GTX 30 Series', 'DUAL-3070-8G-V2-R', '9SIADFRJRW3210']]"
9SIAG20JZ60157,For Lenovo Nvidia Geforce 310 SFF 512MB DDR3 DP VGA Video Graphics Card,,,,38.5,0,https://c1.neweggimages.com/ProductImageCompressAll300/B7VES2202210I9L63B7.jpg,[['908804']]
9SIACSJHST3530,Dell OEM ATI FireMV 2260 256MB GDDR2 Desktop Video Card 7CJHP,DELL,,,19.99,0,https://c1.neweggimages.com/ProductImageCompressAll300/V1FG_1_20180521949858892.jpg,"[['7CJHP', '9SIACSJHST3530']]"
9SIAA4TCBU0069,PNY nVIDIA Quadro P400 VCQP400v2 2GB PCI-E x16 3x Mini DP 900-5G178-2500-000,"PNY Technologies, Inc.",,,139.99,$11.00 Shipping,https://c1.neweggimages.com/ProductImageCompressAll300/AA4TS201029PfS3B.jpg,"[['900-5G178-2500-000', '9SIAA4TCBU0069']]"
9SIB0UGGPP1381,MSI Radeon R9 270 Twin Frozr 2GB GDDR5 R9 270 GAMING 2G Video Graphic Card GPU,MSI,,,79.97,0,https://c1.neweggimages.com/ProductImageCompressAll300/ADFRD2109211ZA54.jpg,"[[' AMD', 'MSI R9 270 GAMING 2G SR']]"
9SIAG20JZY9493,Dell NVIDIA Quadro NVS 315 PCI-E 1GB DDR3 PCI-E x16 Video Graphics Card MP08K CN-0MP08K,DELL,,,26.2,0,https://c1.neweggimages.com/ProductImageCompressAll300/A9AX_131741493405925805v4O4JkY3NY.jpg,"[[' DDR3', 'MP08K']]"
9SIAG20JGU1674,NVIDIA Quadro NVS 310 2560x1600 512 MB DDR3 SDRAM PCI Express 2.0 x16 Video Graphic Card 678929-002 707252-001 QUADRONVS310,NVIDIA,,,23.8,0,https://c1.neweggimages.com/ProductImageCompressAll300/A9AX_131812375363044829tOCcLmIYYk.jpg,[['QUADRONVS310']]
9SIA4MRJU80505,HP 637995-001 ATI Radeon HD 6350 512MB PCIE x16 Video Card with VGA Y cord Full,HP,5,1.0,39.0,$10.00 Shipping,https://c1.neweggimages.com/ProductImageCompressAll300/A6TP_1_20151009542977074.jpg,[['109452']]
9SIB7VEJ0R5146,For Dell AMD-Radeon HD 8490 1GB DDR3 PCIe x16 DVI Graphics Video Card,,,,52.99,0,https://c1.neweggimages.com/ProductImageCompressAll300/B7VES22070211OZYD2B.jpg,[['BEH0A974ZC']]
9SIAT8UJ9Y1797,ASUS GeForce RTX 2080 DUAL 8GB GDDR6 DUAL-RTX2080-8G-EVO Video Graphic Card GPU,ASUS,5,2.0,376.25,0,https://c1.neweggimages.com/ProductImageCompressAll300/ADFR_1_202003231210767275.jpg,"[[' 260W', 'DUAL-RTX20808G-EVO-R']]"
9SIAG20JZW9123,Genuine ATI Radeon HD 3450 256MB 64-bit DD2R SDRAM PCI-E x16 S-video DMS-59 Video Graphics Card Y104D CN-0Y104D,,,,58.0,0,https://c1.neweggimages.com/ProductImageCompressAll300/A9AX_131813284086282953chrW7436hv.jpg,[['Y104D_2']]
9SIAG20JZD4964,HP nVidia Quadro RTX5000 16Gb GDDR6 PCIe 3.0x16 4xDP USB-C L40548-002 L44055-001 900-5G180-0300-001 F,HP,,,1198.0,0,https://c1.neweggimages.com/ProductImageCompressAll300/AA4TS22091511LYO499.jpg,[['101000351902']]
9SIARA8JYH4702,ASUS GeForce GTX 960 2GB GDDR5 PCI Express 3.0 Video Card STRIX-GTX960-DC2OC-2GD5,ASUS,,,119.0,0,https://c1.neweggimages.com/ProductImageCompressAll300/14-126-141-Z01.jpg,"[[' OC Mode: 1253 MHz\nGaming Mode: 1228 MHz', ' 3x Native DisplayPort 1.2', ' 1x Native Dual-link DVI-I', ' 1x Native HDMI 2.0', 'STRIX-GTX960-DC2OC-2']]"
9SIADDTJXG4103,MSI GeForce GTX 1050 Ti DirectX 12 GTX 1050 Ti GAMING X 4G 4GB 128-Bit GDDR5 PCI Express 3.0 x16 HDCP Ready ATX Video Card,MSI,,,197.66,0,https://c1.neweggimages.com/ProductImageCompressAll300/ADDZS210407yT1AA.jpg,"[[' 1379 MHz (OC)1354 MHz (Gaming)1290 MHz (Silent)', ' 7680 x 4320', ' 1 x DisplayPort 1.4', ' 1 x DL-DVI-D', 'GTX1050Ti GAMINGX 4G']]"
9SIAMB9EMJ4530,Asus Radeon HD 6770 1GB Video Graphics Card EAH6770 DC/2DI/1GD5,ASUS,,,149.99,$19.90 Shipping,https://c1.neweggimages.com/ProductImageCompressAll300/ADFR_1_201709221760837502.jpg,[['EAH6770 DC/2DI/1GD5']]
9SIAPMXJMG1087,MSI GeForce RTX 2080 SUPER 8GB GDDR6 PCI Express 3.0 x16 SLI Support Video Card RTX 2080 Super Ventus XS OC,MSI,4.3,8.0,408.96,0,https://c1.neweggimages.com/ProductImageCompressAll300/14-137-606-V02.jpg,"[[' 7680 x 4320', ' 3 x DisplayPort 1.4', ' 1 x HDMI 2.0b', ' 10.12"" x 5.00""', 'RTX2080SVentusXSOC']]"
9SIARA8JCC5439,ASUS GeForce RTX 2080Ti 11GB STRIX LED GDDR6 ROG-STRIX-RTX2080TI-11G-GAMING Video Graphics Card GPU,ASUS,,,819.88,0,https://c1.neweggimages.com/ProductImageCompressAll300/ADFRS2103013kaoU.jpg,"[[' NVIDIA', ' NVIDIA GeForce RTX 20 Series', ' Triple Fans', 'RGSTRXRTX2080TI11G R']]"
9SIAG20JU32221,Dell AMD Radeon R7 250 2GB DDR3 PCI-E x16 DVI-DP 9C8C0 FDT1K,DELL,,,40.5,0,https://c1.neweggimages.com/ProductImageCompressAll300/AA4TS200826wzc6Q.jpg,[['9C8C0_Dell']]
9SIADFRJUK8648,ASUS GeForce RTX 2080 O8G Dual-fan OC Edition GDDR6 DUAL-RTX2080-O8G GPU,ASUS,4.7,3.0,399.99,0,https://c1.neweggimages.com/ProductImageCompressAll300/ADFR_1319414476070157484N7w7VR5EN.jpg,"[[' 260W', 'DUAL-RTX2080-O8G MR']]"
9SIADFRJT39175,GIGABYTE GeForce RTX 3080 Master 10GB GDDR6 GV-N3080AORUS M-10GD Video Graphic Card GPU,GIGABYTE,,,699.99,0,https://c1.neweggimages.com/ProductImageCompressAll300/BB2TD2203240QAA5JCC.jpg,"[[' 1 x DisplayPort', ' 1 x HDMI', ' NVIDIA', ' NVIDIA GeForce GTX 30 Series', 'GV-N3080AORUS M-10GD-R', '9SIADFRJT39175']]"
9SIAG20JGU2046,nVidia Quadro FX 580 512MB GDDR3 PCI-Express x16 Video Card Dell R784K,NVIDIA,1,1.0,41.4,0,https://c1.neweggimages.com/ProductImageCompressAll300/AA4T_131213042645751515oemuyOI99V.jpg,[['R784K']]
9SIB1PGJWG8684,ASUS GTX660 TI-DC2O-2GD5 GeForce GTX 660 Ti 2GB 192-Bit GDDR5 PCI Express 3.0 x16 HDCP Ready SLI Support Video Card Manufactured Recertified,ASUS,1,1.0,230.0,0,https://c1.neweggimages.com/ProductImageCompressAll300/14-121-860-02.jpg,"[[' 967MHz', ' 1 x DisplayPort', ' 2 x DVI', ' 1 x HDMI', 'GTX660 TI-DC2O-2GD5', '9SIB1PGJWG8684']]"
9SIADFRJS04713,ASUS ROG-STRIX-RTX2080S-A8G-GAMING ROG STRIX GeForce RTX 2080 SUPER Video Card,ASUS,,,439.99,0,https://c1.neweggimages.com/ProductImageCompressAll300/AGKCD2204110PQWQ058.jpg,"[[' OC mode: 1680 MHz/Gaming mode: 1650 MHz', ' 7680 x 4320', ' 2 x DisplayPort 1.4', ' 2 x HDMI 2.0b', 'ROG-STRIX-RTX2080S-ASNRFB']]"
9SIAPMXJR62459,"ASUS Dual GeForce RTX 2060 Advanced OC EVO Graphics Card 6GB 192-Bit GDDR6 PCIe 3.0 x16 DirectX 12 HDCP Ready Auto-Extreme Technology 1x DVI-D 2X HDMI 2.0b 1x DisplayPort 1.4,(DUAL-RTX2060-O6G-EVO)",ASUS,,,194.59,0,https://c1.neweggimages.com/ProductImageCompressAll300/AGKCD2204110O4181D5.jpg,"[[' NVIDIA GeForce RTX 20 Series', 'ASUSDUAL-RTX2060-O6SNRFB']]"
9SIAPMXJMN7291,"EVGA GeForce RTX 2080 Ti BLACK EDITION GAMING, 11G-P4-2281-RX, 11GB GDDR6, Dual HDB Fans & RGB LED",EVGA,3.5,8.0,574.44,0,https://c1.neweggimages.com/ProductImageCompressAll300/14-487-501-V01.jpg,"[[' 7680 x 4320', ' 3 x DisplayPort 1.4', ' 1 x HDMI 2.0b', ' 10.60"" x 4.50""', '11G-P4-2281-RX']]"
9SIAJEPJV22241,MSI Computer Video Card (GTX 1050 TI 4GT OC),MSI,,,129.99,0,https://c1.neweggimages.com/ProductImageCompressAll300/V0M5_1_20180313356806617.jpg,[['GTX 1050 TI 4GT OC']]
9SIAPMXJKN0776,MSI Gaming Radeon RX 6700 XT 12GB GDDR6 PCI Express 4.0 Video Card RX 6700 XT GAMING X 12G,MSI,,,334.98,0,https://c1.neweggimages.com/ProductImageCompressAll300/BF9VS2211170RZ1OAA5.jpg,"[[' 7680 x 4320', ' 3 x DisplayPort 1.4', ' 1 x HDMI 2.1', ' 10.98"" x 5.16""', 'RX 6700 XT GAMING X 12G']]"
9SIAG20JYS7517,ATI FirePro 3D Graphics V5800 1GB GDDR5 SDRAM 128-bit 2560x2048 PCI-Express x16 Dual DVI Graphic Card 6RN0Y,,,,89.99,0,https://c1.neweggimages.com/ProductImageCompressAll300/A9AX_131395240346620471mnyj1OU1Qd.jpg,[['6RN0Y']]
9SIAG20JYS7916,Dell AMD Radeon HD 6350 512MB DDR3 SDRAM Full Height Video Graphics Card 236X5 0236X5 CN-0236X5 8541597619,DELL,,,43.0,0,https://c1.neweggimages.com/ProductImageCompressAll300/A9AXS21090307C51.jpg,[['236X5']]
9SIAG20JYS7525,ATI FirePro V5800 1GB GDDR5 PCI-E x16 Professional Video Graphics Card,,,,78.0,0,https://c1.neweggimages.com/ProductImageCompressAll300/AA4T_1312077876160316920QqPX9bqlh.jpg,[['608888-001']]
9SIAG20JGD8493,Dell AMD Radeon R5 240 1GB DDR3 DVI/ D-Port Video Card F9P1R 0F9P1R,DELL,,,22.4,0,https://c1.neweggimages.com/ProductImageCompressAll300/AK42_1_20190731776892343.jpg,[['F9P1R']]
9SIB1PGJUP8959,SAPPHIRE R9 200 Radeon R9 280X 3GB GDDR5 PCI Express 3.0 x16 CrossFireX Support Plug-in Card Video Card 11221-02-CPO,Sapphire Tech,4.7,3.0,199.0,0,https://c1.neweggimages.com/ProductImageCompressAll300/14-202-255-01.jpg,"[[' 950 MHz', ' D-Sub(VGA): 2048x1536\n\nDL-DVI-I: 2500x1600\n\nHDMI 1.4a: 4096x2160\n\nDisplayPort 1.2: 4096x2160', ' 1 x DisplayPort', ' 1 x DL DVI-I, 1 x DL DVI-D', '11221-02-CPO', '9SIB1PGJUP8959']]"
9SIAG20JZY9455,Genuine Nvidia Geforce GTX 690 4GB GDDR5 Dual Height 2x DVI PCI Express 3.0 x16 Video Graphic Card,NVIDIA,,,156.5,0,https://c1.neweggimages.com/ProductImageCompressAll300/A9AXS210401OjzUW.jpg,"[[' NVIDIA', 'VCGGTX6904XPB-CG_8']]"
9SIADFRJS04698,ASUS ROG STRIX GeForce RTX 2080 Overclocked 8G GDDR6 HDMI DP 1.4 USB Type-C Graphics Card (ROG-STRIX-RTX2080-O8G-GAMING),ASUS,,,389.99,0,https://c1.neweggimages.com/ProductImageCompressAll300/ARA8S210422wHCmb.jpg,"[[' Triple Fans', 'ASUS ROG STRIX GeForce RTX 2080']]"
9SIAGGGHT35091,ASUS Radeon RX 560 2GB OC DDR5 RX560-O2G Video Card GPU,ASUS,,,111.99,$31.00 Shipping,https://c1.neweggimages.com/ProductImageCompressAll300/ADFR_131860906020156775JkrrWrD1lR.jpg,[['RX560-O2G R']]
1FT-000A-000G5,GIGABYTE GeForce GT 1030 2GB GDDR5 ATX Video Cards GV-N1030OC-2GI,GIGABYTE,3.9,7.0,79.99,0,https://c1.neweggimages.com/ProductImageCompressAll300/1FT-000A-000G5-03.jpg,"[[' 1290 MHz in OC Mode\n1265 MHz in Gaming Mode', ' HDMI-2.0b Max Resolution: 4096x2160 @ 60 Hz', ' 1 x DVI-D', ' 1 x HDMI 2.0b', 'GV-N1030OC-2GI', '1FT-000A-000G5']]"
9SIADFRJ074453,GIGABYTE GeForce RTX 3060 Eagle OC 12GB GDDR6 GV-N3060EAGLE OC-12GD Video Graphic Card GPU,GIGABYTE,,,319.99,0,https://c1.neweggimages.com/ProductImageCompressAll300/A3TBD211018TMV2H.jpg,"[[' 1 x DisplayPort', ' 1 x HDMI', ' NVIDIA', ' NVIDIA GeForce GTX 30 Series', 'GV-N3060EAGLE OC-12GD-R', '9SIADFRJ074453']]"
9SIB1PGFBX8677,MSI GeForce GTX 1070 8GB GDDR5 PCI Express 3.0 x16 SLI Support ATX Video Card GTX 1070 SEA HAWK X,MSI,,,499.0,0,https://c1.neweggimages.com/ProductImageCompressAll300/14-137-173-Z01.jpg,"[[' 1607 MHz (OC Mode)\n1582 MHz (Gaming Mode)', ' 7680 x 4320', ' 3 x DisplayPort 1.4', ' 1 x DL-DVI-D', 'MSI-GTX1070SEAHAWKX-']]"
9SIAG20JGU2053,DELL 0R784K Quadro FX 580 512MB 128-bit GDDR3 PCI Express 2.0 x16 Workstation Video Card,DELL,,,61.0,0,https://c1.neweggimages.com/ProductImageCompressAll300/ADRA_131427043581256302nnmXkRXmdh.jpg,"[[' 2560 x 1600', ' 2 x DisplayPort', ' 1 x DVI', ' Single Slot', '0R784K']]"
9SIADFRJZF0542,ASUS GTX 1080 Ti 11GB STRIX OC Video Card ROG-STRIX-GTX1080TI-O11G-GAMING GPU,ASUS,,,329.99,0,https://c1.neweggimages.com/ProductImageCompressAll300/ADFR_1317538317400798474vIwP3ttOn.jpg,"[[' 250W', 'ROG-STRIX-GTX1080TIR', '9SIADFRJZF0542']]"
9SIBF9VJZC2170,MSI GeForce RTX 2070 SUPER DirectX 12 RTX 2070 SUPER VENTUS GP OC 8GB 256-Bit GDDR6 PCI Express 3.0 x16 HDCP Ready SLI Support Video Card,MSI,,,250.0,$45.00 Shipping,https://c1.neweggimages.com/ProductImageCompressAll300/ARA8S210405lgCiT.jpg,"[[' 1605 MHz\n', ' 7680 x 4320\n', ' 3 x DisplayPort 1.4\n', ' 1 x HDMI 2.0b\n', 'MSI GeForce RTX 2070 S']]"
9SIAPMXJKW6543,MSI GeForce GTX 980 Ti 6GB GDDR5 PCI Express 3.0 SLI Support ATX Video Card GTX 980Ti 6GD5,MSI,,,341.77,0,https://c1.neweggimages.com/ProductImageCompressAll300/14-137-193-Z01.jpg,"[[' 1000 MHz', ' 3 x DisplayPort', ' 1 x DL-DVI-I', ' 1 x HDMI', 'MSI-GTX980TI6GD5-RFB']]"
9SIAPMXJKW6540,MSI GeForce GTX 980 Ti 6GB GDDR5 PCI Express 3.0 SLI Support ATX Video Card GTX 980TI 6GD5T,MSI,,,221.46,0,https://c1.neweggimages.com/ProductImageCompressAll300/14-137-154-Z01.jpg,"[[' 1102 MHz', ' 4096 x 2160', ' 3 x DisplayPort 1.2', ' 1 x Dual-link DVI-I', 'VDGTX980TI6G5T']]"
9SIAG20JYU6361,Nvidia Geforce GTX 690 4GB GDDR5 Dual Height 2x DVI PCI Express 3.0 x16 Video Graphic Card VCGGTX6904XPB-CG,NVIDIA,,,273.99,0,https://c1.neweggimages.com/ProductImageCompressAll300/A9AXS210401u6NS6.jpg,"[[' 1 x DisplayPort', ' 1x DVI-D,2x DVI-i', ' Nvidia', 'VCGGTX6904XPB-CG_9']]"
9SIAG20JYU6373,Genuine Nvidia Geforce GTX 690 VCGGTX6904XPB-CG 4GB GDDR5 Dual Height 2x DVI PCI Express 3.0 x16 Video Graphic Card,NVIDIA,,,288.0,0,https://c1.neweggimages.com/ProductImageCompressAll300/A9AXS2104015uYTb.jpg,"[[' NVIDIA', 'VCGGTX6904XPB-CG_7']]"
9SIB1PGFBZ7524,GeForce GTX TITAN X 12GB 384-Bit GDDR5 PCI Express 3.0 HDCP Ready SLI Support Video Card,"PNY Technologies, Inc.",,,450.0,0,https://c1.neweggimages.com/ProductImageCompressAll300/ADRA_131469629808619300i0c5GHmply.jpg,"[[' 1000 MHz', ' 5120 x 3200', ' 3 x DisplayPort', ' 1 x DVI', 'VCGGTXTITANXXPB']]"
9SIAG20JUK0689,Dell Radeon X1300 256MB PCIe Graphics Card DMS-59 GJ501 0GJ501 CN-0GJ501 102A9240521,DELL,,,26.0,0,https://c1.neweggimages.com/ProductImageCompressAll300/A9AXS200211ciy1H.jpg,[['GJ501-1']]
9SIB1PGHR89585,NVIDIA TITAN RTX DirectX 12 900-1G150-2500-000 SB 24GB 384-Bit GDDR6 HDCP Ready Video Card,NVIDIA,,,1699.0,0,https://c1.neweggimages.com/ProductImageCompressAll300/AE8D_13203817946631738116BrgEeKbY.jpg,[['900-1G15O-2500-000']]
9SIBF9VK042387,ASUS ROG Strix GeForce RTX 3070 Ti 8GB GDDR6X PCI Express 4.0 x16 Video Card ROG-STRIX-RTX3070TI-O8G-GAMING,ASUS,,,470.0,$45.00 Shipping,https://c1.neweggimages.com/ProductImageCompressAll300/AGKCD2204110OE1WU09.jpg,[['XRL-56SNRFB']]
9SIAG20JZD4566,"ATI Radeon HD 5770 | 1GB DDR5 DVI, Mini DisplayPort -Video Card- Mac Pro",,,,99.0,0,https://c1.neweggimages.com/ProductImageCompressAll300/ACZ1_131637128791336243GmoNNAFI6C.jpg,"[[' 1 x DVI', ' DirectX 11', ' AMD', '102C0160100']]"
9SIAG20JHA2991,731Y3 DELL NVIDIA QUADRO 4000 PCI EXPRESS 2.0 X16 GDDR5 DVI-I VIDEO CARD,DELL,,,62.6,0,https://c1.neweggimages.com/ProductImageCompressAll300/ACSJ_131937382112680287pQckcfaqDL.jpg,[['731Y3']]
9SIA639JYM8965,MSI GeForce GTX 1070 8GB GDDR5 PCI Express 3.0 x16 SLI Support ATX Video Card GTX 1070 AERO 8G OC,MSI,,,204.34,0,https://c1.neweggimages.com/ProductImageCompressAll300/14-137-166-Z01.jpg,"[[' 1531 MHz', ' 7680 x 4320', ' 3 x DisplayPort 1.4', ' 1 x DL-DVI-D', 'MSI-GTX1070AERO8GOC-']]"
9SIAG20JB04593,Dell Radeon HD 3450 256MB DDR2 PCI Express x16 Video Card Y104D,DELL,3.4,7.0,29.99,0,https://c1.neweggimages.com/ProductImageCompressAll300/14-255-014-02.jpg,"[[' Single Slot', ' AMD', ' Single Fan', 'Y104D', '9SIAG20JB04593']]"
9SIAPMXJMS0993,MSI Radeon R9 380 DirectX 12 R9 380 4GD5T OC 4GB 256-Bit GDDR5 HDCP Ready CrossFireX Support ATX Video Card,MSI,5,1.0,343.86,0,https://c1.neweggimages.com/ProductImageCompressAll300/ABRD_131285638883963393f04yj6XU6M.jpg,"[[' 90 days', ' 90 days', '912-V314-024']]"
9SIAG20JYS7715,Dell ATI Radeon X600 SE 128MB PCI Express DMS-59 Video Graphics Card F9595,DELL,,,48.0,0,https://c1.neweggimages.com/ProductImageCompressAll300/A9AX_130893904183686445Lgxh5Xyy0Q.jpg,[['F9595']]
9SIAG20JYS7718,Genuine ATI Radeon X1300 102A6290300 256MB PCI-e Video Card DMS59 F9595 0F9595 CN-0F9595,,,,37.6,0,https://c1.neweggimages.com/ProductImageCompressAll300/A9AXS201027XARV2.jpg,"[[' AMD', 'F9595-5']]"
9SIAG20JU31056,"HP NVIDIA Quadro NVS 450 512MB GDDR3 PCI Express x16 Video Card, 492187-001",NVIDIA,,,89.16,0,https://c1.neweggimages.com/ProductImageCompressAll300/A4GH_131227632199829414T1xFoub5zv.jpg,"[[' 4 x DisplayPort', ' DirectX 10', ' NVIDIA', ' 16 Cores', '492187-001']]"
9SIAGGGHR58953,MSI RTX 2070 SUPER VENTUS GP OC GeForce RTX 2070 SUPER Video Card,MSI,,,320.18,$30.00 Shipping,https://c1.neweggimages.com/ProductImageCompressAll300/AGKCD2204110PK7GA99.jpg,"[[' 1605 MHz', ' 7680 x 4320', ' 3 x DisplayPort 1.4', ' 1 x HDMI 2.0b', 'RTX2070SVENTUSGPOCSNRFB']]"
9SIAG20JGU2049,Dell NVIDIA Quadro FX 580 512MB GDDR3 SDRAM Video VDVI and Dual Display Ports PCI Express x16 Graphic Card R784K,DELL,,,68.0,0,https://c1.neweggimages.com/ProductImageCompressAll300/A9AX_131812396453253257zXle3BBgrd.jpg,[['R784K']]
9SIAG20JUR8902,"PNY Graphics Video Card NVIDIA QUADRO FX 380, 512 MB,GDDR3 PCI Express 2.0 x16","PNY Technologies, Inc.",,,58.5,0,https://c1.neweggimages.com/ProductImageCompressAll300/B7VES2202210IPZ694C.jpg,[['105541']]
9SIAG20JUR8547,"HP NVIDIA Quadro K2200 4GB GDDR5 PCI Express 2.0 x16 Video Card, 765148-001",NVIDIA,,,179.12,0,https://c1.neweggimages.com/ProductImageCompressAll300/A4GH_131218177757383845GEA9ek9Q02.jpg,"[[' DirectX 11', ' NVIDIA', ' Quadro K2200', ' 640 Cores', '765148-001']]"
9SIAG20JZB6529,Nvidia Quadro K5200 8GB GDDR5 256-Bit PCI Express 3.0 x16 Full Height Video Card,NVIDIA,,,299.0,0,https://c1.neweggimages.com/ProductImageCompressAll300/AWFGD210824C52NJ.jpg,[['NVIDIA-16']]
9SIAG20JYS7737,Dell Radeon RX 560 Single Fan 2GB GDDR5 JR3PR Video Graphic Card GPU,DELL,,,108.6,0,https://c1.neweggimages.com/ProductImageCompressAll300/ADFRD2109211WM2T.jpg,"[[' AMD', 'Dell JR3PR SR']]"
9SIAG20JZY9493,Dell NVIDIA Quadro NVS 315 PCI-E 1GB DDR3 PCI-E x16 Video Graphics Card MP08K CN-0MP08K,DELL,,,26.2,0,https://c1.neweggimages.com/ProductImageCompressAll300/A9AX_131741493405925805v4O4JkY3NY.jpg,"[[' DDR3', 'MP08K']]"
9SIA4MRJU80505,HP 637995-001 ATI Radeon HD 6350 512MB PCIE x16 Video Card with VGA Y cord Full,HP,5,1.0,39.0,$10.00 Shipping,https://c1.neweggimages.com/ProductImageCompressAll300/A6TP_1_20151009542977074.jpg,[['109452']]
9SIB7VEJ0R5146,For Dell AMD-Radeon HD 8490 1GB DDR3 PCIe x16 DVI Graphics Video Card,,,,52.99,0,https://c1.neweggimages.com/ProductImageCompressAll300/B7VES22070211OZYD2B.jpg,[['BEH0A974ZC']]
9SIAG20JU30915,NVIDIA Quadro 6000 Dell 6GB GDDR5 Video Graphics Card X256P PCI-E x16,NVIDIA,,,269.0,0,https://c1.neweggimages.com/ProductImageCompressAll300/AC0F_1311973560492750404xroyNYn3Y.jpg,"[[' DirectX 11', ' NVIDIA', ' 448 Cores', ' 384-Bit', 'Quadro6000']]"
9SIAG20JZ60157,For Lenovo Nvidia Geforce 310 SFF 512MB DDR3 DP VGA Video Graphics Card,,,,38.5,0,https://c1.neweggimages.com/ProductImageCompressAll300/B7VES2202210I9L63B7.jpg,[['908804']]
9SIB7VEJ0R9170,PNY Nvidia GeForce GT 610 1GB DDR3 Low Profile Video Card RH4GP,"PNY Technologies, Inc.",,,88.0,0,https://c1.neweggimages.com/ProductImageCompressAll300/B7VES22070310LV5Y28.jpg,[['BE0H4A58CC']]
9SIAG20JU31450,Genuine Dell Nvidia Quadro 2000 1GB DD5R SDRAM PCI-E x16 DVI Dual DisplayPort Video Graphic Card 8MDMW CN-08MDMW,DELL,,,105.5,0,https://c1.neweggimages.com/ProductImageCompressAll300/A9AX_131757294099175369j6734MWXgB.jpg,[['8MDMW_1']]
9SIADFRJUK8648,ASUS GeForce RTX 2080 O8G Dual-fan OC Edition GDDR6 DUAL-RTX2080-O8G GPU,ASUS,4.7,3.0,399.99,0,https://c1.neweggimages.com/ProductImageCompressAll300/ADFR_1319414476070157484N7w7VR5EN.jpg,"[[' 260W', 'DUAL-RTX2080-O8G MR']]"
9SIADFRJT39175,GIGABYTE GeForce RTX 3080 Master 10GB GDDR6 GV-N3080AORUS M-10GD Video Graphic Card GPU,GIGABYTE,,,699.99,0,https://c1.neweggimages.com/ProductImageCompressAll300/BB2TD2203240QAA5JCC.jpg,"[[' 1 x DisplayPort', ' 1 x HDMI', ' NVIDIA', ' NVIDIA GeForce GTX 30 Series', 'GV-N3080AORUS M-10GD-R', '9SIADFRJT39175']]"
9SIAPMXJKN0776,MSI Gaming Radeon RX 6700 XT 12GB GDDR6 PCI Express 4.0 Video Card RX 6700 XT GAMING X 12G,MSI,,,334.98,0,https://c1.neweggimages.com/ProductImageCompressAll300/BF9VS2211170RZ1OAA5.jpg,"[[' 7680 x 4320', ' 3 x DisplayPort 1.4', ' 1 x HDMI 2.1', ' 10.98"" x 5.16""', 'RX 6700 XT GAMING X 12G']]"
9SIAG20JYS7517,ATI FirePro 3D Graphics V5800 1GB GDDR5 SDRAM 128-bit 2560x2048 PCI-Express x16 Dual DVI Graphic Card 6RN0Y,,,,89.99,0,https://c1.neweggimages.com/ProductImageCompressAll300/A9AX_131395240346620471mnyj1OU1Qd.jpg,[['6RN0Y']]
9SIAGGGHR59089,MSI GeForce RTX 2060 DirectX 12 RTX 2060 GAMING Z 6G 6GB 192-Bit GDDR6 PCI Express 3.0 x16 HDCP Ready Video Card,MSI,,,234.9,$30.00 Shipping,https://c1.neweggimages.com/ProductImageCompressAll300/AGKCD2204110P3K4944.jpg,"[[' 7680 x 4320', ' 3 x DisplayPort 1.4', ' 1 x HDMI 2.0b', ' 9.72"" x 5.08""', 'vvv15SNRFB']]"
9SIB1PGJS38418,"EVGA GeForce RTX 3080 Ti FTW3 ULTRA GAMING Video Card, 12G-P5-3967-KR, 12GB GDDR6X, iCX3 Technology, ARGB LED, Metal Backplate",EVGA,,,1150.0,0,https://c1.neweggimages.com/ProductImageCompressAll300/BF9VS2210290R9WFFBF.jpg,"[[' 3 x DisplayPort 1.4a\n', ' 1 x HDMI 2.1\n', ' 11.81"" x 5.38""', ' 2.75 Slots\n', '12G-P5-3967-KR']]"
9SIAG20JYS7916,Dell AMD Radeon HD 6350 512MB DDR3 SDRAM Full Height Video Graphics Card 236X5 0236X5 CN-0236X5 8541597619,DELL,,,43.0,0,https://c1.neweggimages.com/ProductImageCompressAll300/A9AXS21090307C51.jpg,[['236X5']]
9SIAG20JYS7525,ATI FirePro V5800 1GB GDDR5 PCI-E x16 Professional Video Graphics Card,,,,78.0,0,https://c1.neweggimages.com/ProductImageCompressAll300/AA4T_1312077876160316920QqPX9bqlh.jpg,[['608888-001']]
9SIAG20JGU2053,DELL 0R784K Quadro FX 580 512MB 128-bit GDDR3 PCI Express 2.0 x16 Workstation Video Card,DELL,,,61.0,0,https://c1.neweggimages.com/ProductImageCompressAll300/ADRA_131427043581256302nnmXkRXmdh.jpg,"[[' 2560 x 1600', ' 2 x DisplayPort', ' 1 x DVI', ' Single Slot', '0R784K']]"
9SIADFRJZF0542,ASUS GTX 1080 Ti 11GB STRIX OC Video Card ROG-STRIX-GTX1080TI-O11G-GAMING GPU,ASUS,,,329.99,0,https://c1.neweggimages.com/ProductImageCompressAll300/ADFR_1317538317400798474vIwP3ttOn.jpg,"[[' 250W', 'ROG-STRIX-GTX1080TIR', '9SIADFRJZF0542']]"
9SIAXK8JNF4788,MSI GeForce GT 730 2GB DDR3 PCI Express 2.0 x16 Video Cards N730-2GD3V3-R,MSI,4.3,3.0,74.97,0,https://c1.neweggimages.com/ProductImageCompressAll300/14-127-939-01.jpg,"[[' 700 MHz', ' 2560 x 1600', ' 1 x Dual-link DVI-I', ' 1 x HDMI', 'N730-2GD3V3-R']]"
9SIAGGGHSJ0762,GIGABYTE GeForce RTX 2060 6GB GDDR6 PCI Express 3.0 x16 ATX Video Card GV-N2060IXOC-6GD,GIGABYTE,,,216.65,$20.00 Shipping,https://c1.neweggimages.com/ProductImageCompressAll300/14-932-188-Z01.jpg,"[[' 1695 MHz', ' 7680 x 4320 @ 60 Hz', ' 3 x DisplayPort 1.4', ' 1 x HDMI 2.0b', 'GV-N2060IXOC-6GD']]"
9SIAGGGHSH8445,GIGABYTE AORUS GeForce GTX 1070 Ti 8GB GDDR5 PCI Express 3.0 x16 SLI Support ATX Video Card GV-N107TAORUS-8GD,GIGABYTE,,,223.88,$30.00 Shipping,https://c1.neweggimages.com/ProductImageCompressAll300/14-932-098-Z01.jpg,"[[' 1607+ MHz', ' 7680 x 4320', ' 3 x DisplayPort 1.4', ' 1 x Dual-link DVI-D', 'GV-N107TAORUS-8GD']]"
9SIAGGGHR58994,GIGABYTE GV-N206SGAMING OC-8GC GeForce RTX 2060 SUPER Video Card,GIGABYTE,,,239.83,$30.00 Shipping,https://c1.neweggimages.com/ProductImageCompressAll300/AGKCD2204110PBDILBE.jpg,"[[' 1815 MHz', ' 7680 x 4320 @ 60 Hz', ' 3 x DisplayPort 1.4', ' 1 x HDMI 2.0b', 'GV-N206SGAMINGOC-8GCSNRFB']]"
9SIAGGGHSH8055,MSI GTX 1080 Ti GAMING X TRIO GeForce GTX 1080 Ti Video Card,MSI,,,359.99,$31.00 Shipping,https://c1.neweggimages.com/ProductImageCompressAll300/AGKCD2204110NPL8873.jpg,"[[' 1569 MHz (OC Mode)/1544 MHz (Gaming Mode) /1480 MHz (Silent Mode)', ' 2 x DisplayPort 1.4', ' 1 x DL-DVI-D', ' 2 x HDMI 2.0', 'GTX1080TiGAMXTRISNRFB']]"
9SIAPMXJSV7069,"ZOTAC GeForce RTX 3080Ti OC X-GAMING Gaming Graphics Card (GDDR6X CIe 4.0, 12GB GDDR6X,HDMI 2.1, DisplayPort 1.4a )Video Card RTX 3080Ti-12G6X X-GAMING OC-",ZOTAC,,,689.98,0,https://c1.neweggimages.com/ProductImageCompressAll300/BF9VS23032306BE049B.jpg,"[[' 7680 x 4320', ' 3 x DisplayPort 1.4', ' 1 x HDMI 2.1', ' 311mm x 118mm x 61mm', '3080Ti-12G6X']]"
9SIAPMXJNM7171,GIGABYTE GeForce RTX 3060 Ti Eagle OC 8GB GDDR6 GV-N306TEAGLE OC-8GD 2.0 Video Graphic Card GPU,GIGABYTE,,,338.98,0,https://c1.neweggimages.com/ProductImageCompressAll300/ADFRD2206141AKJDS92.jpg,"[[' 1 x DisplayPort', ' 1 x HDMI', ' NVIDIA', ' NVIDIA GeForce GTX 30 Series', 'GV-N306TEAGLE OC-8GD 2.0-R']]"
9SIAPMXJYG7080,"ASRock Challenger D
 Radeon RX 6700 XT
 12GB GDDR6 PCI Express 4.0
 Video Card RX6700XT CLD 12GO",ASRock,,,279.98,0,https://c1.neweggimages.com/ProductImageCompressAll300/14-930-059-01.jpg,"[[' 2330 MHz\n', ' 7680 x 4320\n', ' 3 x DisplayPort 1.4\n', ' 1 x HDMI 2.1\n', 'RX6700XT CLD 12GO']]"
9SIAPMXK070190,MSI Radeon RX 6700 XT DirectX 12 Ultimate RX 6700 XT GAMING X 12G 12GB 192-Bit GDDR6 PCI Express 4.0 x16 HDCP Ready Video Card,MSI,,,339.97,0,https://c1.neweggimages.com/ProductImageCompressAll300/AGKCD2204110OAHO9A5.jpg,"[[' 7680 x 4320', ' 3 x DisplayPort 1.4', ' 1 x HDMI 2.1', ' 10.98"" x 5.16""', 'RadeonRX6700XTSNRFB']]"
9SIBF9VJKF9480,MSI GeForce RTX 2080 Ti -11GB GDDR6 PCI Express 3.0 x16 SLI Support ATX Video Card RTX 2080 Ti AERO 11Gb,MSI,,,290.0,$45.00 Shipping,https://c1.neweggimages.com/ProductImageCompressAll300/BF9VS2302160GC5S2AF.jpg,"[[' 1350 MHz\n', ' 2 x DisplayPort 1.4\n', ' 1 x HDMI 2.0b\n', ' 10.55"" x 4.49""\n', 'RTX 2080 Ti AERO 11Gb']]"
9SIAGGGHSH8243,"GIGABYTE GeForce GTX 1650 OC 4G Graphics Card, 2 x WINDFORCE Fans, 4GB 128-Bit GDDR5, GV-N1650OC-4GD Video Card",GIGABYTE,,,211.16,$30.00 Shipping,https://c1.neweggimages.com/ProductImageCompressAll300/AGKCD2204110MDMQVDC.jpg,"[[' 1710 MHz', ' 7680 x 4320 @ 60 Hz', ' 1 x DisplayPort 1.4', ' 2 x HDMI 2.0b', 'GeForceGTX1650OCSNRFB']]"
9SIAGGGHR59106,GIGABYTE GV-N105TG1 GAMING-4GD GeForce GTX 1050 Ti Video Card,GIGABYTE,,,140.48,$20.00 Shipping,https://c1.neweggimages.com/ProductImageCompressAll300/AGKCD2204110OTR6TFE.jpg,"[[' 1392 MHz in OC Mode/1366 MHz in Gaming', ' 7680 x 4320', ' 1 x DisplayPort 1.4', ' 1 x Dual-link DVI-D', 'GV-N105TG1GAMING-4GDSNRFB']]"
9SIAPMXJKD7613,ASUS TUF-RTX3060-O12G-V2-GAMING TUF Gaming GeForce RTX 3060 Video Card,ASUS,,,429.97,0,https://c1.neweggimages.com/ProductImageCompressAll300/AGKCD2204110O4W5R5D.jpg,"[[' 7680 x 4320', ' 3 x DisplayPort 1.4a', ' 2 x HDMI 2.1', ' 11.81"" x 5.63""', 'TUF-3060-O12G-V2-GAMSNRFB']]"
9SIAGGGHT30209,"ASUS Gaming GeForce GTX 1660 OC Overclocking 6GB 192-bit GDDR5 PCI Express 3.0 HDCP Ready Video Card,GTX1660-O6G-SI",ASUS,,,150.05,$10.00 Shipping,https://c1.neweggimages.com/ProductImageCompressAll300/AGKCD2204110OTHGNAD.jpg,[['ASUS1660SNRFB']]
9SIAG20JU31487,NVIDIA Tesla K80 GDDR5 24GB CUDA PCI-e GPU Computing Accelerator Card,NVIDIA,5,1.0,166.8,0,https://c1.neweggimages.com/ProductImageCompressAll300/AH59_1319818948295361876lVdvK68OJ.jpg,[['900-22080-6300-000']]
9SIBF9VJMS8050,"ASUS ROG Strix GeForce RTX 2080 Ti 11GB GDDR6 PCI Express 3.0 352-Bit
 SLI Support Video Card (ROG-STRIX-RTX2080TI-O11G-GAMING)",ASUS,,,375.0,$45.00 Shipping,https://c1.neweggimages.com/ProductImageCompressAll300/BF9VS2303080FFO1VBB.jpg,"[[' 1350 MHz\n', ' 7680 x 4320\n', ' 2 x DisplayPort 1.4\n', ' 2 x HDMI 2.0b\n', 'RTX2080TI-O11G-GAMING--']]"
9SIA4REJWE8295,"GIGABYTE Radeon RX 6800 XT GAMING OC 16G Graphics Card, WINDFORCE 3X Cooling System, 16GB 256-bit GDDR6, GV-R68XTGAMING OC-16GD Video Card, Powered by AMD RDNA 2, HDMI 2.1",GIGABYTE,5,1.0,549.99,0,https://c1.neweggimages.com/ProductImageCompressAll300/BF9VS2210100I3GGFA5.jpg,"[[' \t7680 x 4320', ' 2 x DisplayPort 1.4a', ' 2 x HDMI 2.1', ' 11.26"" x 4.65""', 'GV-R68XTGAMING OC-16GD -']]"
9SIAWFGJT46785,GIGABYTE GeForce RTX 2060 6GB GDDR6 PCI Express 3.0 ATX Video Card GV-N2060D6-6GD (rev. 2.0),GIGABYTE,4.6,9.0,195.23,0,https://c1.neweggimages.com/ProductImageCompressAll300/14-932-522-02.png,"[[' 1680 MHz', ' 7680 x 4320', ' 3 x DisplayPort 1.4', ' 1 x HDMI 2.0b', 'GV-N2060D6-6GD REV2']]"
9SIA4REJEZ3464,SAPPHIRE TRI-X OC Radeon R9 290X DirectX 11.2 11226-00-50G 4GB 512-Bit GDDR5 PCI Express 3.0 CrossFireX Support Video Card,Sapphire Tech,5,1.0,267.13,0,https://c1.neweggimages.com/ProductImageCompressAll300/ADRA_131793588901265556caC5w4sc69.jpg,"[[' 1040 MHz', ' 1 x DisplayPort', ' 2 x DVI', ' 1 x HDMI', '11226-00-50G', '9SIA4REJEZ3464']]"
9SIAGGGHSJ0212,"GIGABYTE AORUS GeForce RTX 3080 XTREME 10GB Video Card, GV-N3080AORUS X-10GD (REV 2.0) LHR -OPENBOX",GIGABYTE,,,867.04,$10.00 Shipping,https://c1.neweggimages.com/ProductImageCompressAll300/AYTVD2112200CE9GV54.jpg,[['THUOT-9']]
9SIAZRPJHA3653,MSI GTX 1080 GAMING X 8G GeForce GTX 1080 Video Card,MSI,,,189.57,0,https://c1.neweggimages.com/ProductImageCompressAll300/AGKCD2204110P4DXQF5.jpg,"[[' 1708 MHz (OC Mode)/1683 MHz (Gaming Mode)/1607 MHz (Silent Mode)', ' 7680 x 4320', ' 3 x DisplayPort 1.4', ' 1 x DL-DVI-D', 'VDGTX1080GMX8GSNRFB']]"
9SIAGGGHSH8197,MSI GTX 980Ti 6GD5 GeForce GTX 980 Ti Video Card,MSI,,,302.99,$30.00 Shipping,https://c1.neweggimages.com/ProductImageCompressAll300/AGKCD2204110MDI3RFB.jpg,"[[' 1000 MHz', ' 3 x DisplayPort', ' 1 x DL-DVI-I', ' 1 x HDMI', 'GTX980Ti6GD5SNRFB']]"
9SIAGGGHSH8233,MSI N560GTX-Ti Hawk GeForce GTX 560 Ti (Fermi) Video Card,MSI,,,302.99,$30.00 Shipping,https://c1.neweggimages.com/ProductImageCompressAll300/AGKCD2204110MDUNTB9.jpg,"[[' 950 MHz', ' 2560 x 1600', ' 2 x DVI', ' 1 x mini HDMI', 'N560GTX-TiHawkSNRFB']]"
9SIAPMXJMM7061,EVGA GeForce GTX 980 Ti 6GB GDDR5 PCI Express 3.0 x16 SLI Support Video Card 06G-P4-4991-RX,EVGA,5,3.0,348.96,0,https://c1.neweggimages.com/ProductImageCompressAll300/14-487-422-Z01.jpg,"[[' 1000 MHz', ' 4096 x 2160', ' 3 x DisplayPort 1.2', ' 1 x Dual-link DVI-I', '06G-P4-4991-RX']]"
9SIBF9VK042807,EVGA GeForce RTX 3070 Ti FTW3 ULTRA GAMING 8GB GDDR6X 08G-P5-3797-KL Video Graphic Card GPU,EVGA,5,1.0,385.0,$45.00 Shipping,https://c1.neweggimages.com/ProductImageCompressAll300/ADFRD210816194UU0.jpg,"[[' 1 x DisplayPort', ' 1 x HDMI', ' NVIDIA', ' NVIDIA GeForce GTX 30 Series', '08G-P5-3797-KL-R']]"
9SIBF9VK042944,EVGA GeForce RTX 3080 FTW3 10GB GDDR6X 10G-P5-3897-KR Video Graphic Card GPU,EVGA,,,570.0,$45.00 Shipping,https://c1.neweggimages.com/ProductImageCompressAll300/ADFRD2304141DPT675E.jpg,"[[' 1 x DisplayPort', ' 1 x HDMI', ' NVIDIA', ' NVIDIA GeForce GTX 30 Series', '10G-P5-3897-KR-R']]"
9SIAPMXJMG0724,MSI RTX 2070 VENTUS GP GeForce RTX 2070 Video Card,MSI,5,1.0,278.0,0,https://c1.neweggimages.com/ProductImageCompressAll300/AGKCD2204110PRLPZBB.jpg,"[[' 7680 x 4320', ' 3 x DisplayPort 1.4', ' 1 x HDMI 2.0b', ' 9.13"" x 5.00""', 'RTX2070VENTUSGPSNRFB']]"
9SIAGGGHT29427,"ASUS CERBERUS-GTX1050TI-A4G - Advanced Edition - graphics card - GF GTX 1050 Ti - 4 GB GDDR5 - PCIe 3.0 x16 - DVI, HDMI,",ASUS,,,162.87,$20.00 Shipping,https://c1.neweggimages.com/ProductImageCompressAll300/AGKCD2204110O33RS79.jpg,"[[' 75W', '90YV0A75-M0NA00SNRFB']]"
9SIAGGGHSH7840,GIGABYTE GV-N1656D6-4GL GeForce GTX 1650 Video Card,GIGABYTE,,,183.86,$20.00 Shipping,https://c1.neweggimages.com/ProductImageCompressAll300/AGKCD2204110NX3T487.jpg,"[[' 7680 x 4320 @ 60 Hz', ' 1 x DisplayPort 1.4', ' 1 x Dual-link DVI-D', ' 2 x HDMI 2.0b', 'GV-N1656D6-4GLSNRFB']]"
9SIAGGGHSH7529,GIGABYTE GV-N710D3-2GL 1.0 GeForce GT 710 Video Card,GIGABYTE,,,139.99,$10.00 Shipping,https://c1.neweggimages.com/ProductImageCompressAll300/AGKCD2204110OBTUPD2.jpg,"[[' 954 MHz', ' 1 x Dual-Link DVI-D', ' 1 x HDMI', ' 5.70"" x 2.71""', 'GV-N710D3-2GL1.0SNRFB']]"
9SIAPMXJRN5027,ASUS DUAL-RTX3050-O8G Dual GeForce RTX 3050 Video Card,ASUS,,,319.96,0,https://c1.neweggimages.com/ProductImageCompressAll300/AGKCD2204110OVFYI9A.jpg,"[[' 7680 x 4320', ' 3 x DisplayPort 1.4a', ' 1 x HDMI 2.1', ' 7.87"" x 4.84""', 'DUAL-RTX3050-O8GSNRFB']]"
9SIAPMXJMG0179,MSI GeForce RTX 2070 SUPER DirectX 12 RTX 2070 SUPER GAMING X TRIO 8GB 256-Bit GDDR6 PCI Express 3.0 x16 HDCP Ready SLI Support Video Card,MSI,,,364.29,0,https://c1.neweggimages.com/ProductImageCompressAll300/ARA8S210405dFKX3.jpg,[['MSI GeForce RTX 2070 SUPER x']]
9SIADFRJMU1737,OEM Nvidia GTX 1650 4GB GDDR5 PCIe Video Graphics Card L34260-001,NVIDIA,5,1.0,119.99,0,https://c1.neweggimages.com/ProductImageCompressAll300/ADFRD2303081CPNJDAD.jpg,"[[' 1 x DisplayPort', ' 1 x DVI', ' 1 x HDMI', ' NVIDIA', 'L340260-001-R', '9SIADFRJMU1737']]"
9SIBF9VJNN9249,ASUS GeForce RTX 2080 Overclocked 8G GDDR6 Dual-Fan Edition VR Ready HDMI DP 1.4 USB Type-C Graphics Card DUAL-RTX2080-O8G--,ASUS,,,240.0,$45.00 Shipping,https://c1.neweggimages.com/ProductImageCompressAll300/BF9VS2303220JBZ6Z7A.jpg,"[[' 1515 MHz', ' 7680 x 4320', ' 3 x DisplayPort 1.4', ' 1 x HDMI 2.0b', 'dual2080O8G']]"
9SIBF9VJAF1727,"EVGA GeForce RTX 3080 XC3 ULTRA GAMING Video Card, 10G-P5-3885-KR, 10GB GDDR6X, iCX3 Cooling, ARGB LED, Metal Backplate",EVGA,4,1.0,490.0,$45.00 Shipping,https://c1.neweggimages.com/ProductImageCompressAll300/BF9VS2211010K6V9Y13.jpg,"[[' 7680 x 4320\n', ' 3 x DisplayPort 1.4a\n', ' 1 x HDMI 2.1\n', ' 11.23"" x 4.38""\n', '10G-P5-3885-KR']]"
9SIB601J9N4970,GeForce GTX 1660 SUPER  6GB Edition PINK GPU HDMI DP DVI Gaming Graphics Card,Mannajue,3,1.0,189.99,0,https://c1.neweggimages.com/ProductImageCompressAll300/B601S22102010LJ95CB.jpg,"[['PINK GPU', '9SIB601J9N4970']]"
9SIBF9VJZP0071,GIGABYTE Gaming GeForce RTX 3080 10GB GDDR6X PCI Express 4.0 ATX Video Card GV-N3080GAMING OC-10GD G20-R,GIGABYTE,5,3.0,550.0,$45.00 Shipping,https://c1.neweggimages.com/ProductImageCompressAll300/14-932-459-02.jpg,"[[' 1800 MHz', ' 7680 x 4320', ' 3 x DisplayPort 1.4a', ' 2 x HDMI 2.1', 'GV-N3080GAMING OC-10GD G20-R']]"
9SIAWFGJT46792,EVGA GeForce GTX 1070 Ti SC GAMING 08G-P4-5671-KR 8GB GDDR5 ACX 3.0 & Black Edition Double fan,EVGA,,,248.88,0,https://c1.neweggimages.com/ProductImageCompressAll300/APHAS210406fCnvh.jpg,"[[' 1607+ MHz', ' 7680 x 4320', ' 1 x DisplayPort 1.4', ' 1 x DVI', 'L189']]"
9SIAJF3ES90914,Sapphire 1003121GSR Radeon HD 6950 Graphic Card - 800 MHz Core - 1 GB GDDR5 - PCI Express 2.0 x16 - Dual Slot Space Required,Sapphire Tech,,,105.99,$19.99 Shipping,https://c1.neweggimages.com/ProductImageCompressAll300/ARA8S21032582fMI.jpg,"[[' 800 MHz', ' Yes', ' Yes', ' Yes', 'Radeon HD 6950']]"
9SIAJF3EM86961,Gigabyte GeForce GTX 750 2GB Low Profile GDDR5 GV-N750OC-2GL Video Card GPU,GIGABYTE,,,141.2,$19.99 Shipping,https://c1.neweggimages.com/ProductImageCompressAll300/ADFR_131734030323902520TCFqfET8Rp.jpg,"[[' NVIDIA', 'GV-N750OC-2GL-R', '9SIAJF3EM86961']]"
9SIAFVVJHX1053,MSI  GTX 970 Gaming 4GB GDDR5 GTX 970 GAMING 4G Video Graphic Card GPU,MSI,,,149.99,0,https://c1.neweggimages.com/ProductImageCompressAll300/A7U1_1_202002152107446575.jpg,"[[' 1 x DisplayPort', ' 1 x DVI', ' 1 x HDMI', ' NVIDIA', 'GTX 970 GAMING 4G-R']]"
9SIAJF3F0X2685,"EVGA GeForce GTX 1080 Ti FTW3 GAMING, 11G-P4-6696-KR, 11GB GDDR5X, iCX Technology - 9 Thermal Sensors & RGB LED G/P/M (OEM Edition)",EVGA,,,399.99,$19.99 Shipping,https://c1.neweggimages.com/ProductImageCompressAll300/APHAS210509oSPX1.jpg,"[['vb36', '9SIAJF3F0X2685']]"
9SIAZRPJKH1097,MSI GeForce GTX 1660 SUPER DirectX 12 GTX 1660 SUPER GAMING X 6GB 192-Bit GDDR6 PCI Express 3.0 x16 HDCP Ready Video Card NVIDIA Double Fans,MSI,5,2.0,157.91,0,https://c1.neweggimages.com/ProductImageCompressAll300/AGKCD2204110O2SYQEC.jpg,"[[' 7680 x 4320', ' 3 x DisplayPort 1.4', ' 1 x HDMI 2.0b', ' 9.72"" x 5.00""', '1660sxSNRFB']]"
9SIAPMXJPM3627,GIGABYTE Vision GeForce RTX 3060 Ti 8GB GDDR6 PCI Express 4.0 x16 ATX Video Card GV-N306TVISION OC-8GD G20-R,GIGABYTE,5,1.0,374.98,0,https://c1.neweggimages.com/ProductImageCompressAll300/14-932-569-08.jpg,"[[' 1755 MHz', ' 7680 x 4320', ' 2 x DisplayPort 1.4a', ' 2 x HDMI 2.1', 'GV-N306TVISION OC-8GD G20-R']]"
9SIAPMXJJW4359,GIGABYTE Vision OC GeForce RTX 3070 8GB GDDR6 PCI Express 4.0 x16 ATX Video Card GV-N3070VISION OC-8GD G20-R,GIGABYTE,5,2.0,419.98,0,https://c1.neweggimages.com/ProductImageCompressAll300/14-932-571-04.jpg,"[[' 1815 MHz', ' 7680 x 4320', ' 2 x DisplayPort 1.4a', ' 2 x HDMI 2.1', 'GV-N3070VISION OC-8GD G20-R']]"
9SIAWFGJT46786,"GIGABYTE GeForce GTX 1660 Ti OC 6G Graphics Card, 2 x WINDFORCE Fans, 6GB 192-Bit GDDR6, GV-N166TOC-6GD Video Card",GIGABYTE,5,1.0,159.91,0,https://c1.neweggimages.com/ProductImageCompressAll300/AGKCD2204110M81P2AB.jpg,"[[' 1800 MHz', ' 7680x4320@60Hz', ' 3 x DisplayPort 1.4', ' 1 x HDMI 2.0', 'GV-N16TOCSNRFB']]"
9SIAPMXJMC1545,MSI GeForce GTX 1060 3GB OC GDDR5 GTX 1060 3GT Video Graphics Card GPU,MSI,,,135.99,0,https://c1.neweggimages.com/ProductImageCompressAll300/ADFRS191213VFlNI.jpg,"[[' NVIDIA', ' NVIDIA GeForce GTX 10 Series', ' Double Fans', ' 120W', 'GTX 1060 3GT MR']]"
9SIAT8UJKM8463,GIGABYTE GeForce GTX 1660 SUPER 6GB GDDR6 PCI Express 3.0 x16 ATX Video Card GV-N166SGAMING-6GD,GIGABYTE,4.7,3.0,109.8,$49.99 Shipping,https://c1.neweggimages.com/ProductImageCompressAll300/14-932-362-V01.jpg,"[[' 1785 MHz', ' 7680 x 4320 @ 60 Hz', ' 3 x DisplayPort 1.4', ' 1 x HDMI 2.0b', 'GV-N166SGAMING-6GD']]"
1FT-001K-00DE0,"EVGA GeForce RTX 3060 XC GAMING, 12G-P5-3657-RX, 12GB GDDR6, Dual-Fan, Metal Backplate",EVGA,5,1.0,219.99,0,https://c1.neweggimages.com/ProductImageCompressAll300/1FT-001K-00DE0-01.jpg,"[[' 7680 x 4320', ' 3 x DisplayPort 1.4a', ' 1 x HDMI 2.1', ' 7.94"" x 4.33""', '12G-P5-3657-KR', '1FT-001K-00DE0']]"
9SIAPMXJSD6937,"MSI Suprim GeForce RTX 3080 10GB GDDR6X PCI Express 4.0 Video Card RTX 3080 SUPRIM X 10G 
(LHR)",MSI,5,1.0,529.98,0,https://c1.neweggimages.com/ProductImageCompressAll300/BF9VS2303200OPL5P40.jpg,"[[' 7680 x 4320\n', ' 3 x DisplayPort 1.4a\n', ' 1 x HDMI 2.1\n', ' 13.23"" x 5.51""\n', '--RTX 3080 SUPRIM X 10G']]"
9SIAPMXJMC1913,MSI GeForce GTX 1070 Ti 8GB GDDR5 PCI Express 3.0 x16 SLI Support Video Card GTX 1070 TI ARMOR 8G,MSI,5,4.0,154.64,0,https://c1.neweggimages.com/ProductImageCompressAll300/14-137-399-Z01.jpg,"[[' 1607 MHz', ' 3 x DisplayPort 1.4', ' 1 x DL-DVI-D', ' 1 x HDMI 2.0b', 'GTX 1070 TI ARMOR 8G']]"
9SIAPMXJXJ1459,ASUS GeForce GTX 1080 11GB Turbo Edition VR Ready 5K Gaming HDMI Graphics Card,ASUS,5,1.0,369.91,0,https://c1.neweggimages.com/ProductImageCompressAll300/A85V_1_201709221335216238.jpg,"[[' 1480 MHz', ' 7680 x 4320', ' 2 x DisplayPort 1.4', ' 2 x HDMI 2.0', 'TURBO-GTX1080TI-11G']]"
14-932-624,,GIGABYTE,,,1549.99,0,https://c1.neweggimages.com/ProductImageCompressAll300/14-932-555-25.jpg,"[['GV-N4090AORUS M-24GD G10-R', 'N82E16814932624']]"
9SIAPMXJJY0867,SAPPHIRE NITRO+ Radeon RX 5700 XT 8GB GDDR6 PCI Express 4.0 ATX Video Card 11293-03CPO,Sapphire Tech,4.2,5.0,235.82,0,https://c1.neweggimages.com/ProductImageCompressAll300/14-202-376-V01.jpg,"[[' 1770 MHz', ' HDMI: 4096 x 2160 @ 60 Hz\nDisplayPort1.4: 5120 x 2880 @ 60 Hz', ' 2 x DisplayPort 1.4', ' 2 x HDMI', '11293-03CPO']]"
9SIAPMXJJK9333,GIGABYTE GV-N1080TTOC-8GD GeForce GTX 1080 Turbo OC Video Card,GIGABYTE,5,1.0,293.0,0,https://c1.neweggimages.com/ProductImageCompressAll300/AGKCD2204110O25MDBD.jpg,"[[' 1657 MHz (OC Mode)/1632 MHz (Gaming Mode)', ' 7680 x 4320', ' 3 x DisplayPort 1.4', ' 1 x Dual-Link DVI-D', 'GV-N1080TTOC-8GDSNRFB']]"
9SIAPMXJJF5346,"GIGABYTE Gaming OC GeForce RTX 3070 8GB GDDR6 PCI Express 4.0 ATX Video Card, LHR GV-N3070GAMING OC-8GD G20-R",GIGABYTE,4.8,19.0,384.98,0,https://c1.neweggimages.com/ProductImageCompressAll300/14-932-538-V01.jpg,"[[' 1815 MHz', ' 7680 x 4320', ' 2 x DisplayPort 1.4a', ' 2 x HDMI 2.1', 'GV-N3070GAMING OC-8GD G20-R']]"
9SIADFRJZ64587,ASUS GeForce RTX 4090 TUF OC 24GB GDDR6X TUF-RTX4090-O24G-GAMING Video Graphic Card GPU,ASUS,,,1539.99,0,https://c1.neweggimages.com/ProductImageCompressAll300/ADFRD230616146IKC2A.jpg,"[[' 1 x DisplayPort', ' 1 x HDMI', ' NVIDIA', 'TUF-4090-O24G-GAM-R', '9SIADFRJZ64587']]"
9SIBF9VJJ77774,"EVGA GeForce RTX 3080 XC3 BLACK GAMING Video Card, 10G-P5-3881-KL, 10GB GDDR6X, iCX3 Cooling, ARGB LED, LHR",EVGA,,,490.0,$45.00 Shipping,https://c1.neweggimages.com/ProductImageCompressAll300/BF9VS2301280KC92VB3.jpg,"[[' 7680 x 4320\n', ' 3 x DisplayPort 1.4a', ' \t1 x HDMI 2.1', ' 11.23"" x 4.38""', '10G-P5-3881-KL']]"
9SIBF9VJ9S4777,GIGABYTE Gaming OC GeForce RTX 3060 Ti 8GB GDDR6 PCI Express 4.0 ATX Video Card GV-N306TGAMING OC-8GD REV 2.0 (LHR),GIGABYTE,5,1.0,285.0,$45.00 Shipping,https://c1.neweggimages.com/ProductImageCompressAll300/BF9VS2210230B5EWH7D.jpg,"[[' 1740 MHz', ' 7680 x 4320', ' 2 x DisplayPort 1.4a\n', ' 2 x HDMI 2.1', 'GV-N306TGAMING OC-8GD REV 2.0']]"
9SIBF9VJRT5712,MSI Ventus GeForce RTX 3080 Ti 12GB GDDR6X PCI Express 4.0 ATX Video Card -RTX 3080 Ti Ventus 3X 12G OC--,MSI,,,670.0,$65.00 Shipping,https://c1.neweggimages.com/ProductImageCompressAll300/BF9VS23041107FPX27F.jpg,"[[' 7680 x 4320', ' 3 x DisplayPort 1.4a', ' 1 x HDMI 2.1', ' 12.01"" x 4.72""', '-RTX 3080 Ti Ventus 3X']]"
9SIA4REJP39011,"XFX Radeon RX 580 8G Video Card,8GB 256-bit GDDR5,1×HDMI Interface, 3×DisplayPort Interface,1×DVI Interface",XFX,5,2.0,119.99,0,https://c1.neweggimages.com/ProductImageCompressAll300/A4RES2211030H5AR4B9.jpg,"[[' 1284 MHz', ' 4096 x 2160', ' 3 x DisplayPort', ' 1 x DVI', 'XFX Radeon RX 580 8G-RE']]"
9SIBF9VJZR1631,"ASUS GeForce RTX 2080 Ti 11G Turbo Edition GDDR6 HDMI DP 1.4 Type-C Graphics Card--
(TURBO-RTX2080TI -11GB)",ASUS,5,1.0,355.0,$45.00 Shipping,https://c1.neweggimages.com/ProductImageCompressAll300/BF9VS2303070HM4A3FF.jpg,[['(TURBO-RTX2080TI']]
9SIADFRJA05357,PNY GeForce GTX 1660 Super Dual Fan 6GB GDDR6 VCG16606SDFPPB1 Video Graphic Card GPU,"PNY Technologies, Inc.",5,1.0,219.99,0,https://c1.neweggimages.com/ProductImageCompressAll300/ADFRS22102801EAL73B.jpg,"[[' 1 x DisplayPort', ' 1 x DVI', ' 1 x HDMI', ' NVIDIA', 'VCG16606SDFPPB1-R', '9SIADFRJA05357']]"
9SIBF9VJZP0080,GIGABYTE AORUS GeForce RTX 3080 XTREME 10GB GDDR6X PCI Express 4.0 ATX Video Card GV-N3080AORUS X-10GD (rev. 2.0) (LHR),GIGABYTE,5,1.0,630.0,$45.00 Shipping,https://c1.neweggimages.com/ProductImageCompressAll300/APBWS2201250JF9NJ31.jpg,"[[' 7680 x 4320', ' 3 x DisplayPort 1.4a', ' 2 x HDMI 2.1, 1 x HDMI 2.0 (The middle HDMI output supports up to HDMI 2.0)', ' 12.56"" x 5.51""', 'GIGABYTE GV-N3080AORUS X-10GD 2.0']]"
9SIBF9VJMK3446,"ASRock Radeon RX 6800 XT Phantom 16G Gaming D Gaming Graphics Card with 16GB GDDR6, AMD RDNA 2 (RX6800XT PGD 16GO)",ASRock,,,420.0,$45.00 Shipping,https://c1.neweggimages.com/ProductImageCompressAll300/BF9VS2303030K0O87F7.jpg,"[[' 1875 MHz\n', ' 7680 x 4320\n', ' 3 x DisplayPort 1.4 with DSC\n', ' 1 x HDMI 2.1 VRR\n', '6800 XT Phantom 16G']]"
9SIAPMXJNM6417,GIGABYTE Vision OC GeForce RTX 3080 10GB GDDR6X PCI Express 4.0 ATX Video Card GV-N3080VISION OC-10GD (R. 2.0) LHR,GIGABYTE,,,599.98,0,https://c1.neweggimages.com/ProductImageCompressAll300/BF9VS2302170YQLM153.jpg,"[[' 2.7-slot\n', 'N3080VISION OC-10GD (R. 2.0']]"
9SIAPMXJMM7746,EVGA GeForce GTX 1070 8GB ACX 3 Black Edition LED GDDR5 Video Graphics Card GPU,EVGA,5,2.0,208.68,0,https://c1.neweggimages.com/ProductImageCompressAll300/ADFRS200327xMXWK.jpg,"[[' NVIDIA', ' NVIDIA GeForce GTX 10 Series', ' Yes', ' Double Fans', '08G-P4-5171-KR SR']]"
9SIBF9VK041197,GIGABYTE Gaming GeForce RTX 3090 24GB GDDR6X PCI Express 4.0 SLI Support ATX Video Card GV-N3090GAMING OC-24GD-R,GIGABYTE,5,1.0,875.0,$65.00 Shipping,https://c1.neweggimages.com/ProductImageCompressAll300/14-932-327-01.jpg,"[[' 1755 MHz', ' 7680 x 4320', ' 3 x DisplayPort 1.4a', ' 2 x HDMI 2.1', 'GV-N3090GAMING OC-24GD-R']]"
9SIBF9VJJS7930,"ASUS Turbo RTX 3070 8G Desktop Computer Independent Game Graphics Card, 8GB 256bit GDDR6,1 × HDMI Interface, 3 × DisplayPort Interface",ASUS,,,265.0,$45.00 Shipping,https://c1.neweggimages.com/ProductImageCompressAll300/BF9VS2302060EIJ02D4.jpg,"[[' 1725 MHz', ' 7680 x 4320', ' 3 x DisplayPort', ' 1 x HDMI', 'Turbo RTX 3070 8G-']]"
9SIAT8UK069310,SAPPHIRE Radeon PULSE RX 580 8GB GDDR5 DUAL HDMI / DUAL DP OC w/ backplate (UEFI) PCI-E Graphics Card,Sapphire Tech,5,1.0,127.99,0,https://c1.neweggimages.com/ProductImageCompressAll300/BBAES2212041EGI8X20.jpg,"[[' Double Fans', '11265-67CPO']]"
